0;	21;	5;	0,96;	nan;	nan;	nan;	nan;	nan;	nan;	nan;	nan;	nan;	nan;	nan;	nan;	nan;	nan;	nan;	nan;	nan;	nan;	nan;	nan;	nan;	100,0;	99,96;	99,9;	99,74;	99,28;	98,99;	98,33;	98,03;	97,56;	97,33;	97,15;	96,85;	96,53;	96,41;	95,87;	95,17;	94,02;	93,48;	92,67;	92,51;	91,59;	91,3;	91,12;	91,11;	90,11;	89,68;	89,23;	88,68;	86,98;	84,42;	83,02;	82,2;	81,16;	78,19;	74,9;	74,63;	73,94;	73,56;	72,93;	69,21;	66,79;	63,72;	62,41;	58,58;	56,49;	54,66;	53,91;	52,7;	50,72;	48,55;	45,25;	42,76;	40,48;	39,24;	37,78;	37,09;	36,86;	35,72;	34,14;	34,1;	29,72;	29,27;	25,8;	24,97;	20,9;	14,88;	14,45;	11,83;	11,48;	10,1;	5,43;	2,38;	0,0;	0,0;	0,0;	0,0;	0,0;	0,0;	0,0;	0,0
1;	-9;	5;	1,02;	97,93;	97,41;	97,07;	96,62;	96,51;	96,16;	95,51;	94,43;	92,9;	91,58;	91,1;	90,93;	90,92;	89,88;	89,86;	89,07;	88,36;	87,53;	87,37;	86,01;	83,89;	83,69;	82,68;	79,85;	77,64;	74,96;	74,74;	74,31;	72,9;	72,01;	71,02;	68,37;	64,74;	63,15;	58,06;	57,9;	54,87;	54,6;	54,11;	51,45;	50,22;	49,21;	41,83;	41,23;	39,98;	38,4;	36,66;	35,86;	32,61;	27,62;	22,04;	18,09;	15,66;	15,24;	14,26;	11,96;	9,85;	7,28;	3,25;	0;	0;	0;	0;	0;	0;	0;	0;	0;	0;	0;	0;	0;	0;	0;	0;	0;	0;	0;	0;	0;	0;	0;	0;	0;	0;	0;	0;	0;	0;	0;	0;	0;	0;	0;	0;	0;	0;	0;	0;	0;	0
2;	-10;	5;	1,02;	97,52;	96,89;	96,63;	95,81;	95,52;	95,29;	95,21;	94,91;	94,02;	93,85;	92,95;	92,26;	91,06;	88,09;	87,65;	84,39;	84,28;	83,97;	83,26;	81,78;	77,6;	76,67;	76,47;	73,85;	72,49;	71,84;	70,48;	70,14;	69,53;	67,36;	65,7;	64,11;	63,42;	61,7;	60,5;	59,75;	59,15;	56,98;	56,03;	54,44;	50,37;	49,04;	46,39;	37,54;	37,2;	36,19;	30,23;	28,8;	21,81;	18,21;	14,76;	13,59;	10,57;	7,74;	7,68;	3,81;	1,2;	0;	0;	0;	0;	0;	0;	0;	0;	0;	0;	0;	0;	0;	0;	0;	0;	0;	0;	0;	0;	0;	0;	0;	0;	0;	0;	0;	0;	0;	0;	0;	0;	0;	0;	0;	0;	0;	0;	0;	0;	0;	0;	0;	0
3;	-3;	5;	0,97;	99,6;	99,59;	99,53;	99,15;	99,01;	98,61;	98,16;	98,1;	97,53;	96,76;	95,85;	95,44;	94,97;	94,76;	94,18;	93,59;	92,6;	91,4;	91,2;	91,11;	90,75;	89,16;	88,42;	86,94;	85,86;	85,48;	83,94;	83,59;	83,42;	83,35;	82,02;	81,3;	79,6;	78,72;	77,55;	77,19;	76,62;	75,23;	74,5;	72,16;	70,28;	69,45;	68,82;	65,3;	61,85;	60,9;	60,53;	58,28;	55,82;	51,64;	47,38;	42,93;	40,3;	38,35;	33,85;	31,98;	31,25;	29,39;	24,3;	24,13;	22,34;	17,93;	16,46;	14,9;	13,96;	8,82;	7,71;	5,24;	3,9;	0;	0;	0;	0;	0;	0;	0;	0;	0;	0;	0;	0;	0;	0;	0;	0;	0;	0;	0;	0;	0;	0;	0;	0;	0;	0;	0;	0;	0;	0;	0;	0
4;	0;	5;	1,07;	100,0;	99,95;	99,91;	99,89;	99,57;	99,29;	99,05;	98,64;	98,49;	97,43;	97,01;	96,67;	96,61;	95,97;	95,88;	95,62;	94,63;	94,35;	93,27;	91,03;	90,6;	90,06;	88,78;	88,17;	88,09;	87,63;	87,32;	86,1;	84,27;	83,27;	82,29;	81,66;	79,96;	77,61;	77,6;	73,18;	70,8;	68,03;	62,27;	60,33;	59,26;	57,61;	56,31;	53,86;	52,04;	50,52;	50,23;	47,37;	44,25;	40,39;	39,33;	37,5;	35,83;	33,22;	30,62;	27,74;	23,55;	21,77;	17,65;	17,14;	14,26;	12,85;	12,09;	11,44;	9,3;	5,05;	3,09;	0;	0;	0;	0;	0;	0;	0;	0;	0;	0;	0;	0;	0;	0;	0;	0;	0;	0;	0;	0;	0;	0;	0;	0;	0;	0;	0;	0;	0;	0;	0;	0;	0;	0
5;	-12;	5;	1,03;	96,46;	96,17;	95,61;	94,55;	93,56;	92,93;	92,46;	91,56;	91,07;	89,85;	88,27;	87,12;	86,89;	85,07;	82,56;	81,52;	80,9;	80,06;	79,7;	78,96;	78,67;	77,85;	76,9;	75,35;	74,93;	71,38;	71,24;	71,11;	68,2;	65,27;	64,41;	62,87;	61,73;	60,93;	55,27;	51,99;	48,45;	48,27;	45,26;	43,18;	42,7;	39,58;	38,21;	37,88;	36,73;	34,49;	32,09;	30,08;	28,8;	28,41;	27,35;	24,03;	23,77;	23,66;	23,17;	16,95;	11,13;	5,64;	5,22;	4,91;	2,69;	2,43;	0,6;	0;	0;	0;	0;	0;	0;	0;	0;	0;	0;	0;	0;	0;	0;	0;	0;	0;	0;	0;	0;	0;	0;	0;	0;	0;	0;	0;	0;	0;	0;	0;	0;	0;	0;	0;	0;	0;	0
6;	5;	5;	0,89;	nan;	nan;	nan;	nan;	nan;	100,0;	99,94;	99,84;	99,72;	99,71;	99,67;	99,31;	99,04;	98,63;	98,12;	97,66;	97,65;	96,96;	96,19;	95,51;	94,55;	94,32;	94,13;	93,24;	92,84;	91,43;	90,74;	90,19;	88,05;	87,62;	86,15;	85,98;	84,18;	83,97;	83,13;	81,84;	81,74;	81,03;	79,56;	79,33;	78,31;	76,65;	76,17;	75,08;	73,75;	73,29;	71,63;	70,14;	67,73;	65,02;	63,3;	62,83;	62,54;	62,52;	62,18;	57,73;	56,55;	55,25;	52,32;	52,17;	52,05;	50,62;	49,3;	47,3;	43,06;	38,39;	36,63;	36,18;	35,94;	33,66;	32,38;	31,18;	27,21;	26,63;	26,54;	24,36;	18,78;	18,73;	17,91;	15,78;	12,79;	11,05;	5,9;	4,5;	1,03;	0,0;	0,0;	0,0;	0,0;	0,0;	0,0;	0,0;	0,0;	0,0;	0,0;	0,0;	0,0;	0,0;	0,0;	0,0;	0,0
7;	-4;	5;	0,93;	99,84;	99,76;	99,74;	99,7;	99,69;	99,67;	99,5;	99,3;	98,18;	97,4;	97,14;	96,84;	95,02;	94,81;	94,15;	93,07;	91,54;	90,91;	90,38;	90,24;	89,86;	89,56;	88,52;	85,64;	84,1;	82,97;	82,03;	81,87;	80,3;	78,02;	75,62;	73,63;	73,13;	71,61;	71,47;	66,69;	66,15;	64,9;	62,59;	60,71;	58,69;	56,43;	55,84;	51,72;	47,11;	46,26;	45,96;	44,86;	44,7;	43,33;	41,77;	38,87;	31,64;	31,48;	27,82;	26,35;	24,69;	24,41;	20,02;	18,6;	17,78;	15,69;	14,59;	12,93;	12,36;	11,01;	8,93;	8,8;	4,59;	3,48;	0;	0;	0;	0;	0;	0;	0;	0;	0;	0;	0;	0;	0;	0;	0;	0;	0;	0;	0;	0;	0;	0;	0;	0;	0;	0;	0;	0;	0;	0;	0
8;	0;	5;	0,98;	100,0;	99,92;	99,7;	99,47;	99,26;	98,74;	98,13;	97,99;	97,84;	97,61;	97,4;	97,36;	97,14;	96,95;	96,38;	95,52;	95,38;	94,3;	93,58;	93,42;	92,4;	92,39;	91,14;	90,36;	89,02;	88,73;	88,28;	87,5;	87,46;	87,1;	84,97;	83,78;	80,84;	79,92;	79,67;	77,52;	77,45;	74,9;	71,53;	69,22;	68,09;	65,67;	65,2;	64,29;	63,31;	62,71;	60,63;	59,89;	58,68;	58,08;	55,49;	53,15;	52,03;	49,9;	48,62;	45,11;	40,66;	37,96;	36,53;	35,51;	34,44;	30,3;	26,83;	23,91;	20,56;	19,84;	19,48;	11,25;	8,15;	7,17;	7,12;	2,84;	0;	0;	0;	0;	0;	0;	0;	0;	0;	0;	0;	0;	0;	0;	0;	0;	0;	0;	0;	0;	0;	0;	0;	0;	0;	0;	0;	0;	0
9;	-1;	5;	0,83;	100,0;	99,98;	99,97;	99,81;	99,65;	99,62;	99,5;	98,97;	98,65;	98,32;	97,98;	97,75;	96,93;	96,83;	96,75;	96,05;	94,65;	94,29;	92,93;	92,84;	92,13;	91,96;	91,15;	90,4;	89,7;	86,5;	86,27;	85,12;	83,56;	83,52;	82,06;	80,94;	78,32;	76,87;	76,45;	75,86;	72,62;	69,88;	68,43;	66,18;	65,59;	63,29;	60,96;	59,15;	56,64;	56,27;	55,54;	53,76;	50,76;	50,46;	49,2;	49,01;	45,87;	45,77;	44,12;	43,48;	40,99;	38,57;	37,95;	36,82;	32,61;	31,74;	31,69;	31,67;	30,09;	26,88;	24,96;	24,17;	22,82;	19,02;	17,67;	16,03;	14,68;	10,27;	8,48;	6,34;	2,96;	1,12;	0;	0;	0;	0;	0;	0;	0;	0;	0;	0;	0;	0;	0;	0;	0;	0;	0;	0;	0;	0;	0;	0;	0
10;	-4;	5;	1,02;	99,47;	99,2;	99,03;	98,63;	98,21;	98,05;	97,53;	96,65;	95,78;	95,08;	94,38;	93,96;	93,24;	93,08;	91,33;	91,14;	91,02;	90,78;	89,65;	89,2;	87,14;	85,85;	84,56;	82,84;	82,64;	82,41;	82,0;	81,3;	80,19;	77,83;	77,3;	75,99;	72,96;	71,77;	71,59;	70,27;	68,99;	67,72;	66,13;	65,91;	64,19;	63,27;	59,24;	57,65;	55,14;	54,13;	50,85;	50,55;	50,26;	49,87;	48,84;	46,93;	42,13;	39,09;	34,47;	31,4;	30,42;	23,59;	19,21;	17,19;	12,5;	8,91;	7,75;	4,9;	2,99;	1,34;	0;	0;	0;	0;	0;	0;	0;	0;	0;	0;	0;	0;	0;	0;	0;	0;	0;	0;	0;	0;	0;	0;	0;	0;	0;	0;	0;	0;	0;	0;	0;	0;	0;	0;	0
11;	5;	5;	0,93;	nan;	nan;	nan;	nan;	nan;	100,0;	100,0;	99,89;	99,63;	99,6;	99,32;	99,12;	98,75;	98,74;	98,05;	97,7;	97,21;	97,18;	96,25;	94,98;	93,9;	93,59;	93,0;	92,24;	91,63;	91,61;	91,55;	90,88;	90,56;	89,48;	89,44;	89,08;	88,27;	86,64;	84,46;	84,28;	81,53;	81,04;	78,84;	78,62;	76,33;	76,24;	75,66;	74,2;	74,11;	73,17;	71,21;	70,73;	69,11;	67,77;	65,72;	65,1;	63,99;	60,46;	58,41;	56,6;	56,15;	55,69;	54,27;	52,04;	50,2;	47,42;	45,09;	43,2;	41,66;	38,02;	33,7;	30,77;	27,7;	27,51;	25,48;	22,57;	17,98;	14,35;	11,77;	11,62;	9,95;	7,13;	6,71;	5,93;	4,99;	4,26;	2,56;	0,24;	0,0;	0,0;	0,0;	0,0;	0,0;	0,0;	0,0;	0,0;	0,0;	0,0;	0,0;	0,0;	0,0;	0,0;	0,0;	0,0;	0,0
12;	-12;	5;	0,93;	97,53;	97,48;	96,94;	96,68;	96,29;	95,43;	95,31;	93,99;	93,19;	93,0;	93,0;	92,08;	91,62;	90,61;	90,04;	89,66;	88,25;	87,42;	86,74;	85,39;	84,51;	84,38;	83,26;	83,03;	81,75;	81,4;	81,17;	78,76;	78,6;	77,44;	76,64;	74,63;	72,08;	71,3;	68,58;	66,29;	63,34;	60,83;	58,89;	57,97;	57,39;	55,78;	53,87;	48,86;	46,96;	45,5;	38,91;	36,47;	33,4;	32,03;	29,89;	23,43;	19,94;	18,21;	15,92;	12,34;	6,8;	5,95;	4,25;	3,53;	1,68;	1,01;	0;	0;	0;	0;	0;	0;	0;	0;	0;	0;	0;	0;	0;	0;	0;	0;	0;	0;	0;	0;	0;	0;	0;	0;	0;	0;	0;	0;	0;	0;	0;	0;	0;	0;	0;	0;	0;	0;	0
13;	-10;	5;	1,03;	97,94;	97,58;	97,24;	97,06;	95,9;	95,77;	95,46;	95,05;	93,16;	92,6;	91,73;	89,54;	89,46;	89,17;	88,69;	87,5;	86,7;	86,32;	85,48;	83,92;	82,3;	78,77;	77,42;	74,87;	74,48;	74,32;	72,3;	71,03;	69,78;	69,76;	64,95;	60,95;	59,88;	59,58;	59,37;	56,85;	55,97;	53,65;	52,91;	50,39;	48,37;	46,06;	45,86;	44,02;	40,58;	38,72;	35,52;	31,35;	28,87;	27,42;	27,1;	27,01;	26,3;	25,93;	18,36;	18,08;	15,04;	12,81;	10,38;	10,2;	9,26;	9,08;	4,62;	0,31;	0;	0;	0;	0;	0;	0;	0;	0;	0;	0;	0;	0;	0;	0;	0;	0;	0;	0;	0;	0;	0;	0;	0;	0;	0;	0;	0;	0;	0;	0;	0;	0;	0;	0;	0;	0;	0
14;	-9;	5;	1,01;	98,1;	97,96;	97,74;	97,61;	97,15;	96,79;	96,61;	96,12;	95,63;	95,46;	94,81;	93,86;	92,55;	91,34;	90,76;	90,19;	88,71;	87,31;	87,13;	86,61;	85,34;	83,44;	81,25;	80,59;	78,37;	77,22;	76,27;	75,2;	73,29;	72,89;	71,5;	67,33;	63,78;	61,54;	60,68;	59,35;	55,74;	54,64;	52,73;	51,69;	46,94;	43,54;	41,0;	35,34;	34,93;	27,57;	25,57;	24,94;	23,94;	21,96;	21,19;	19,66;	19,49;	16,47;	11,76;	5,31;	0;	0;	0;	0;	0;	0;	0;	0;	0;	0;	0;	0;	0;	0;	0;	0;	0;	0;	0;	0;	0;	0;	0;	0;	0;	0;	0;	0;	0;	0;	0;	0;	0;	0;	0;	0;	0;	0;	0;	0;	0;	0;	0;	0;	0
15;	0;	5;	0,96;	100,0;	99,9;	99,86;	99,71;	99,57;	99,15;	98,96;	98,82;	98,41;	97,66;	97,22;	96,87;	95,63;	95,42;	95,02;	93,64;	93,4;	92,37;	91,98;	91,21;	90,7;	89,95;	88,47;	88,42;	87,79;	86,96;	86,69;	86,34;	84,77;	84,03;	83,56;	82,3;	81,72;	77,95;	76,39;	75,0;	73,99;	71,34;	70,24;	69,2;	68,99;	65,77;	63,14;	61,13;	59,08;	58,87;	56,57;	56,55;	56,44;	53,14;	51,21;	50,87;	47,32;	45,32;	45,32;	44,03;	43,16;	42,42;	40,7;	35,96;	30,63;	30,15;	28,24;	25,44;	24,21;	22,75;	20,8;	17,3;	14,15;	11,48;	11,07;	6,94;	4,99;	0;	0;	0;	0;	0;	0;	0;	0;	0;	0;	0;	0;	0;	0;	0;	0;	0;	0;	0;	0;	0;	0;	0;	0;	0;	0;	0;	0
16;	0;	5;	1,02;	100,0;	99,98;	99,92;	99,71;	99,63;	99,58;	99,43;	99,34;	99,12;	98,89;	98,79;	98,25;	98,02;	97,33;	95,94;	94,86;	91,14;	88,57;	88,4;	86,85;	86,76;	86,38;	85,6;	84,84;	83,45;	82,97;	80,84;	79,85;	79,51;	79,11;	78,41;	76,86;	74,44;	72,4;	70,99;	67,72;	67,35;	66,31;	65,88;	64,74;	64,11;	63,22;	61,92;	60,6;	57,37;	56,66;	53,25;	52,65;	50,11;	47,91;	44,5;	41,46;	40,31;	37,56;	35,74;	35,09;	31,39;	26,62;	25,2;	23,74;	21,93;	19,13;	18,43;	13,58;	12,09;	9,07;	4,47;	4,38;	0;	0;	0;	0;	0;	0;	0;	0;	0;	0;	0;	0;	0;	0;	0;	0;	0;	0;	0;	0;	0;	0;	0;	0;	0;	0;	0;	0;	0;	0;	0;	0;	0
17;	13;	5;	1,02;	nan;	nan;	nan;	nan;	nan;	nan;	nan;	nan;	nan;	nan;	nan;	nan;	nan;	100,0;	99,98;	99,96;	99,69;	99,59;	99,48;	99,0;	98,47;	98,43;	97,49;	97,45;	96,42;	96,15;	96,05;	95,3;	94,7;	94,14;	92,08;	91,1;	90,7;	89,39;	87,68;	87,3;	86,63;	86,09;	83,27;	82,21;	81,86;	80,19;	77,88;	75,3;	72,75;	72,28;	71,6;	67,07;	65,39;	64,64;	62,2;	61,01;	60,34;	58,72;	58,43;	57,99;	57,81;	54,97;	52,89;	51,08;	49,07;	48,9;	47,0;	46,76;	45,79;	45,01;	40,99;	39,34;	38,91;	34,74;	32,46;	29,0;	26,09;	23,5;	19,28;	16,79;	16,33;	11,99;	7,69;	7,31;	4,74;	2,44;	2,29;	0,88;	0,0;	0,0;	0,0;	0,0;	0,0;	0,0;	0,0;	0,0;	0,0;	0,0;	0,0;	0,0;	0,0;	0,0;	0,0;	0,0;	0,0
18;	7;	5;	1,03;	nan;	nan;	nan;	nan;	nan;	nan;	nan;	100,0;	99,99;	99,95;	99,77;	99,62;	98,99;	98,89;	98,68;	98,52;	98,04;	96,75;	96,58;	95,99;	95,83;	95,27;	94,72;	94,14;	94,06;	93,85;	93,39;	92,32;	90,69;	90,49;	89,61;	87,99;	85,87;	82,97;	82,76;	81,73;	79,56;	77,1;	75,34;	74,4;	73,44;	72,4;	70,8;	70,77;	69,98;	68,97;	65,97;	64,4;	63,07;	61,91;	56,67;	52,37;	51,61;	50,15;	48,49;	46,68;	46,42;	44,83;	39,23;	37,41;	34,46;	33,69;	31,35;	27,43;	24,07;	21,91;	15,07;	8,87;	6,08;	5,67;	5,07;	0,54;	0,0;	0,0;	0,0;	0,0;	0,0;	0,0;	0,0;	0,0;	0,0;	0,0;	0,0;	0,0;	0,0;	0,0;	0,0;	0,0;	0,0;	0,0;	0,0;	0,0;	0,0;	0,0;	0,0;	0,0;	0,0;	0,0;	0,0;	0,0;	0,0
19;	-5;	5;	0,97;	99,34;	98,95;	98,91;	98,85;	98,64;	98,3;	98,18;	98,17;	97,35;	96,28;	96,18;	95,76;	95,61;	94,93;	94,65;	93,99;	92,68;	91,61;	90,32;	88,85;	87,08;	86,16;	84,13;	82,41;	80,65;	80,62;	80,06;	79,22;	78,63;	77,66;	77,1;	74,35;	73,22;	71,29;	67,11;	66,96;	65,9;	65,88;	62,51;	59,78;	55,7;	54,89;	53,23;	49,75;	45,93;	43,57;	41,22;	38,22;	36,38;	35,0;	32,68;	30,21;	27,62;	26,16;	19,97;	18,9;	17,44;	15,5;	14,46;	13,21;	11,51;	6,19;	1,83;	0;	0;	0;	0;	0;	0;	0;	0;	0;	0;	0;	0;	0;	0;	0;	0;	0;	0;	0;	0;	0;	0;	0;	0;	0;	0;	0;	0;	0;	0;	0;	0;	0;	0;	0;	0;	0;	0
20;	0;	5;	1,03;	100,0;	99,96;	99,73;	99,71;	99,69;	99,55;	99,2;	98,85;	98,76;	97,76;	97,49;	97,02;	96,82;	96,23;	95,73;	95,29;	93,28;	93,01;	91,23;	90,47;	90,03;	88,65;	88,11;	87,86;	85,15;	84,39;	82,41;	79,96;	79,59;	79,16;	74,99;	74,1;	73,54;	71,14;	70,33;	70,06;	68,44;	64,77;	59,05;	55,87;	54,7;	53,98;	53,89;	52,36;	49,01;	44,06;	42,0;	38,9;	35,06;	33,02;	32,96;	30,0;	28,18;	23,86;	22,3;	21,68;	14,29;	10,66;	10,48;	8,74;	5,31;	4,93;	4,87;	0;	0;	0;	0;	0;	0;	0;	0;	0;	0;	0;	0;	0;	0;	0;	0;	0;	0;	0;	0;	0;	0;	0;	0;	0;	0;	0;	0;	0;	0;	0;	0;	0;	0;	0;	0;	0;	0
21;	13;	5;	0,99;	nan;	nan;	nan;	nan;	nan;	nan;	nan;	nan;	nan;	nan;	nan;	nan;	nan;	100,0;	99,96;	99,84;	99,77;	99,7;	99,58;	99,1;	98,67;	98,44;	97,97;	97,66;	97,36;	96,31;	95,88;	94,86;	94,68;	94,04;	93,49;	92,01;	91,77;	91,08;	90,64;	90,5;	88,71;	88,52;	87,95;	86,48;	84,48;	83,92;	82,4;	80,33;	78,75;	77,91;	76,96;	74,61;	74,54;	74,22;	72,23;	68,67;	67,97;	67,87;	67,19;	64,36;	61,22;	58,71;	56,37;	55,89;	52,76;	51,98;	50,3;	49,65;	49,29;	46,97;	42,84;	41,54;	39,71;	38,6;	35,39;	31,31;	26,82;	25,86;	21,15;	14,96;	12,0;	11,19;	3,83;	2,41;	0,06;	0,0;	0,0;	0,0;	0,0;	0,0;	0,0;	0,0;	0,0;	0,0;	0,0;	0,0;	0,0;	0,0;	0,0;	0,0;	0,0;	0,0;	0,0;	0,0;	0,0
22;	-12;	5;	0,97;	96,89;	96,58;	96,38;	96,2;	95,57;	94,99;	94,76;	93,33;	92,4;	92,34;	91,41;	90,12;	88,66;	88,54;	87,64;	86,11;	85,72;	85,65;	84,73;	84,52;	83,7;	82,48;	81,56;	80,41;	77,9;	75,36;	74,43;	74,41;	72,21;	70,97;	69,36;	69,34;	68,53;	68,08;	66,9;	63,26;	61,92;	58,63;	56,36;	56,11;	54,99;	54,07;	52,76;	46,85;	46,64;	44,86;	44,1;	42,58;	39,33;	37,5;	35,13;	33,79;	32,86;	27,78;	25,15;	24,88;	20,58;	15,43;	13,96;	12,22;	7,28;	4,82;	4,39;	3,18;	0;	0;	0;	0;	0;	0;	0;	0;	0;	0;	0;	0;	0;	0;	0;	0;	0;	0;	0;	0;	0;	0;	0;	0;	0;	0;	0;	0;	0;	0;	0;	0;	0;	0;	0;	0;	0
23;	5;	5;	0,97;	nan;	nan;	nan;	nan;	nan;	100,0;	100,0;	99,97;	99,84;	99,47;	99,46;	99,25;	99,06;	98,41;	97,7;	97,5;	96,7;	95,87;	95,08;	94,6;	93,78;	92,3;	91,69;	90,58;	88,82;	87,01;	86,92;	86,4;	85,52;	85,15;	84,91;	84,81;	84,44;	83,12;	82,56;	80,49;	79,55;	79,54;	77,43;	77,07;	77,0;	75,54;	74,82;	74,48;	73,36;	70,94;	69,91;	68,8;	68,75;	68,6;	67,45;	66,01;	65,0;	64,88;	64,63;	62,04;	61,55;	61,35;	58,82;	58,54;	57,33;	52,34;	51,15;	49,86;	47,47;	40,98;	38,19;	35,32;	33,79;	33,34;	32,93;	28,69;	25,47;	22,28;	21,6;	19,49;	12,4;	11,72;	10,61;	10,44;	9,83;	9,5;	9,3;	3,77;	2,0;	0,0;	0,0;	0,0;	0,0;	0,0;	0,0;	0,0;	0,0;	0,0;	0,0;	0,0;	0,0;	0,0;	0,0;	0,0;	0,0
24;	6;	5;	0,95;	nan;	nan;	nan;	nan;	nan;	nan;	100,0;	99,96;	99,94;	99,93;	99,69;	99,27;	98,49;	98,06;	97,38;	96,94;	96,3;	95,91;	95,32;	95,32;	95,0;	94,43;	94,27;	93,49;	92,83;	91,79;	91,57;	90,96;	89,56;	89,42;	88,34;	88,1;	85,24;	84,75;	82,45;	81,94;	81,68;	80,63;	78,96;	78,36;	78,08;	75,62;	75,29;	71,0;	69,48;	68,84;	63,96;	59,65;	58,67;	55,26;	53,95;	52,35;	52,32;	50,6;	48,32;	46,73;	44,88;	42,13;	38,56;	36,44;	31,95;	30,11;	29,72;	28,88;	25,4;	19,15;	16,49;	13,49;	12,51;	11,05;	6,57;	5,55;	0,86;	0,0;	0,0;	0,0;	0,0;	0,0;	0,0;	0,0;	0,0;	0,0;	0,0;	0,0;	0,0;	0,0;	0,0;	0,0;	0,0;	0,0;	0,0;	0,0;	0,0;	0,0;	0,0;	0,0;	0,0;	0,0;	0,0;	0,0;	0,0
25;	3;	5;	1,01;	nan;	nan;	nan;	100,0;	100,0;	99,88;	99,87;	99,77;	99,72;	99,51;	99,12;	99,08;	98,51;	98,44;	97,72;	97,62;	97,06;	96,19;	94,99;	94,41;	93,16;	92,77;	91,7;	90,54;	89,86;	88,89;	87,99;	86,66;	84,64;	82,13;	81,31;	79,68;	78,78;	76,82;	75,63;	75,57;	75,13;	74,61;	73,83;	72,34;	72,27;	72,02;	71,01;	69,0;	67,16;	64,04;	60,85;	60,3;	59,22;	58,75;	55,83;	53,95;	52,94;	52,92;	51,97;	49,2;	48,33;	47,51;	41,01;	40,67;	38,82;	33,84;	31,97;	25,69;	22,33;	20,64;	19,72;	18,05;	15,11;	14,76;	12,48;	11,44;	10,71;	4,15;	0,0;	0,0;	0,0;	0,0;	0,0;	0,0;	0,0;	0,0;	0,0;	0,0;	0,0;	0,0;	0,0;	0,0;	0,0;	0,0;	0,0;	0,0;	0,0;	0,0;	0,0;	0,0;	0,0;	0,0;	0,0;	0,0;	0,0
26;	0;	5;	0,97;	100,0;	99,96;	99,85;	99,65;	99,62;	99,07;	98,99;	98,32;	97,64;	97,12;	96,5;	96,26;	95,96;	95,65;	94,93;	94,64;	92,86;	92,69;	92,55;	91,83;	90,66;	89,61;	89,35;	88,84;	88,04;	86,75;	85,67;	83,6;	83,56;	82,94;	81,27;	81,25;	80,6;	79,0;	77,66;	76,0;	75,01;	74,43;	72,46;	70,31;	68,66;	64,74;	61,53;	60,76;	60,17;	58,13;	56,56;	55,24;	47,6;	44,03;	41,12;	40,54;	40,44;	39,75;	36,78;	35,78;	33,87;	32,96;	32,32;	31,79;	27,94;	25,41;	24,9;	21,93;	21,91;	19,15;	17,31;	13,24;	8,38;	4,56;	3,5;	2,2;	0,41;	0;	0;	0;	0;	0;	0;	0;	0;	0;	0;	0;	0;	0;	0;	0;	0;	0;	0;	0;	0;	0;	0;	0;	0;	0;	0;	0;	0
27;	-5;	5;	0,97;	99,62;	99,27;	98,75;	98,72;	98,19;	98,14;	97,36;	97,1;	95,73;	95,06;	95,05;	94,09;	93,44;	93,35;	92,53;	92,26;	91,88;	91,86;	91,29;	90,96;	90,13;	89,94;	89,34;	85,24;	84,44;	83,71;	83,53;	83,22;	83,03;	81,86;	80,42;	80,39;	76,69;	73,71;	71,39;	69,85;	66,77;	65,6;	64,06;	61,65;	60,04;	56,95;	53,98;	53,4;	53,21;	49,02;	47,93;	46,46;	43,2;	41,9;	37,63;	35,7;	34,64;	33,88;	31,16;	30,37;	27,34;	25,4;	24,98;	23,32;	18,0;	17,84;	15,11;	14,7;	14,35;	12,17;	9,09;	7,01;	1,64;	1,21;	0;	0;	0;	0;	0;	0;	0;	0;	0;	0;	0;	0;	0;	0;	0;	0;	0;	0;	0;	0;	0;	0;	0;	0;	0;	0;	0;	0;	0;	0;	0
28;	4;	5;	0,94;	nan;	nan;	nan;	nan;	100,0;	99,95;	99,84;	99,79;	99,5;	99,25;	98,69;	98,68;	98,44;	97,97;	97,46;	96,8;	95,95;	95,62;	95,61;	94,64;	94,35;	93,9;	93,72;	92,81;	92,47;	92,36;	91,49;	90,01;	87,79;	87,0;	85,88;	85,17;	83,26;	80,8;	78,74;	78,07;	77,99;	74,57;	71,45;	68,49;	65,56;	64,29;	62,65;	61,44;	59,85;	58,56;	56,73;	56,44;	54,56;	53,2;	52,51;	49,97;	48,59;	47,01;	46,85;	45,97;	42,89;	39,36;	38,74;	33,45;	31,82;	29,42;	28,39;	28,21;	27,19;	22,48;	17,96;	17,11;	16,84;	15,94;	15,14;	13,43;	11,19;	10,31;	8,7;	3,57;	3,17;	0,04;	0,0;	0,0;	0,0;	0,0;	0,0;	0,0;	0,0;	0,0;	0,0;	0,0;	0,0;	0,0;	0,0;	0,0;	0,0;	0,0;	0,0;	0,0;	0,0;	0,0;	0,0;	0,0;	0,0
29;	8;	5;	0,96;	nan;	nan;	nan;	nan;	nan;	nan;	nan;	nan;	100,0;	99,94;	99,92;	99,78;	99,5;	99,26;	99,22;	99,19;	98,82;	98,62;	98,06;	96,68;	96,48;	96,34;	96,3;	95,88;	95,53;	94,39;	94,37;	92,77;	92,73;	92,38;	91,94;	90,9;	89,96;	89,78;	89,17;	89,09;	88,49;	87,64;	86,36;	86,18;	83,81;	82,58;	81,98;	81,93;	78,71;	78,69;	77,36;	75,09;	74,91;	71,71;	70,48;	69,5;	66,8;	60,4;	60,18;	59,55;	56,55;	56,31;	54,76;	54,3;	53,75;	53,22;	52,35;	50,33;	47,92;	47,52;	46,37;	39,91;	39,0;	35,64;	33,46;	28,78;	25,86;	23,55;	22,23;	19,69;	14,97;	12,74;	10,45;	5,59;	4,78;	3,37;	0,0;	0,0;	0,0;	0,0;	0,0;	0,0;	0,0;	0,0;	0,0;	0,0;	0,0;	0,0;	0,0;	0,0;	0,0;	0,0;	0,0;	0,0;	0,0
30;	21;	5;	0,97;	nan;	nan;	nan;	nan;	nan;	nan;	nan;	nan;	nan;	nan;	nan;	nan;	nan;	nan;	nan;	nan;	nan;	nan;	nan;	nan;	nan;	100,0;	99,99;	99,95;	99,71;	99,5;	99,04;	98,69;	98,44;	98,31;	97,9;	97,83;	97,52;	97,44;	96,45;	96,11;	95,75;	95,71;	95,63;	94,99;	93,6;	92,44;	92,41;	92,11;	91,52;	90,71;	89,77;	88,22;	86,9;	86,37;	86,15;	84,86;	83,46;	83,35;	83,11;	82,52;	79,33;	78,49;	78,22;	76,41;	73,81;	72,76;	72,34;	71,32;	70,25;	67,87;	64,43;	61,95;	61,73;	60,85;	59,48;	57,94;	57,76;	57,18;	55,49;	55,22;	54,51;	52,1;	51,11;	45,36;	42,5;	42,46;	40,45;	39,75;	36,82;	35,41;	35,09;	31,31;	30,6;	30,33;	24,32;	23,45;	17,3;	16,22;	14,92;	11,79;	11,49;	9,6;	7,85;	5,48;	4,2
31;	-4;	5;	1,04;	99,8;	99,69;	99,42;	99,13;	99,04;	98,56;	98,11;	97,68;	97,19;	96,41;	96,37;	95,81;	95,23;	93,99;	93,1;	92,5;	91,71;	90,65;	89,54;	87,65;	86,79;	85,24;	85,07;	82,61;	81,99;	81,21;	77,54;	77,03;	75,03;	74,49;	72,97;	72,64;	70,91;	68,75;	67,65;	66,55;	63,85;	62,05;	61,1;	59,41;	58,25;	57,64;	56,67;	55,5;	53,99;	53,31;	50,26;	47,37;	43,74;	39,16;	36,54;	31,49;	28,63;	24,7;	21,55;	18,42;	15,73;	12,79;	12,69;	8,31;	6,34;	4,99;	3,2;	3,11;	1,0;	0,16;	0;	0;	0;	0;	0;	0;	0;	0;	0;	0;	0;	0;	0;	0;	0;	0;	0;	0;	0;	0;	0;	0;	0;	0;	0;	0;	0;	0;	0;	0;	0;	0;	0;	0;	0
32;	-10;	5;	1,02;	98,33;	97,87;	97,3;	97,23;	95,93;	95,86;	95,65;	95,62;	94,92;	93,86;	92,5;	90,72;	89,92;	89,44;	88,94;	88,2;	87,41;	86,11;	85,78;	84,82;	83,57;	82,6;	79,78;	78,58;	76,6;	75,71;	74,92;	70,52;	69,4;	66,43;	65,93;	63,98;	61,44;	56,9;	56,14;	56,02;	54,07;	53,75;	51,55;	51,4;	46,73;	41,89;	39,82;	39,65;	37,07;	36,26;	30,67;	30,63;	28,96;	26,93;	21,47;	19,63;	18,78;	17,78;	15,14;	8,75;	6,42;	5,74;	5,46;	1,64;	0;	0;	0;	0;	0;	0;	0;	0;	0;	0;	0;	0;	0;	0;	0;	0;	0;	0;	0;	0;	0;	0;	0;	0;	0;	0;	0;	0;	0;	0;	0;	0;	0;	0;	0;	0;	0;	0;	0;	0;	0
33;	-14;	5;	1,01;	96,49;	96,42;	95,19;	94,79;	93,98;	92,15;	91,74;	91,51;	90,71;	88,3;	87,71;	87,15;	86,49;	84,99;	83,66;	80,71;	79,47;	78,29;	77,02;	76,31;	75,78;	74,57;	71,29;	69,74;	68,58;	66,47;	65,6;	64,0;	62,36;	62,05;	59,68;	59,26;	58,15;	57,96;	56,42;	55,7;	54,55;	51,17;	49,94;	45,18;	44,13;	42,79;	35,98;	34,67;	33,68;	31,22;	31,06;	27,98;	25,72;	22,14;	20,32;	19,13;	16,2;	11,64;	10,08;	6,24;	5,91;	2,52;	0;	0;	0;	0;	0;	0;	0;	0;	0;	0;	0;	0;	0;	0;	0;	0;	0;	0;	0;	0;	0;	0;	0;	0;	0;	0;	0;	0;	0;	0;	0;	0;	0;	0;	0;	0;	0;	0;	0;	0;	0;	0;	0
34;	-8;	5;	1,01;	99,15;	98,98;	98,88;	98,12;	97,75;	97,58;	97,35;	95,33;	95,0;	94,88;	94,47;	93,9;	93,41;	93,32;	92,83;	91,24;	90,07;	87,74;	87,29;	85,79;	83,38;	82,72;	80,31;	80,18;	79,11;	78,85;	76,59;	75,38;	72,78;	71,18;	70,06;	68,81;	68,33;	66,24;	64,0;	63,46;	59,62;	59,57;	59,45;	56,12;	55,99;	53,4;	48,29;	47,46;	46,8;	43,2;	40,55;	39,59;	36,47;	32,9;	28,56;	27,03;	27,03;	26,78;	23,5;	21,84;	20,98;	15,72;	8,6;	5,91;	2,71;	0;	0;	0;	0;	0;	0;	0;	0;	0;	0;	0;	0;	0;	0;	0;	0;	0;	0;	0;	0;	0;	0;	0;	0;	0;	0;	0;	0;	0;	0;	0;	0;	0;	0;	0;	0;	0;	0;	0;	0
35;	3;	5;	1,01;	nan;	nan;	nan;	100,0;	99,91;	99,78;	99,67;	99,6;	99,49;	98,74;	98,39;	97,96;	97,5;	97,38;	96,71;	96,55;	96,21;	95,85;	95,6;	95,04;	94,92;	94,83;	94,59;	92,66;	92,47;	91,21;	90,14;	89,84;	88,89;	87,24;	85,69;	85,53;	85,19;	84,24;	84,13;	83,72;	83,17;	82,25;	80,42;	78,31;	76,44;	75,57;	73,71;	70,76;	69,24;	67,98;	66,1;	64,76;	63,07;	61,13;	60,61;	57,97;	55,85;	55,71;	54,96;	54,01;	52,82;	51,54;	51,16;	50,12;	48,61;	47,4;	47,05;	44,46;	42,76;	37,57;	37,25;	31,24;	31,2;	29,67;	29,27;	24,45;	20,8;	18,67;	15,83;	12,36;	12,35;	7,91;	7,19;	6,03;	3,37;	0,0;	0,0;	0,0;	0,0;	0,0;	0,0;	0,0;	0,0;	0,0;	0,0;	0,0;	0,0;	0,0;	0,0;	0,0;	0,0;	0,0;	0,0;	0,0;	0,0
36;	20;	5;	1,03;	nan;	nan;	nan;	nan;	nan;	nan;	nan;	nan;	nan;	nan;	nan;	nan;	nan;	nan;	nan;	nan;	nan;	nan;	nan;	nan;	100,0;	99,95;	99,91;	99,87;	99,83;	99,7;	99,38;	99,05;	98,76;	98,74;	98,67;	98,27;	97,77;	97,22;	95,51;	94,16;	93,94;	93,44;	92,34;	91,69;	91,28;	90,47;	90,18;	88,88;	87,8;	86,76;	86,75;	86,4;	85,17;	83,79;	80,83;	77,96;	77,36;	76,42;	74,93;	74,43;	71,66;	69,71;	66,61;	64,56;	62,46;	62,24;	61,79;	57,53;	55,42;	52,71;	51,62;	51,61;	51,53;	49,45;	47,11;	45,87;	45,79;	45,0;	42,27;	40,67;	33,85;	32,52;	31,26;	31,12;	31,11;	27,4;	24,68;	24,23;	17,7;	15,92;	14,03;	11,4;	9,23;	7,59;	5,94;	2,24;	1,93;	0,04;	0,0;	0,0;	0,0;	0,0;	0,0;	0,0;	0,0
37;	-2;	5;	0,96;	99,97;	99,75;	99,33;	99,23;	99,13;	99,13;	99,08;	97,97;	97,66;	97,53;	96,47;	95,78;	95,54;	94,99;	94,69;	93,92;	93,55;	93,41;	93,17;	92,48;	89,16;	89,11;	87,85;	87,48;	86,42;	85,55;	85,45;	83,17;	82,19;	81,84;	80,33;	79,08;	78,51;	78,29;	77,64;	75,58;	74,5;	74,17;	71,55;	70,78;	66,64;	65,48;	61,09;	58,38;	58,26;	57,03;	55,1;	51,91;	50,86;	49,39;	46,3;	43,52;	43,1;	41,44;	37,01;	33,06;	32,24;	32,22;	28,53;	25,57;	20,57;	17,42;	16,16;	14,91;	14,49;	12,68;	5,32;	3,58;	2,01;	0,54;	0;	0;	0;	0;	0;	0;	0;	0;	0;	0;	0;	0;	0;	0;	0;	0;	0;	0;	0;	0;	0;	0;	0;	0;	0;	0;	0;	0;	0;	0;	0
38;	9;	5;	1,13;	nan;	nan;	nan;	nan;	nan;	nan;	nan;	nan;	nan;	100,0;	100,0;	99,91;	99,76;	99,62;	99,54;	99,2;	98,7;	98,69;	97,78;	97,32;	96,99;	96,77;	95,07;	94,67;	93,98;	92,6;	90,86;	87,81;	87,4;	86,9;	85,64;	85,27;	85,02;	84,18;	83,16;	81,77;	80,89;	80,86;	80,83;	79,69;	78,49;	77,21;	76,95;	76,74;	76,55;	75,94;	73,9;	72,99;	70,99;	67,83;	66,15;	63,62;	62,07;	58,87;	55,75;	53,2;	50,79;	50,18;	47,46;	45,87;	41,38;	36,94;	30,63;	30,18;	23,63;	16,59;	8,95;	7,8;	6,57;	0,44;	0,0;	0,0;	0,0;	0,0;	0,0;	0,0;	0,0;	0,0;	0,0;	0,0;	0,0;	0,0;	0,0;	0,0;	0,0;	0,0;	0,0;	0,0;	0,0;	0,0;	0,0;	0,0;	0,0;	0,0;	0,0;	0,0;	0,0;	0,0;	0,0;	0,0;	0,0
39;	0;	5;	0,94;	100,0;	100,0;	99,9;	99,69;	99,53;	99,48;	99,22;	99,05;	98,53;	98,18;	98,15;	97,3;	97,16;	96,55;	96,53;	95,97;	95,32;	94,54;	93,76;	93,18;	93,1;	92,19;	92,12;	91,5;	91,04;	90,89;	89,7;	89,09;	87,36;	85,92;	82,58;	81,4;	79,83;	79,42;	78,27;	76,8;	76,56;	74,32;	71,97;	71,93;	71,48;	70,88;	70,67;	66,52;	65,95;	65,95;	64,75;	60,8;	57,04;	53,75;	51,13;	47,94;	44,95;	41,85;	40,97;	40,18;	37,38;	33,87;	33,27;	31,0;	29,73;	27,45;	19,01;	18,62;	15,55;	10,39;	10,04;	6,81;	3,23;	0;	0;	0;	0;	0;	0;	0;	0;	0;	0;	0;	0;	0;	0;	0;	0;	0;	0;	0;	0;	0;	0;	0;	0;	0;	0;	0;	0;	0;	0;	0;	0
40;	-3;	5;	1,05;	99,83;	99,68;	99,33;	99,31;	98,96;	98,68;	97,85;	97,23;	96,95;	96,8;	96,26;	95,35;	94,07;	92,89;	92,42;	91,13;	90,72;	89,93;	88,27;	86,92;	85,0;	84,73;	83,87;	83,42;	82,07;	80,03;	79,0;	77,75;	77,36;	76,13;	73,93;	73,58;	71,61;	70,45;	70,25;	67,8;	67,07;	65,1;	62,93;	60,82;	54,96;	54,84;	50,81;	46,78;	46,51;	44,92;	39,53;	37,85;	33,33;	33,3;	31,13;	30,89;	28,58;	27,35;	27,1;	26,04;	23,36;	21,32;	21,2;	17,08;	15,83;	10,77;	5,58;	4,77;	3,2;	1,75;	1,62;	0,24;	0;	0;	0;	0;	0;	0;	0;	0;	0;	0;	0;	0;	0;	0;	0;	0;	0;	0;	0;	0;	0;	0;	0;	0;	0;	0;	0;	0;	0;	0;	0;	0;	0
41;	1;	5;	0,96;	nan;	100,0;	99,94;	99,91;	99,76;	99,41;	99,24;	99,15;	98,94;	98,73;	98,51;	98,43;	98,04;	97,55;	96,74;	96,65;	96,1;	95,28;	95,02;	93,95;	92,71;	91,59;	90,85;	90,39;	90,05;	88,65;	87,69;	86,64;	86,06;	83,89;	82,0;	78,48;	78,3;	78,0;	76,84;	74,52;	73,53;	72,67;	67,93;	65,36;	64,51;	64,11;	62,81;	61,94;	59,83;	59,34;	58,19;	53,6;	50,95;	49,24;	43,51;	38,0;	37,59;	35,03;	33,56;	30,58;	26,71;	22,01;	20,9;	18,88;	18,58;	17,35;	13,33;	13,28;	12,98;	9,8;	7,8;	6,15;	1,0;	0,0;	0,0;	0,0;	0,0;	0,0;	0,0;	0,0;	0,0;	0,0;	0,0;	0,0;	0,0;	0,0;	0,0;	0,0;	0,0;	0,0;	0,0;	0,0;	0,0;	0,0;	0,0;	0,0;	0,0;	0,0;	0,0;	0,0;	0,0;	0,0;	0,0;	0,0;	0,0
42;	-18;	5;	0,92;	93,53;	93,42;	93,33;	91,79;	90,88;	89,27;	88,42;	87,1;	86,14;	86,11;	85,58;	84,07;	83,34;	82,17;	81,02;	80,95;	79,44;	79,08;	78,8;	78,37;	76,98;	75,82;	75,28;	74,63;	72,66;	71,94;	68,31;	64,64;	63,56;	62,2;	61,79;	60,46;	58,87;	56,1;	55,63;	53,29;	51,19;	49,83;	48,48;	47,32;	44,87;	43,79;	42,55;	42,0;	41,56;	35,55;	34,8;	33,13;	31,59;	26,35;	25,69;	21,91;	18,63;	15,27;	9,38;	3,46;	1,27;	0;	0;	0;	0;	0;	0;	0;	0;	0;	0;	0;	0;	0;	0;	0;	0;	0;	0;	0;	0;	0;	0;	0;	0;	0;	0;	0;	0;	0;	0;	0;	0;	0;	0;	0;	0;	0;	0;	0;	0;	0;	0;	0;	0
43;	6;	5;	0,97;	nan;	nan;	nan;	nan;	nan;	nan;	100,0;	99,96;	99,93;	99,71;	99,71;	99,51;	99,24;	99,23;	99,01;	98,12;	97,85;	97,85;	97,47;	97,04;	96,66;	96,22;	95,82;	95,22;	95,06;	93,09;	92,51;	91,36;	89,29;	89,18;	86,16;	83,74;	83,69;	81,93;	81,34;	79,76;	79,26;	78,21;	77,36;	76,35;	75,23;	73,86;	72,17;	71,45;	69,75;	66,32;	65,77;	64,73;	63,94;	63,23;	61,85;	61,2;	60,19;	58,75;	56,49;	55,38;	54,25;	53,91;	53,47;	53,22;	50,38;	49,35;	46,83;	46,36;	46,31;	45,7;	42,03;	41,31;	40,55;	37,27;	35,61;	34,48;	30,36;	29,3;	28,76;	22,12;	18,14;	17,83;	12,66;	8,75;	8,13;	4,01;	0,0;	0,0;	0,0;	0,0;	0,0;	0,0;	0,0;	0,0;	0,0;	0,0;	0,0;	0,0;	0,0;	0,0;	0,0;	0,0;	0,0;	0,0;	0,0
44;	0;	5;	1,02;	100,0;	99,92;	99,86;	99,83;	99,66;	99,63;	98,86;	98,61;	98,25;	97,52;	97,24;	96,62;	96,11;	95,34;	95,18;	94,89;	93,74;	93,58;	93,02;	92,7;	92,1;	90,48;	89,62;	89,46;	87,76;	87,34;	86,83;	85,25;	83,79;	83,73;	83,05;	81,94;	80,63;	80,39;	78,37;	78,19;	78,12;	75,77;	74,48;	72,1;	71,68;	70,03;	68,89;	68,66;	68,57;	66,9;	64,6;	62,16;	57,41;	57,14;	56,63;	56,08;	56,04;	55,77;	54,57;	54,16;	53,91;	53,01;	50,73;	44,8;	38,36;	36,91;	33,8;	33,21;	31,95;	31,15;	26,19;	25,76;	21,97;	19,47;	19,08;	16,55;	14,4;	11,6;	5,92;	4,97;	3,36;	1,45;	0,2;	0;	0;	0;	0;	0;	0;	0;	0;	0;	0;	0;	0;	0;	0;	0;	0;	0;	0;	0;	0;	0;	0
45;	9;	5;	1,05;	nan;	nan;	nan;	nan;	nan;	nan;	nan;	nan;	nan;	100,0;	99,99;	99,92;	99,91;	99,85;	99,79;	99,75;	99,71;	99,25;	99,0;	98,35;	98,23;	97,98;	96,83;	95,91;	95,32;	94,95;	94,51;	93,82;	91,35;	90,44;	90,14;	89,79;	89,04;	88,45;	86,67;	85,65;	84,87;	84,52;	84,34;	83,77;	83,13;	82,96;	82,79;	82,38;	81,08;	77,79;	73,36;	71,06;	68,61;	67,93;	67,34;	63,22;	62,63;	60,95;	54,37;	53,79;	52,13;	50,23;	48,93;	47,33;	45,15;	42,71;	38,99;	38,85;	38,31;	37,3;	32,44;	29,44;	25,37;	21,72;	17,74;	16,38;	16,29;	15,27;	12,67;	8,08;	7,66;	6,0;	4,62;	4,48;	2,55;	0,0;	0,0;	0,0;	0,0;	0,0;	0,0;	0,0;	0,0;	0,0;	0,0;	0,0;	0,0;	0,0;	0,0;	0,0;	0,0;	0,0;	0,0;	0,0;	0,0
46;	-2;	5;	0,96;	99,9;	99,83;	99,65;	99,49;	99,33;	99,07;	98,34;	98,07;	97,41;	97,36;	97,29;	97,22;	96,18;	95,51;	94,58;	93,32;	92,17;	91,76;	90,64;	88,31;	87,96;	87,7;	87,51;	86,55;	85,63;	84,81;	84,11;	82,32;	81,91;	81,63;	80,71;	80,42;	78,26;	76,17;	75,98;	75,36;	74,12;	72,4;	71,78;	71,21;	69,97;	69,13;	64,66;	62,74;	62,18;	61,3;	54,25;	51,21;	50,06;	47,63;	41,74;	37,37;	36,44;	34,94;	32,28;	28,6;	26,63;	24,86;	23,69;	21,48;	19,08;	18,78;	17,23;	16,43;	14,82;	13,87;	8,15;	5,76;	3,18;	1,94;	1,52;	0,13;	0;	0;	0;	0;	0;	0;	0;	0;	0;	0;	0;	0;	0;	0;	0;	0;	0;	0;	0;	0;	0;	0;	0;	0;	0;	0;	0;	0;	0
47;	14;	5;	0,92;	nan;	nan;	nan;	nan;	nan;	nan;	nan;	nan;	nan;	nan;	nan;	nan;	nan;	nan;	100,0;	99,96;	99,89;	99,79;	99,63;	99,58;	99,34;	99,16;	98,98;	98,72;	98,39;	98,22;	97,84;	97,2;	96,63;	96,2;	96,06;	94,76;	94,06;	92,91;	91,44;	90,98;	90,38;	89,47;	89,16;	88,71;	87,17;	86,12;	84,96;	83,29;	81,95;	80,17;	80,07;	79,46;	76,75;	75,66;	74,48;	73,54;	71,04;	70,92;	70,64;	69,09;	67,9;	67,29;	66,77;	63,57;	60,87;	60,82;	59,89;	59,78;	59,25;	55,8;	53,16;	50,43;	49,63;	48,79;	47,33;	46,37;	46,16;	45,8;	42,83;	39,81;	39,47;	38,68;	38,12;	32,92;	27,23;	24,85;	21,86;	20,9;	15,29;	12,93;	10,25;	9,4;	4,54;	4,4;	2,14;	1,59;	0,61;	0,42;	0,0;	0,0;	0,0;	0,0;	0,0;	0,0;	0,0
48;	-7;	5;	1,03;	99,39;	99,25;	99,11;	98,91;	98,78;	98,36;	98,15;	97,95;	97,68;	96,12;	93,67;	93,37;	92,62;	92,16;	91,94;	91,85;	91,06;	90,69;	89,99;	89,18;	88,98;	86,22;	83,45;	82,88;	79,32;	78,73;	76,51;	74,05;	73,63;	72,48;	71,29;	70,15;	69,51;	68,58;	63,97;	61,94;	58,87;	57,95;	57,09;	54,4;	49,13;	48,71;	46,0;	45,8;	42,62;	40,27;	39,05;	37,3;	35,92;	34,13;	32,55;	30,25;	24,33;	20,21;	14,1;	12,08;	11,88;	3,94;	2,88;	0,41;	0;	0;	0;	0;	0;	0;	0;	0;	0;	0;	0;	0;	0;	0;	0;	0;	0;	0;	0;	0;	0;	0;	0;	0;	0;	0;	0;	0;	0;	0;	0;	0;	0;	0;	0;	0;	0;	0;	0;	0;	0
49;	-5;	5;	0,98;	99,26;	98,65;	98,25;	97,84;	97,18;	96,59;	96,18;	95,75;	95,09;	94,51;	93,62;	93,45;	92,16;	90,13;	90,08;	88,64;	87,94;	87,16;	86,65;	86,13;	85,24;	84,48;	81,63;	78,62;	77,42;	76,25;	75,75;	75,45;	73,16;	72,42;	71,04;	69,51;	68,96;	68,82;	67,61;	67,0;	64,9;	63,67;	60,34;	58,96;	57,72;	56,6;	52,83;	51,39;	51,19;	50,4;	44,45;	39,32;	38,04;	36,43;	34,55;	32,27;	32,05;	29,21;	24,65;	24,56;	20,83;	14,9;	12,03;	11,47;	9,81;	9,3;	5,3;	2,12;	0;	0;	0;	0;	0;	0;	0;	0;	0;	0;	0;	0;	0;	0;	0;	0;	0;	0;	0;	0;	0;	0;	0;	0;	0;	0;	0;	0;	0;	0;	0;	0;	0;	0;	0;	0;	0
50;	-3;	5;	1,01;	99,63;	99,08;	99,04;	98,57;	98,17;	98,12;	97,67;	97,06;	96,9;	96,89;	95,69;	95,53;	94,25;	93,91;	93,1;	91,73;	90,46;	90,05;	89,97;	88,98;	88,32;	87,61;	87,4;	87,18;	86,43;	86,04;	83,45;	81,59;	81,22;	79,94;	79,91;	79,34;	76,29;	76,09;	75,28;	71,31;	70,85;	70,65;	67,27;	67,06;	66,7;	65,3;	65,29;	64,73;	63,62;	60,62;	60,13;	56,5;	54,44;	54,19;	53,08;	51,33;	49,77;	47,13;	45,33;	41,69;	36,37;	35,4;	32,28;	25,55;	24,97;	24,12;	20,16;	18,47;	17,93;	14,1;	9,75;	8,95;	7,9;	4,81;	2,75;	1,03;	0;	0;	0;	0;	0;	0;	0;	0;	0;	0;	0;	0;	0;	0;	0;	0;	0;	0;	0;	0;	0;	0;	0;	0;	0;	0;	0;	0;	0
51;	-9;	5;	1,03;	97,7;	97,49;	97,41;	96,54;	95,46;	94,69;	93,73;	93,16;	92,94;	92,91;	91,55;	90,42;	89,3;	89,06;	86,66;	85,57;	85,36;	84,51;	81,94;	81,85;	81,51;	79,67;	78,05;	77,08;	74,17;	72,54;	72,0;	71,69;	70,81;	70,35;	69,7;	68,51;	65,66;	62,36;	60,37;	59,92;	54,66;	54,51;	49,21;	47,56;	45,92;	44,59;	42,96;	42,47;	39,01;	36,73;	35,01;	30,33;	27,81;	27,25;	25,3;	23,0;	20,41;	19,03;	16,86;	15,18;	12,99;	7,63;	7,0;	1,83;	0,18;	0;	0;	0;	0;	0;	0;	0;	0;	0;	0;	0;	0;	0;	0;	0;	0;	0;	0;	0;	0;	0;	0;	0;	0;	0;	0;	0;	0;	0;	0;	0;	0;	0;	0;	0;	0;	0;	0;	0;	0
52;	0;	5;	1,04;	100,0;	99,94;	99,79;	99,77;	99,57;	99,37;	98,8;	98,62;	98,36;	98,31;	97,87;	97,65;	97,31;	96,46;	96,01;	95,23;	93,27;	92,01;	90,64;	90,29;	90,2;	89,85;	88,71;	87,15;	85,34;	84,26;	83,12;	80,8;	80,33;	79,25;	75,43;	73,48;	73,03;	71,95;	71,3;	71,05;	68,37;	66,95;	65,09;	64,01;	58,85;	56,92;	55,83;	54,91;	51,22;	49,59;	46,38;	45,69;	41,96;	41,94;	41,49;	41,01;	40,45;	33,44;	31,01;	29,03;	27,68;	23,79;	23,16;	22,1;	20,49;	19,24;	14,97;	11,64;	3,67;	3,31;	0,2;	0;	0;	0;	0;	0;	0;	0;	0;	0;	0;	0;	0;	0;	0;	0;	0;	0;	0;	0;	0;	0;	0;	0;	0;	0;	0;	0;	0;	0;	0;	0;	0;	0;	0
53;	4;	5;	1,06;	nan;	nan;	nan;	nan;	100,0;	99,97;	99,74;	99,48;	99,37;	99,21;	98,69;	98,35;	98,2;	98,15;	97,69;	97,38;	96,76;	96,29;	96,25;	95,73;	94,44;	93,42;	93,38;	93,0;	92,78;	92,42;	91,97;	91,55;	90,28;	89,31;	87,82;	87,7;	86,87;	84,87;	84,58;	83,77;	81,35;	79,96;	78,34;	77,82;	76,8;	72,66;	71,29;	69,55;	68,22;	64,38;	62,63;	61,61;	59,87;	58,31;	57,06;	55,9;	52,67;	50,07;	48,97;	47,54;	45,81;	44,92;	43,17;	38,7;	36,94;	33,84;	33,64;	32,69;	31,65;	28,71;	26,21;	25,49;	25,38;	22,17;	20,0;	19,53;	17,9;	14,62;	13,17;	7,86;	3,43;	3,04;	2,36;	2,15;	0,0;	0,0;	0,0;	0,0;	0,0;	0,0;	0,0;	0,0;	0,0;	0,0;	0,0;	0,0;	0,0;	0,0;	0,0;	0,0;	0,0;	0,0;	0,0;	0,0;	0,0
54;	3;	5;	1,11;	nan;	nan;	nan;	100,0;	99,96;	99,95;	99,79;	99,78;	99,61;	99,24;	99,07;	98,07;	97,79;	97,03;	96,31;	96,0;	95,39;	95,17;	94,37;	93,32;	92,19;	91,76;	91,72;	89,89;	88,84;	88,39;	88,36;	88,11;	85,78;	83,17;	82,98;	81,64;	80,27;	80,18;	77,18;	74,15;	72,74;	70,36;	69,87;	69,17;	67,09;	66,61;	64,17;	59,61;	59,36;	59,18;	57,11;	55,22;	54,76;	50,47;	48,98;	45,55;	44,13;	43,3;	42,92;	40,81;	39,5;	37,55;	35,54;	34,55;	33,23;	30,6;	24,57;	23,72;	23,02;	22,98;	21,25;	18,01;	16,53;	16,23;	13,27;	5,94;	2,15;	0,0;	0,0;	0,0;	0,0;	0,0;	0,0;	0,0;	0,0;	0,0;	0,0;	0,0;	0,0;	0,0;	0,0;	0,0;	0,0;	0,0;	0,0;	0,0;	0,0;	0,0;	0,0;	0,0;	0,0;	0,0;	0,0;	0,0;	0,0
55;	23;	5;	0,99;	nan;	nan;	nan;	nan;	nan;	nan;	nan;	nan;	nan;	nan;	nan;	nan;	nan;	nan;	nan;	nan;	nan;	nan;	nan;	nan;	nan;	nan;	nan;	100,0;	99,97;	99,85;	99,8;	99,75;	99,68;	99,57;	99,01;	98,71;	98,65;	98,64;	98,27;	98,24;	98,14;	97,16;	96,88;	96,22;	96,02;	94,57;	94,52;	94,42;	93,01;	92,95;	92,94;	92,0;	91,42;	91,32;	89,14;	86,87;	84,71;	83,64;	83,5;	82,44;	81,32;	79,59;	78,5;	77,4;	75,88;	72,81;	69,65;	68,76;	66,85;	66,15;	65,27;	64,55;	63,82;	61,31;	60,92;	59,18;	58,78;	58,66;	58,09;	56,54;	50,68;	50,33;	48,79;	45,31;	44,08;	43,49;	36,28;	35,52;	30,08;	25,13;	23,17;	20,04;	16,27;	14,47;	8,21;	7,44;	3,44;	3,2;	0,0;	0,0;	0,0;	0,0;	0,0;	0,0;	0,0
56;	2;	5;	1,03;	nan;	nan;	100,0;	99,92;	99,83;	99,78;	99,59;	99,32;	99,31;	98,92;	98,62;	98,18;	97,61;	97,02;	95,76;	95,43;	95,25;	94,63;	94,47;	94,21;	92,39;	91,74;	91,58;	89,17;	88,9;	87,28;	86,17;	84,98;	84,17;	83,61;	83,3;	82,43;	80,93;	80,2;	78,83;	78,58;	76,34;	71,7;	68,82;	67,95;	65,78;	65,54;	64,17;	63,65;	59,06;	58,74;	58,06;	57,25;	55,99;	52,94;	50,83;	48,34;	45,61;	41,91;	41,52;	41,13;	39,48;	34,45;	33,44;	29,77;	26,83;	23,39;	22,7;	21,14;	17,33;	14,01;	11,94;	9,24;	6,65;	3,43;	2,31;	0,0;	0,0;	0,0;	0,0;	0,0;	0,0;	0,0;	0,0;	0,0;	0,0;	0,0;	0,0;	0,0;	0,0;	0,0;	0,0;	0,0;	0,0;	0,0;	0,0;	0,0;	0,0;	0,0;	0,0;	0,0;	0,0;	0,0;	0,0;	0,0;	0,0
57;	-11;	5;	1,01;	97,93;	97,76;	97,31;	96,76;	96,59;	95,74;	95,55;	95,01;	94,12;	93,71;	92,59;	92,49;	90,82;	90,81;	89,86;	89,73;	86,63;	86,26;	84,87;	84,65;	83,53;	82,47;	82,17;	80,91;	80,24;	78,56;	75,82;	71,16;	67,74;	62,0;	60,37;	59,75;	57,68;	56,66;	55,8;	52,9;	51,26;	47,4;	46,78;	45,38;	44,38;	43,7;	36,1;	34,78;	32,08;	27,55;	24,29;	23,87;	23,06;	21,7;	21,13;	21,1;	20,52;	19,54;	16,56;	14,98;	10,27;	5,53;	1,4;	0;	0;	0;	0;	0;	0;	0;	0;	0;	0;	0;	0;	0;	0;	0;	0;	0;	0;	0;	0;	0;	0;	0;	0;	0;	0;	0;	0;	0;	0;	0;	0;	0;	0;	0;	0;	0;	0;	0;	0;	0;	0
58;	-6;	5;	1,02;	99,58;	99,26;	99,0;	98,89;	98,23;	97,43;	97,4;	96,3;	95,57;	94,89;	92,34;	92,21;	92,07;	91,58;	91,0;	90,88;	90,54;	89,22;	89,18;	86,67;	86,55;	86,01;	83,49;	80,91;	80,74;	78,2;	75,19;	73,2;	72,21;	70,43;	70,3;	69,13;	67,38;	66,4;	63,52;	62,13;	60,41;	58,08;	57,19;	56,53;	56,46;	56,43;	56,11;	54,62;	52,8;	47,21;	42,61;	39,14;	38,19;	34,68;	33,15;	30,53;	28,66;	22,93;	19,69;	16,82;	11,9;	10,44;	9,11;	4,01;	2,03;	0,01;	0;	0;	0;	0;	0;	0;	0;	0;	0;	0;	0;	0;	0;	0;	0;	0;	0;	0;	0;	0;	0;	0;	0;	0;	0;	0;	0;	0;	0;	0;	0;	0;	0;	0;	0;	0;	0;	0;	0
59;	9;	5;	1,0;	nan;	nan;	nan;	nan;	nan;	nan;	nan;	nan;	nan;	100,0;	99,93;	99,77;	99,72;	99,47;	99,44;	99,36;	99,24;	98,98;	98,47;	98,45;	98,06;	98,06;	97,07;	95,45;	95,38;	95,37;	95,07;	94,69;	94,24;	94,0;	93,84;	93,25;	92,49;	90,36;	89,41;	88,95;	88,23;	88,18;	88,07;	85,72;	84,88;	83,69;	83,53;	81,37;	81,37;	80,73;	79,61;	78,86;	75,97;	73,33;	72,89;	70,22;	69,31;	68,23;	68,09;	66,57;	65,45;	62,41;	61,05;	56,44;	53,37;	52,99;	51,36;	48,53;	43,87;	40,38;	39,8;	38,93;	34,43;	29,51;	26,43;	23,97;	22,5;	22,37;	16,53;	10,81;	8,83;	8,75;	6,08;	5,23;	3,44;	3,43;	1,93;	0,49;	0,0;	0,0;	0,0;	0,0;	0,0;	0,0;	0,0;	0,0;	0,0;	0,0;	0,0;	0,0;	0,0;	0,0;	0,0;	0,0;	0,0
60;	-4;	5;	0,95;	99,7;	99,66;	99,18;	98,89;	98,67;	98,32;	97,98;	96,57;	95,67;	95,37;	94,79;	94,29;	94,17;	92,94;	92,42;	91,84;	91,68;	91,08;	90,56;	89,09;	88,48;	88,1;	87,83;	86,46;	85,52;	84,92;	84,87;	82,35;	81,5;	80,93;	80,46;	79,87;	77,86;	76,06;	72,18;	71,25;	69,15;	68,51;	68,4;	67,13;	65,75;	65,26;	61,58;	60,23;	57,57;	54,05;	50,9;	47,56;	45,93;	43,91;	43,08;	42,74;	41,95;	37,87;	37,25;	35,05;	35,01;	33,38;	25,95;	24,45;	23,28;	21,35;	20,9;	18,66;	8,75;	4,99;	3,48;	3,0;	1,85;	1,49;	1,22;	0;	0;	0;	0;	0;	0;	0;	0;	0;	0;	0;	0;	0;	0;	0;	0;	0;	0;	0;	0;	0;	0;	0;	0;	0;	0;	0;	0;	0;	0
61;	-5;	5;	0,95;	99,58;	99,4;	99,37;	98,55;	98,13;	97,31;	96,86;	96,46;	95,49;	94,98;	94,14;	92,51;	91,99;	90,91;	89,93;	88,5;	87,55;	86,9;	86,4;	86,15;	85,89;	84,4;	82,59;	81,47;	80,0;	78,91;	77,36;	76,42;	73,21;	72,36;	72,18;	69,18;	67,3;	65,41;	63,53;	62,39;	61,93;	61,84;	58,84;	55,42;	55,29;	54,55;	54,19;	51,64;	51,53;	49,05;	49,01;	47,76;	44,19;	42,62;	40,31;	38,73;	33,96;	33,69;	28,16;	26,11;	23,38;	19,71;	17,65;	16,87;	12,52;	10,0;	8,43;	5,63;	4,94;	4,73;	0;	0;	0;	0;	0;	0;	0;	0;	0;	0;	0;	0;	0;	0;	0;	0;	0;	0;	0;	0;	0;	0;	0;	0;	0;	0;	0;	0;	0;	0;	0;	0;	0;	0;	0
62;	-8;	5;	1,06;	98,18;	97,48;	97,44;	97,21;	97,14;	96,6;	95,24;	95,0;	94,51;	94,31;	93,97;	93,88;	91,12;	90,73;	90,1;	89,12;	86,74;	85,16;	85,08;	85,01;	84,01;	82,65;	82,49;	80,67;	80,29;	79,4;	77,17;	75,83;	73,1;	71,84;	69,08;	64,93;	64,78;	64,53;	62,4;	61,72;	60,47;	59,18;	58,15;	57,06;	52,34;	49,77;	48,75;	45,29;	44,23;	41,4;	34,83;	30,23;	27,31;	24,94;	23,95;	23,34;	22,73;	22,59;	22,0;	21,76;	19,02;	18,74;	13,67;	11,04;	5,75;	2,55;	1,8;	1,16;	0,85;	0;	0;	0;	0;	0;	0;	0;	0;	0;	0;	0;	0;	0;	0;	0;	0;	0;	0;	0;	0;	0;	0;	0;	0;	0;	0;	0;	0;	0;	0;	0;	0;	0;	0;	0;	0
63;	4;	5;	1,05;	nan;	nan;	nan;	nan;	100,0;	99,94;	99,92;	99,88;	99,78;	99,67;	99,34;	99,16;	98,74;	98,51;	98,18;	97,39;	96,98;	96,52;	96,17;	95,97;	95,31;	94,35;	94,01;	93,81;	93,61;	93,55;	93,34;	93,06;	92,82;	92,75;	91,92;	91,05;	90,37;	89,28;	87,55;	85,46;	85,09;	84,5;	82,96;	78,14;	77,27;	76,52;	74,01;	72,23;	70,65;	66,91;	66,09;	63,89;	63,04;	62,46;	60,25;	59,43;	56,12;	54,05;	53,33;	48,65;	47,33;	46,44;	43,92;	42,91;	37,82;	34,23;	27,3;	22,08;	17,41;	15,49;	11,4;	9,57;	9,16;	6,21;	4,15;	2,17;	1,7;	0,0;	0,0;	0,0;	0,0;	0,0;	0,0;	0,0;	0,0;	0,0;	0,0;	0,0;	0,0;	0,0;	0,0;	0,0;	0,0;	0,0;	0,0;	0,0;	0,0;	0,0;	0,0;	0,0;	0,0;	0,0;	0,0;	0,0;	0,0
64;	-4;	5;	0,97;	99,79;	99,62;	99,34;	99,25;	99,22;	98,73;	98,37;	98,06;	97,53;	96,92;	96,84;	96,0;	95,55;	94,83;	93,52;	93,37;	92,9;	92,26;	92,12;	92,06;	90,71;	89,54;	88,73;	85,76;	85,16;	84,22;	83,92;	81,65;	81,05;	79,03;	78,59;	77,75;	77,6;	76,53;	75,83;	75,02;	74,73;	74,52;	74,16;	72,54;	71,65;	71,25;	69,65;	64,64;	60,84;	60,3;	57,43;	56,49;	55,05;	53,53;	50,41;	50,02;	45,6;	41,7;	41,34;	38,3;	34,28;	32,58;	29,52;	27,01;	21,13;	18,66;	17,67;	15,78;	12,24;	10,97;	10,69;	8,36;	7,69;	3,83;	3,07;	2,6;	0,65;	0,36;	0;	0;	0;	0;	0;	0;	0;	0;	0;	0;	0;	0;	0;	0;	0;	0;	0;	0;	0;	0;	0;	0;	0;	0;	0;	0;	0
65;	1;	5;	0,94;	nan;	100,0;	99,99;	99,91;	99,64;	99,38;	99,31;	99,09;	99,05;	98,85;	98,72;	98,34;	97,83;	97,37;	96,45;	96,24;	96,01;	95,54;	95,48;	94,37;	94,16;	93,5;	91,61;	90,67;	89,86;	88,87;	88,46;	87,53;	87,21;	86,38;	86,18;	86,08;	84,72;	80,95;	80,48;	79,94;	79,6;	79,29;	75,09;	72,06;	68,86;	67,67;	67,63;	66,79;	63,63;	62,94;	61,22;	60,64;	59,5;	58,57;	57,19;	55,46;	52,34;	51,95;	50,59;	49,31;	48,74;	48,3;	47,46;	46,24;	44,66;	41,12;	40,8;	40,03;	39,62;	37,74;	32,34;	32,18;	27,92;	26,23;	26,12;	24,58;	22,01;	19,27;	16,37;	12,62;	7,8;	4,13;	0,0;	0,0;	0,0;	0,0;	0,0;	0,0;	0,0;	0,0;	0,0;	0,0;	0,0;	0,0;	0,0;	0,0;	0,0;	0,0;	0,0;	0,0;	0,0;	0,0;	0,0;	0,0;	0,0
66;	6;	5;	0,93;	nan;	nan;	nan;	nan;	nan;	nan;	100,0;	99,92;	99,88;	99,73;	99,69;	99,32;	98,9;	98,51;	98,25;	97,94;	97,2;	96,88;	95,95;	95,87;	95,49;	94,44;	94,28;	94,07;	93,39;	92,34;	91,88;	89,89;	88,16;	87,3;	86,04;	84,98;	83,21;	82,36;	82,04;	80,25;	79,93;	79,82;	79,04;	77,52;	76,25;	75,48;	74,04;	72,94;	70,62;	69,28;	69,27;	69,23;	68,49;	67,87;	67,38;	63,71;	63,65;	61,3;	59,02;	58,18;	56,42;	54,13;	52,47;	52,19;	49,77;	49,02;	47,04;	41,19;	40,7;	39,51;	38,15;	37,71;	33,84;	31,36;	29,83;	28,11;	25,6;	25,28;	25,0;	24,83;	22,88;	22,33;	15,52;	12,69;	9,98;	9,37;	6,58;	6,43;	2,05;	0,0;	0,0;	0,0;	0,0;	0,0;	0,0;	0,0;	0,0;	0,0;	0,0;	0,0;	0,0;	0,0;	0,0;	0,0;	0,0
67;	-2;	5;	0,98;	99,82;	99,52;	99,49;	99,27;	98,92;	98,59;	98,28;	98,2;	97,79;	97,73;	97,62;	96,91;	96,67;	94,82;	94,65;	93,69;	93,59;	92,95;	92,78;	91,34;	90,51;	89,23;	86,86;	85,0;	83,72;	82,56;	81,73;	80,95;	80,91;	80,04;	79,49;	77,86;	76,69;	75,9;	71,8;	71,23;	69,27;	65,75;	65,19;	64,92;	62,43;	60,62;	58,43;	57,36;	54,6;	54,44;	54,14;	53,75;	52,9;	51,09;	49,56;	48,85;	46,11;	42,8;	39,29;	37,88;	36,0;	33,07;	32,09;	31,73;	26,32;	25,86;	21,25;	13,47;	12,55;	9,19;	5,16;	1,03;	0,86;	0;	0;	0;	0;	0;	0;	0;	0;	0;	0;	0;	0;	0;	0;	0;	0;	0;	0;	0;	0;	0;	0;	0;	0;	0;	0;	0;	0;	0;	0;	0;	0
68;	-8;	5;	1,1;	98,27;	98,06;	97,48;	96,6;	95,87;	95,2;	94,05;	93,2;	92,05;	92,04;	91,68;	91,09;	90,76;	88,42;	87,58;	85,12;	84,89;	84,35;	83,66;	80,55;	78,71;	77,09;	75,34;	73,08;	72,73;	72,36;	70,51;	68,94;	67,85;	66,93;	63,48;	61,04;	57,91;	55,98;	54,14;	52,37;	50,89;	47,98;	46,43;	45,48;	45,29;	40,76;	39,92;	35,89;	33,07;	31,39;	28,97;	28,14;	27,09;	24,56;	18,92;	18,67;	13,93;	11,57;	8,5;	7,58;	6,29;	1,9;	1,77;	0,34;	0;	0;	0;	0;	0;	0;	0;	0;	0;	0;	0;	0;	0;	0;	0;	0;	0;	0;	0;	0;	0;	0;	0;	0;	0;	0;	0;	0;	0;	0;	0;	0;	0;	0;	0;	0;	0;	0;	0;	0;	0
69;	5;	5;	0,99;	nan;	nan;	nan;	nan;	nan;	100,0;	99,99;	99,97;	99,74;	99,7;	99,54;	99,44;	98,86;	98,82;	98,68;	98,55;	98,39;	97,97;	96,98;	95,33;	95,33;	94,32;	92,91;	92,24;	89,78;	89,74;	89,04;	87,45;	86,82;	85,99;	83,49;	83,28;	83,11;	82,87;	81,21;	78,9;	77,84;	76,22;	73,41;	71,0;	69,99;	68,01;	67,3;	66,41;	63,73;	62,75;	61,99;	61,95;	60,97;	58,53;	57,76;	56,69;	55,6;	54,53;	53,82;	51,15;	50,93;	44,31;	42,48;	42,41;	40,62;	39,02;	37,56;	35,51;	35,37;	34,19;	30,97;	27,83;	22,26;	17,27;	13,17;	10,12;	6,42;	4,12;	0,73;	0,0;	0,0;	0,0;	0,0;	0,0;	0,0;	0,0;	0,0;	0,0;	0,0;	0,0;	0,0;	0,0;	0,0;	0,0;	0,0;	0,0;	0,0;	0,0;	0,0;	0,0;	0,0;	0,0;	0,0;	0,0;	0,0
70;	2;	5;	1,04;	nan;	nan;	100,0;	99,89;	99,83;	99,62;	99,36;	98,95;	98,31;	98,31;	97,28;	96,69;	96,24;	96,19;	96,14;	94,89;	93,99;	93,88;	92,75;	91,55;	91,43;	91,28;	89,66;	87,2;	86,84;	86,28;	84,97;	84,75;	82,96;	81,75;	80,68;	79,01;	78,16;	77,68;	76,19;	73,38;	72,05;	70,14;	68,04;	67,32;	66,0;	65,93;	65,85;	64,48;	64,23;	61,15;	59,92;	56,93;	53,03;	50,14;	48,48;	47,55;	46,55;	43,41;	43,09;	42,77;	42,07;	40,87;	37,43;	36,49;	34,36;	29,75;	27,12;	27,09;	25,36;	20,81;	19,13;	15,19;	14,87;	8,35;	5,67;	3,28;	1,41;	0,0;	0,0;	0,0;	0,0;	0,0;	0,0;	0,0;	0,0;	0,0;	0,0;	0,0;	0,0;	0,0;	0,0;	0,0;	0,0;	0,0;	0,0;	0,0;	0,0;	0,0;	0,0;	0,0;	0,0;	0,0;	0,0;	0,0;	0,0
71;	17;	5;	0,96;	nan;	nan;	nan;	nan;	nan;	nan;	nan;	nan;	nan;	nan;	nan;	nan;	nan;	nan;	nan;	nan;	nan;	100,0;	99,99;	99,82;	99,72;	99,66;	99,57;	99,0;	98,86;	98,6;	98,29;	98,09;	98,05;	97,95;	97,56;	96,22;	95,9;	95,55;	95,41;	95,39;	93,71;	92,53;	91,18;	90,2;	89,14;	87,73;	86,33;	84,76;	84,18;	81,91;	81,04;	80,24;	79,37;	78,13;	77,77;	76,23;	75,17;	73,51;	72,06;	71,96;	70,86;	70,27;	70,15;	69,89;	69,45;	68,71;	67,51;	66,78;	66,07;	61,12;	58,72;	55,81;	55,04;	49,64;	48,72;	48,51;	46,17;	44,51;	42,65;	38,88;	38,73;	35,18;	34,41;	33,5;	31,66;	26,3;	23,64;	23,44;	23,22;	20,74;	18,88;	18,5;	15,17;	12,79;	10,54;	9,8;	8,53;	2,68;	0,24;	0,0;	0,0;	0,0;	0,0;	0,0;	0,0
72;	3;	5;	1,02;	nan;	nan;	nan;	100,0;	99,96;	99,89;	99,71;	99,36;	99,2;	98,9;	98,7;	98,52;	98,11;	97,82;	96,62;	96,31;	96,01;	95,04;	94,18;	94,12;	92,97;	91,95;	90,97;	90,35;	89,6;	86,94;	86,47;	86,09;	85,24;	84,72;	83,89;	82,99;	82,5;	82,09;	81,32;	79,85;	79,6;	77,92;	75,22;	74,1;	72,34;	70,29;	67,55;	67,38;	65,75;	64,14;	62,73;	61,57;	58,58;	57,56;	57,47;	55,84;	53,0;	48,74;	47,29;	45,81;	45,22;	43,76;	42,34;	39,27;	35,89;	34,14;	28,57;	23,7;	22,88;	22,37;	17,47;	15,73;	14,9;	12,04;	4,9;	0,3;	0,0;	0,0;	0,0;	0,0;	0,0;	0,0;	0,0;	0,0;	0,0;	0,0;	0,0;	0,0;	0,0;	0,0;	0,0;	0,0;	0,0;	0,0;	0,0;	0,0;	0,0;	0,0;	0,0;	0,0;	0,0;	0,0;	0,0;	0,0;	0,0
73;	1;	5;	0,98;	nan;	100,0;	99,98;	99,94;	99,87;	99,49;	99,35;	98,76;	98,7;	98,58;	98,25;	98,09;	97,59;	96,42;	96,21;	96,12;	95,31;	95,24;	95,12;	94,85;	94,16;	93,88;	93,04;	92,34;	91,8;	89,66;	89,13;	86,9;	85,66;	82,66;	80,17;	79,0;	78,77;	78,28;	76,88;	75,43;	73,88;	73,25;	70,97;	67,87;	65,77;	62,89;	61,87;	60,42;	56,53;	54,75;	53,14;	52,57;	51,14;	50,21;	49,97;	45,89;	44,66;	43,81;	38,25;	37,63;	37,5;	36,63;	35,66;	32,3;	29,67;	23,44;	21,16;	19,55;	17,17;	14,16;	12,3;	9,55;	7,27;	3,45;	0,7;	0,0;	0,0;	0,0;	0,0;	0,0;	0,0;	0,0;	0,0;	0,0;	0,0;	0,0;	0,0;	0,0;	0,0;	0,0;	0,0;	0,0;	0,0;	0,0;	0,0;	0,0;	0,0;	0,0;	0,0;	0,0;	0,0;	0,0;	0,0;	0,0;	0,0
74;	4;	5;	1,01;	nan;	nan;	nan;	nan;	100,0;	99,95;	99,88;	99,78;	99,74;	99,73;	99,35;	98,86;	98,64;	98,48;	98,3;	97,88;	97,57;	97,53;	96,56;	96,5;	96,3;	96,04;	95,12;	94,4;	92,85;	92,49;	90,86;	89,22;	88,9;	88,7;	87,82;	86,72;	86,53;	84,06;	81,92;	79,76;	77,02;	76,15;	72,34;	71,14;	70,85;	70,22;	69,2;	67,4;	67,39;	64,14;	61,0;	59,83;	57,92;	56,72;	54,54;	52,75;	50,4;	49,32;	48,4;	47,16;	42,63;	41,15;	39,13;	38,52;	35,91;	35,63;	35,41;	32,65;	32,06;	29,0;	27,97;	24,66;	18,65;	13,03;	12,18;	6,68;	4,47;	0,0;	0,0;	0,0;	0,0;	0,0;	0,0;	0,0;	0,0;	0,0;	0,0;	0,0;	0,0;	0,0;	0,0;	0,0;	0,0;	0,0;	0,0;	0,0;	0,0;	0,0;	0,0;	0,0;	0,0;	0,0;	0,0;	0,0;	0,0
75;	15;	5;	1,02;	nan;	nan;	nan;	nan;	nan;	nan;	nan;	nan;	nan;	nan;	nan;	nan;	nan;	nan;	nan;	100,0;	99,97;	99,94;	99,68;	99,29;	98,96;	98,95;	98,51;	98,37;	97,91;	97,89;	97,41;	97,04;	96,52;	96,17;	95,41;	95,24;	95,24;	94,79;	93,69;	93,03;	91,76;	89,83;	88,42;	86,75;	86,54;	85,65;	84,08;	83,4;	82,24;	81,61;	80,59;	79,61;	78,24;	76,99;	74,14;	71,78;	70,09;	68,84;	66,62;	64,31;	62,94;	62,8;	60,0;	58,87;	56,72;	56,19;	52,41;	52,32;	50,33;	49,13;	46,98;	44,83;	42,77;	40,86;	37,6;	36,47;	34,99;	29,68;	25,07;	22,75;	19,71;	14,28;	9,99;	7,01;	6,61;	5,76;	2,36;	1,1;	0,0;	0,0;	0,0;	0,0;	0,0;	0,0;	0,0;	0,0;	0,0;	0,0;	0,0;	0,0;	0,0;	0,0;	0,0;	0,0;	0,0
76;	-9;	5;	1,05;	97,72;	96,85;	96,37;	95,36;	94,61;	94,57;	92,93;	92,68;	91,24;	90,06;	89,86;	89,8;	89,37;	89,28;	88,69;	87,91;	87,42;	85,98;	85,89;	85,71;	85,65;	85,01;	83,87;	82,29;	82,01;	81,57;	80,67;	80,29;	78,21;	75,44;	74,43;	72,98;	70,97;	70,04;	69,47;	65,24;	62,53;	62,4;	60,63;	60,63;	59,34;	54,78;	53,76;	48,55;	47,69;	44,01;	43,49;	36,71;	35,03;	30,97;	29,62;	28,95;	27,93;	23,32;	22,13;	21,73;	20,91;	14,93;	11,26;	7,08;	2,01;	1,34;	0,29;	0;	0;	0;	0;	0;	0;	0;	0;	0;	0;	0;	0;	0;	0;	0;	0;	0;	0;	0;	0;	0;	0;	0;	0;	0;	0;	0;	0;	0;	0;	0;	0;	0;	0;	0;	0;	0;	0
77;	1;	5;	0,99;	nan;	100,0;	99,98;	99,92;	99,83;	99,52;	99,3;	98,97;	98,79;	98,49;	98,49;	98,03;	96,93;	96,5;	95,64;	95,47;	95,22;	95,05;	94,22;	92,74;	92,52;	91,45;	91,34;	91,31;	89,4;	88,44;	87,82;	86,21;	83,81;	83,57;	82,69;	81,78;	81,68;	80,15;	79,47;	78,68;	77,34;	77,32;	75,77;	74,24;	73,99;	73,25;	71,32;	70,77;	69,52;	65,49;	63,95;	63,19;	60,6;	58,72;	57,67;	57,25;	57,1;	55,94;	51,54;	48,49;	46,14;	44,18;	40,74;	38,07;	35,82;	35,82;	34,38;	25,7;	21,72;	17,4;	16,77;	16,25;	11,67;	10,72;	6,9;	6,61;	5,55;	2,49;	0,43;	0,0;	0,0;	0,0;	0,0;	0,0;	0,0;	0,0;	0,0;	0,0;	0,0;	0,0;	0,0;	0,0;	0,0;	0,0;	0,0;	0,0;	0,0;	0,0;	0,0;	0,0;	0,0;	0,0;	0,0;	0,0;	0,0
78;	12;	5;	1,0;	nan;	nan;	nan;	nan;	nan;	nan;	nan;	nan;	nan;	nan;	nan;	nan;	100,0;	99,99;	99,92;	99,72;	99,56;	99,5;	99,22;	99,0;	98,66;	98,47;	97,77;	97,46;	97,04;	96,73;	95,52;	95,41;	94,84;	94,28;	93,7;	93,01;	91,87;	91,26;	90,08;	89,87;	88,86;	88,23;	87,45;	86,89;	84,86;	83,49;	81,4;	80,22;	77,92;	77,48;	76,06;	74,81;	72,49;	71,69;	69,46;	67,28;	66,41;	66,24;	64,58;	63,88;	60,73;	59,56;	56,98;	54,32;	52,66;	49,61;	49,04;	46,05;	41,85;	40,04;	37,37;	34,74;	34,37;	31,14;	25,07;	24,02;	23,95;	20,39;	20,0;	19,92;	14,63;	12,82;	8,91;	3,62;	1,1;	0,0;	0,0;	0,0;	0,0;	0,0;	0,0;	0,0;	0,0;	0,0;	0,0;	0,0;	0,0;	0,0;	0,0;	0,0;	0,0;	0,0;	0,0;	0,0;	0,0
79;	-10;	5;	1,01;	98,86;	97,76;	97,67;	97,58;	97,26;	95,35;	93,71;	92,94;	92,87;	91,79;	88,83;	88,59;	86,8;	85,92;	83,8;	83,57;	82,38;	81,54;	79,9;	78,8;	77,57;	76,71;	74,89;	74,74;	74,23;	72,94;	69,9;	69,11;	68,95;	68,12;	63,9;	61,78;	59,95;	55,08;	53,93;	52,0;	47,35;	44,78;	43,22;	39,36;	36,42;	35,0;	32,58;	30,85;	28,8;	26,66;	25,19;	24,19;	23,14;	20,12;	18,38;	14,43;	12,46;	11,44;	9,7;	8,24;	4,37;	3,04;	2,12;	0;	0;	0;	0;	0;	0;	0;	0;	0;	0;	0;	0;	0;	0;	0;	0;	0;	0;	0;	0;	0;	0;	0;	0;	0;	0;	0;	0;	0;	0;	0;	0;	0;	0;	0;	0;	0;	0;	0;	0;	0;	0
80;	9;	5;	1,03;	nan;	nan;	nan;	nan;	nan;	nan;	nan;	nan;	nan;	100,0;	99,91;	99,78;	99,63;	99,53;	99,46;	99,44;	99,31;	99,11;	98,88;	98,66;	98,61;	98,5;	97,94;	97,78;	97,75;	96,2;	94,4;	94,26;	93,97;	93,76;	92,98;	91,63;	90,48;	88,58;	87,05;	86,32;	83,38;	82,55;	82,11;	80,81;	78,91;	78,44;	77,9;	77,1;	75,1;	73,33;	72,69;	71,92;	67,06;	65,11;	64,21;	63,21;	63,16;	61,26;	60,11;	57,41;	56,64;	55,75;	55,14;	51,43;	46,96;	44,55;	42,19;	36,45;	33,99;	31,97;	31,1;	28,94;	26,62;	21,24;	17,96;	16,13;	15,71;	14,61;	13,46;	9,24;	8,4;	5,07;	0,0;	0,0;	0,0;	0,0;	0,0;	0,0;	0,0;	0,0;	0,0;	0,0;	0,0;	0,0;	0,0;	0,0;	0,0;	0,0;	0,0;	0,0;	0,0;	0,0;	0,0;	0,0;	0,0
81;	-12;	5;	1,04;	96,6;	96,08;	94,61;	94,06;	93,75;	92,15;	91,98;	91,98;	91,49;	90,93;	88,67;	87,95;	87,67;	87,11;	86,29;	83,92;	82,31;	81,17;	80,91;	80,74;	78,72;	78,65;	77,62;	72,54;	70,0;	66,9;	66,81;	61,83;	60,11;	58,58;	56,97;	52,75;	48,7;	48,47;	47,6;	46,61;	44,72;	41,96;	40,5;	39,66;	34,74;	33,22;	31,0;	26,13;	24,24;	20,94;	17,13;	11,44;	10,31;	3,6;	0;	0;	0;	0;	0;	0;	0;	0;	0;	0;	0;	0;	0;	0;	0;	0;	0;	0;	0;	0;	0;	0;	0;	0;	0;	0;	0;	0;	0;	0;	0;	0;	0;	0;	0;	0;	0;	0;	0;	0;	0;	0;	0;	0;	0;	0;	0;	0;	0;	0;	0
82;	5;	5;	1,02;	nan;	nan;	nan;	nan;	nan;	100,0;	99,91;	99,84;	99,77;	99,72;	99,54;	99,49;	99,17;	98,94;	98,39;	97,66;	97,25;	96,68;	96,16;	95,77;	95,39;	95,33;	95,19;	94,92;	94,13;	92,6;	91,99;	90,89;	90,3;	89,43;	87,96;	86,89;	86,66;	85,43;	82,65;	81,74;	80,13;	75,5;	74,21;	74,04;	73,79;	73,26;	71,97;	70,79;	68,34;	62,82;	61,7;	58,82;	58,39;	56,58;	52,31;	50,03;	47,52;	47,12;	44,59;	43,85;	43,05;	42,96;	41,65;	39,24;	36,77;	33,4;	30,86;	30,14;	28,35;	26,77;	24,01;	18,89;	15,61;	14,49;	9,93;	8,59;	8,33;	5,98;	4,33;	3,0;	1,71;	0,0;	0,0;	0,0;	0,0;	0,0;	0,0;	0,0;	0,0;	0,0;	0,0;	0,0;	0,0;	0,0;	0,0;	0,0;	0,0;	0,0;	0,0;	0,0;	0,0;	0,0;	0,0;	0,0;	0,0
83;	-3;	5;	1,01;	99,91;	99,79;	99,71;	99,59;	99,19;	99,06;	98,09;	97,98;	96,55;	95,67;	95,47;	95,33;	95,16;	94,48;	94,27;	94,16;	94,05;	93,81;	92,26;	90,62;	90,12;	89,08;	87,9;	86,4;	85,73;	84,62;	84,6;	84,28;	83,9;	81,74;	81,27;	80,6;	79,13;	77,38;	77,31;	76,62;	74,9;	73,96;	69,94;	68,4;	65,49;	64,23;	62,91;	61,64;	58,81;	58,24;	55,01;	53,9;	51,97;	50,49;	50,11;	48,94;	47,36;	43,45;	41,01;	39,17;	38,96;	37,95;	37,45;	33,75;	29,98;	28,79;	26,16;	24,39;	24,25;	21,2;	16,87;	16,39;	14,5;	13,57;	12,1;	9,44;	7,02;	0;	0;	0;	0;	0;	0;	0;	0;	0;	0;	0;	0;	0;	0;	0;	0;	0;	0;	0;	0;	0;	0;	0;	0;	0;	0;	0;	0
84;	-11;	5;	1,01;	97,06;	96,75;	96,43;	95,87;	95,84;	95,12;	94,35;	94,04;	93,26;	92,5;	90,53;	89,49;	89,15;	85,34;	84,36;	83,62;	81,53;	81,51;	80,57;	79,69;	79,5;	79,21;	77,08;	74,89;	73,48;	71,32;	71,15;	70,24;	69,9;	67,94;	65,53;	59,25;	52,44;	50,34;	49,42;	48,13;	47,18;	46,94;	42,69;	40,74;	39,32;	38,84;	37,75;	37,29;	35,06;	29,07;	23,64;	21,49;	19,8;	17,38;	15,2;	14,75;	14,15;	9,64;	5,3;	4,89;	3,62;	0;	0;	0;	0;	0;	0;	0;	0;	0;	0;	0;	0;	0;	0;	0;	0;	0;	0;	0;	0;	0;	0;	0;	0;	0;	0;	0;	0;	0;	0;	0;	0;	0;	0;	0;	0;	0;	0;	0;	0;	0;	0;	0;	0
85;	4;	5;	1,05;	nan;	nan;	nan;	nan;	100,0;	99,95;	99,93;	99,87;	99,43;	99,26;	98,93;	98,56;	98,45;	98,3;	97,42;	96,4;	96,38;	95,7;	95,11;	95,08;	94,12;	93,45;	92,89;	91,03;	90,76;	89,53;	88,71;	87,83;	86,33;	85,3;	85,3;	84,39;	83,28;	82,09;	78,92;	78,86;	77,5;	76,6;	75,19;	73,14;	73,0;	71,73;	68,81;	66,27;	62,71;	62,66;	59,95;	59,06;	53,67;	53,61;	51,08;	48,11;	43,55;	39,87;	39,8;	39,29;	37,82;	35,08;	30,74;	28,75;	23,96;	15,54;	13,93;	11,99;	8,13;	3,89;	2,03;	0,0;	0,0;	0,0;	0,0;	0,0;	0,0;	0,0;	0,0;	0,0;	0,0;	0,0;	0,0;	0,0;	0,0;	0,0;	0,0;	0,0;	0,0;	0,0;	0,0;	0,0;	0,0;	0,0;	0,0;	0,0;	0,0;	0,0;	0,0;	0,0;	0,0;	0,0;	0,0;	0,0;	0,0
86;	14;	5;	1,0;	nan;	nan;	nan;	nan;	nan;	nan;	nan;	nan;	nan;	nan;	nan;	nan;	nan;	nan;	100,0;	99,88;	99,71;	99,47;	99,43;	99,17;	99,02;	98,76;	98,25;	98,1;	98,01;	97,79;	97,06;	95,66;	95,57;	95,31;	95,27;	94,92;	94,1;	93,46;	92,41;	91,95;	91,14;	90,76;	89,74;	89,41;	88,46;	82,82;	82,8;	82,43;	81,27;	80,39;	78,27;	76,77;	74,82;	72,52;	71,44;	70,42;	68,83;	68,17;	63,72;	63,08;	58,81;	56,49;	52,25;	49,85;	49,04;	44,52;	41,03;	38,8;	38,53;	35,92;	32,23;	31,13;	27,01;	25,94;	23,26;	20,66;	20,06;	18,25;	17,44;	16,25;	15,11;	12,19;	8,33;	4,15;	0,0;	0,0;	0,0;	0,0;	0,0;	0,0;	0,0;	0,0;	0,0;	0,0;	0,0;	0,0;	0,0;	0,0;	0,0;	0,0;	0,0;	0,0;	0,0;	0,0;	0,0
87;	0;	5;	1,0;	100,0;	99,92;	99,84;	99,82;	99,76;	99,38;	99,26;	98,76;	97,76;	97,68;	97,5;	97,12;	96,91;	96,62;	95,14;	94,73;	93,38;	93,14;	91,7;	91,2;	90,22;	88,52;	87,15;	86,71;	85,27;	83,79;	80,57;	78,73;	77,73;	76,57;	74,84;	74,04;	72,09;	70,24;	69,12;	65,8;	64,9;	61,07;	60,12;	56,73;	54,83;	54,82;	53,04;	48,7;	45,32;	40,23;	36,49;	35,63;	34,08;	33,81;	28,7;	25,67;	23,83;	21,18;	18,09;	17,58;	16,25;	13,29;	8,72;	7,85;	6,27;	0,1;	0;	0;	0;	0;	0;	0;	0;	0;	0;	0;	0;	0;	0;	0;	0;	0;	0;	0;	0;	0;	0;	0;	0;	0;	0;	0;	0;	0;	0;	0;	0;	0;	0;	0;	0;	0;	0;	0;	0
88;	6;	5;	1,03;	nan;	nan;	nan;	nan;	nan;	nan;	100,0;	99,95;	99,84;	99,8;	99,74;	99,66;	99,06;	98,96;	98,7;	98,36;	98,0;	97,55;	97,05;	96,82;	95,99;	95,72;	95,24;	94,18;	93,91;	93,46;	92,72;	91,11;	90,49;	89,3;	88,79;	88,16;	87,99;	85,45;	85,32;	83,62;	82,46;	80,72;	79,51;	78,83;	78,4;	75,76;	70,88;	70,7;	68,73;	68,16;	67,79;	67,64;	66,75;	65,96;	63,94;	63,66;	62,0;	57,85;	55,38;	53,17;	52,71;	51,9;	48,14;	45,02;	44,95;	41,65;	41,5;	38,55;	38,26;	32,87;	30,55;	28,34;	24,88;	21,61;	21,26;	20,49;	12,94;	10,8;	9,78;	8,96;	6,83;	6,3;	0,0;	0,0;	0,0;	0,0;	0,0;	0,0;	0,0;	0,0;	0,0;	0,0;	0,0;	0,0;	0,0;	0,0;	0,0;	0,0;	0,0;	0,0;	0,0;	0,0;	0,0;	0,0;	0,0
89;	-7;	5;	0,99;	98,96;	98,94;	98,47;	98,38;	98,3;	98,23;	97,85;	97,61;	97,56;	97,4;	96,91;	95,89;	93,85;	93,45;	92,21;	90,6;	90,23;	89,08;	88,99;	86,92;	84,55;	84,1;	82,82;	81,76;	80,95;	78,46;	76,88;	76,1;	75,72;	74,35;	73,5;	71,57;	70,53;	66,94;	66,08;	65,58;	65,02;	63,53;	60,94;	58,53;	56,84;	53,97;	53,43;	51,51;	51,18;	50,04;	45,92;	44,91;	44,89;	42,65;	42,31;	39,78;	39,28;	38,78;	33,45;	30,92;	30,36;	28,13;	25,56;	22,93;	21,72;	20,36;	20,2;	17,91;	17,82;	17,52;	10,34;	4,6;	2,04;	1,45;	0;	0;	0;	0;	0;	0;	0;	0;	0;	0;	0;	0;	0;	0;	0;	0;	0;	0;	0;	0;	0;	0;	0;	0;	0;	0;	0;	0;	0;	0;	0
90;	11;	5;	0,99;	nan;	nan;	nan;	nan;	nan;	nan;	nan;	nan;	nan;	nan;	nan;	100,0;	99,98;	99,83;	99,75;	99,69;	99,45;	99,11;	98,78;	98,23;	97,45;	96,78;	96,68;	96,45;	96,31;	95,87;	94,71;	93,0;	91,98;	91,1;	90,67;	89,63;	88,18;	86,93;	85,67;	84,98;	83,72;	82,75;	81,1;	79,69;	79,42;	79,35;	75,81;	74,65;	74,18;	71,59;	69,93;	68,64;	68,59;	64,43;	64,07;	62,54;	61,33;	60,58;	57,67;	57,33;	55,51;	53,08;	52,58;	50,72;	50,1;	48,9;	48,85;	47,9;	47,52;	43,78;	42,33;	41,32;	34,84;	31,44;	28,52;	28,24;	23,45;	21,36;	17,64;	16,26;	15,25;	14,0;	12,42;	9,44;	6,44;	3,99;	1,83;	0,9;	0,0;	0,0;	0,0;	0,0;	0,0;	0,0;	0,0;	0,0;	0,0;	0,0;	0,0;	0,0;	0,0;	0,0;	0,0;	0,0;	0,0
91;	0;	5;	0,97;	100,0;	99,99;	99,98;	99,86;	99,61;	99,42;	99,33;	99,08;	98,27;	98,23;	98,17;	97,89;	97,44;	97,42;	96,41;	96,25;	95,97;	95,36;	95,21;	94,74;	91,84;	91,72;	91,09;	89,88;	88,64;	88,19;	87,17;	86,55;	84,54;	84,31;	83,02;	82,31;	80,1;	78,13;	77,73;	74,37;	71,86;	70,59;	70,53;	70,11;	70,03;	67,84;	64,58;	64,4;	63,18;	60,28;	58,1;	57,44;	54,23;	53,08;	52,77;	47,88;	44,64;	43,49;	40,03;	35,15;	34,67;	34,45;	34,02;	33,06;	32,0;	27,42;	24,47;	24,18;	23,58;	19,73;	19,09;	18,84;	16,5;	15,12;	8,78;	8,44;	3,74;	0;	0;	0;	0;	0;	0;	0;	0;	0;	0;	0;	0;	0;	0;	0;	0;	0;	0;	0;	0;	0;	0;	0;	0;	0;	0;	0;	0
92;	-2;	5;	1,0;	99,83;	99,81;	99,47;	99,41;	99,38;	98,9;	98,73;	98,01;	97,94;	97,78;	97,26;	96,28;	95,79;	94,18;	93,06;	92,37;	91,61;	91,21;	90,76;	89,32;	88,61;	88,17;	88,09;	87,75;	86,85;	86,28;	86,13;	84,03;	83,27;	82,63;	81,29;	79,71;	78,26;	78,23;	76,36;	74,1;	71,45;	70,89;	70,08;	67,91;	65,78;	64,56;	62,35;	59,68;	58,48;	55,09;	50,2;	49,47;	47,79;	46,97;	44,83;	42,22;	39,28;	37,18;	35,8;	33,02;	32,12;	29,22;	26,83;	24,46;	24,2;	20,66;	18,66;	14,04;	11,13;	10,29;	5,41;	4,1;	4,04;	0;	0;	0;	0;	0;	0;	0;	0;	0;	0;	0;	0;	0;	0;	0;	0;	0;	0;	0;	0;	0;	0;	0;	0;	0;	0;	0;	0;	0;	0;	0;	0
93;	-6;	5;	1,03;	99,18;	98,74;	98,21;	97,91;	97,86;	97,17;	96,92;	96,27;	95,9;	95,05;	94,33;	93,39;	92,95;	92,83;	92,06;	91,47;	90,27;	89,55;	89,3;	88,73;	88,51;	88,37;	88,13;	86,59;	85,9;	84,32;	83,3;	82,62;	80,36;	79,46;	78,3;	77,9;	76,21;	74,4;	74,09;	69,06;	67,87;	66,59;	62,9;	60,56;	57,14;	53,66;	50,49;	49,24;	48,53;	48,37;	48,29;	43,46;	43,26;	41,52;	36,84;	34,29;	33,54;	28,28;	25,23;	23,64;	22,33;	20,15;	20,14;	19,84;	17,07;	14,4;	8,65;	4,99;	3,55;	0,2;	0;	0;	0;	0;	0;	0;	0;	0;	0;	0;	0;	0;	0;	0;	0;	0;	0;	0;	0;	0;	0;	0;	0;	0;	0;	0;	0;	0;	0;	0;	0;	0;	0;	0;	0
94;	-2;	5;	1,04;	99,97;	99,9;	99,66;	99,5;	99,03;	98,55;	98,32;	97,91;	97,65;	97,16;	96,62;	96,24;	95,97;	95,64;	95,53;	95,26;	94,07;	92,77;	92,43;	91,63;	91,0;	90,74;	90,61;	89,47;	88,99;	88,32;	88,19;	87,1;	86,79;	86,62;	86,42;	85,07;	82,22;	79,84;	77,54;	76,31;	75,78;	73,44;	72,79;	69,82;	68,2;	67,16;	66,29;	66,21;	62,01;	61,6;	61,44;	60,28;	57,89;	54,98;	53,3;	48,91;	47,56;	46,24;	39,78;	38,79;	37,0;	35,62;	34,97;	34,2;	32,43;	29,06;	28,49;	24,62;	21,13;	17,86;	14,44;	14,15;	8,13;	0,49;	0;	0;	0;	0;	0;	0;	0;	0;	0;	0;	0;	0;	0;	0;	0;	0;	0;	0;	0;	0;	0;	0;	0;	0;	0;	0;	0;	0;	0;	0;	0
95;	0;	5;	0,91;	100,0;	99,99;	99,93;	99,77;	99,7;	99,25;	99,15;	98,59;	98,29;	97,95;	97,69;	97,13;	96,84;	96,14;	95,83;	95,6;	95,27;	94,52;	93,95;	92,8;	91,88;	91,2;	90,97;	90,33;	89,53;	89,19;	88,11;	87,33;	86,98;	85,28;	84,24;	83,09;	82,18;	81,83;	81,74;	80,31;	79,72;	77,68;	75,73;	74,49;	73,3;	71,74;	70,15;	70,09;	66,68;	63,86;	63,65;	62,97;	61,99;	57,89;	54,58;	52,72;	51,06;	49,2;	48,04;	44,36;	42,12;	39,93;	39,0;	36,71;	35,04;	30,11;	27,61;	26,09;	22,38;	19,16;	17,44;	16,25;	14,52;	12,75;	11,73;	11,05;	10,27;	9,97;	9,78;	3,56;	0;	0;	0;	0;	0;	0;	0;	0;	0;	0;	0;	0;	0;	0;	0;	0;	0;	0;	0;	0;	0;	0;	0;	0;	0
96;	-7;	5;	1,08;	98,59;	98,34;	97,9;	97,67;	97,37;	97,33;	96,8;	96,62;	94,73;	93,98;	93,19;	92,36;	91,09;	90,8;	90,39;	89,94;	89,77;	88,46;	85,9;	82,63;	80,45;	79,69;	79,61;	79,37;	76,71;	74,74;	72,72;	72,52;	68,09;	66,77;	65,01;	61,95;	61,7;	61,58;	58,78;	57,7;	55,71;	54,95;	47,56;	45,72;	41,61;	41,5;	36,78;	36,06;	33,98;	30,94;	24,5;	21,62;	16,35;	10,36;	9,36;	8,27;	7,6;	5,05;	3,65;	1,22;	0;	0;	0;	0;	0;	0;	0;	0;	0;	0;	0;	0;	0;	0;	0;	0;	0;	0;	0;	0;	0;	0;	0;	0;	0;	0;	0;	0;	0;	0;	0;	0;	0;	0;	0;	0;	0;	0;	0;	0;	0;	0;	0;	0;	0
97;	0;	5;	1,08;	100,0;	99,98;	99,87;	99,56;	99,38;	99,38;	99,25;	98,58;	98,56;	98,11;	97,79;	97,71;	97,04;	95,97;	95,19;	94,41;	93,99;	93,79;	92,95;	92,62;	92,19;	90,68;	90,5;	90,35;	89,78;	89,46;	87,83;	87,54;	86,83;	84,26;	81,42;	78,13;	74,13;	72,15;	71,44;	70,7;	68,51;	66,99;	62,45;	61,53;	60,62;	59,48;	58,72;	57,97;	55,17;	54,87;	54,67;	48,51;	47,81;	45,97;	44,11;	42,71;	41,92;	39,69;	37,78;	35,48;	33,93;	31,21;	30,67;	30,06;	21,99;	19,61;	17,21;	15,75;	15,62;	11,06;	7,54;	3,73;	1,59;	0,16;	0;	0;	0;	0;	0;	0;	0;	0;	0;	0;	0;	0;	0;	0;	0;	0;	0;	0;	0;	0;	0;	0;	0;	0;	0;	0;	0;	0;	0;	0;	0
98;	-13;	5;	1,01;	97,07;	96,09;	94,63;	93,49;	93,26;	92,49;	92,3;	92,28;	91,4;	90,53;	90,46;	89,18;	87,93;	84,63;	83,1;	82,46;	81,35;	80,44;	77,74;	77,7;	73,78;	72,68;	71,05;	69,25;	66,94;	65,68;	65,34;	63,32;	62,61;	58,49;	56,16;	53,36;	51,42;	51,33;	50,01;	45,2;	43,7;	42,83;	41,1;	40,12;	38,41;	35,64;	33,98;	29,05;	26,78;	19,59;	18,31;	18,21;	16,41;	14,6;	14,09;	10,71;	10,55;	8,85;	6,0;	3,22;	2,63;	0;	0;	0;	0;	0;	0;	0;	0;	0;	0;	0;	0;	0;	0;	0;	0;	0;	0;	0;	0;	0;	0;	0;	0;	0;	0;	0;	0;	0;	0;	0;	0;	0;	0;	0;	0;	0;	0;	0;	0;	0;	0;	0;	0
99;	-7;	5;	1,06;	99,15;	99,05;	98,69;	98,54;	98,02;	97,97;	97,17;	96,36;	95,2;	94,98;	94,69;	93,92;	92,88;	91,99;	89,86;	88,79;	87,79;	85,81;	84,7;	82,57;	80,98;	80,26;	78,09;	76,2;	73,96;	73,61;	72,91;	69,22;	68,07;	66,16;	66,07;	64,52;	63,64;	60,72;	59,07;	57,1;	57,07;	53,27;	53,14;	51,36;	48,68;	45,32;	41,41;	39,29;	36,43;	35,28;	35,1;	32,86;	32,69;	31,96;	25,44;	25,17;	24,41;	23,62;	23,52;	22,92;	20,33;	19,09;	16,33;	11,4;	10,23;	10,05;	9,91;	3,76;	1,82;	0;	0;	0;	0;	0;	0;	0;	0;	0;	0;	0;	0;	0;	0;	0;	0;	0;	0;	0;	0;	0;	0;	0;	0;	0;	0;	0;	0;	0;	0;	0;	0;	0;	0;	0;	0
