0;	-25;	6;	0,89;	76,81;	73,38;	65,87;	63,08;	63,08;	59,65;	57,79;	57,75;	56,44;	49,94;	49,37;	45,17;	44,71;	40,05;	32,2;	25,71;	24,3;	21,79;	18,06;	17,12;	12,78;	12,1;	10,36;	7,52;	4,03;	0;	0;	0;	0;	0;	0;	0;	0;	0;	0;	0;	0;	0;	0;	0;	0;	0;	0;	0;	0;	0;	0;	0;	0;	0;	0;	0;	0;	0;	0;	0;	0;	0;	0;	0;	0;	0;	0;	0;	0;	0;	0;	0;	0;	0;	0;	0;	0;	0;	0;	0;	0;	0;	0;	0;	0;	0;	0;	0;	0;	0;	0;	0;	0;	0;	0;	0;	0;	0;	0;	0;	0;	0;	0;	0;	0
1;	2;	6;	1,22;	nan;	nan;	100,0;	99,56;	99,49;	99,23;	98,68;	97,78;	96,48;	96,29;	93,52;	90,13;	88,06;	84,87;	83,3;	81,68;	79,9;	74,46;	71,4;	68,22;	67,79;	65,83;	62,93;	62,04;	59,57;	59,51;	52,38;	42,62;	40,26;	36,83;	34,75;	25,07;	23,45;	21,25;	13,65;	11,69;	11,09;	3,23;	1,24;	0,0;	0,0;	0,0;	0,0;	0,0;	0,0;	0,0;	0,0;	0,0;	0,0;	0,0;	0,0;	0,0;	0,0;	0,0;	0,0;	0,0;	0,0;	0,0;	0,0;	0,0;	0,0;	0,0;	0,0;	0,0;	0,0;	0,0;	0,0;	0,0;	0,0;	0,0;	0,0;	0,0;	0,0;	0,0;	0,0;	0,0;	0,0;	0,0;	0,0;	0,0;	0,0;	0,0;	0,0;	0,0;	0,0;	0,0;	0,0;	0,0;	0,0;	0,0;	0,0;	0,0;	0,0;	0,0;	0,0;	0,0;	0,0;	0,0;	0,0;	0,0;	0,0
2;	1;	6;	1,33;	nan;	100,0;	99,87;	99,82;	99,12;	98,98;	98,16;	97,11;	95,96;	95,29;	93,93;	93,23;	90,01;	89,67;	87,81;	87,28;	87,08;	84,07;	82,66;	81,48;	78,27;	77,16;	75,68;	72,22;	69,43;	63,37;	57,77;	56,61;	54,3;	48,51;	44,35;	32,6;	29,69;	25,46;	20,17;	15,94;	11,43;	10,01;	6,69;	6,29;	4,49;	0,0;	0,0;	0,0;	0,0;	0,0;	0,0;	0,0;	0,0;	0,0;	0,0;	0,0;	0,0;	0,0;	0,0;	0,0;	0,0;	0,0;	0,0;	0,0;	0,0;	0,0;	0,0;	0,0;	0,0;	0,0;	0,0;	0,0;	0,0;	0,0;	0,0;	0,0;	0,0;	0,0;	0,0;	0,0;	0,0;	0,0;	0,0;	0,0;	0,0;	0,0;	0,0;	0,0;	0,0;	0,0;	0,0;	0,0;	0,0;	0,0;	0,0;	0,0;	0,0;	0,0;	0,0;	0,0;	0,0;	0,0;	0,0;	0,0;	0,0
3;	6;	6;	1,16;	nan;	nan;	nan;	nan;	nan;	nan;	100,0;	99,87;	99,6;	99,47;	98,71;	97,35;	96,06;	95,09;	93,71;	90,99;	90,66;	89,63;	86,77;	84,47;	78,15;	74,31;	69,3;	67,48;	65,42;	60,83;	59,4;	58,22;	57,67;	57,01;	54,7;	54,58;	48,97;	42,24;	38,61;	34,05;	27,8;	26,01;	21,25;	19,1;	15,74;	11,12;	6,62;	6,57;	0,4;	0,0;	0,0;	0,0;	0,0;	0,0;	0,0;	0,0;	0,0;	0,0;	0,0;	0,0;	0,0;	0,0;	0,0;	0,0;	0,0;	0,0;	0,0;	0,0;	0,0;	0,0;	0,0;	0,0;	0,0;	0,0;	0,0;	0,0;	0,0;	0,0;	0,0;	0,0;	0,0;	0,0;	0,0;	0,0;	0,0;	0,0;	0,0;	0,0;	0,0;	0,0;	0,0;	0,0;	0,0;	0,0;	0,0;	0,0;	0,0;	0,0;	0,0;	0,0;	0,0;	0,0;	0,0;	0,0;	0,0
4;	1;	6;	1,35;	nan;	100,0;	99,99;	99,26;	99,21;	97,43;	96,39;	94,29;	91,82;	90,88;	88,81;	86,8;	83,12;	78,6;	78,1;	77,29;	75,34;	70,07;	65,56;	62,11;	60,78;	60,08;	58,08;	56,47;	52,22;	46,63;	45,76;	39,6;	36,89;	30,95;	30,0;	29,88;	20,09;	12,74;	5,2;	4,14;	0,63;	0,17;	0,0;	0,0;	0,0;	0,0;	0,0;	0,0;	0,0;	0,0;	0,0;	0,0;	0,0;	0,0;	0,0;	0,0;	0,0;	0,0;	0,0;	0,0;	0,0;	0,0;	0,0;	0,0;	0,0;	0,0;	0,0;	0,0;	0,0;	0,0;	0,0;	0,0;	0,0;	0,0;	0,0;	0,0;	0,0;	0,0;	0,0;	0,0;	0,0;	0,0;	0,0;	0,0;	0,0;	0,0;	0,0;	0,0;	0,0;	0,0;	0,0;	0,0;	0,0;	0,0;	0,0;	0,0;	0,0;	0,0;	0,0;	0,0;	0,0;	0,0;	0,0;	0,0;	0,0
5;	12;	6;	0,73;	nan;	nan;	nan;	nan;	nan;	nan;	nan;	nan;	nan;	nan;	nan;	nan;	100,0;	99,82;	99,48;	99,28;	99,27;	98,28;	97,81;	97,09;	96,86;	95,02;	94,29;	92,2;	91,18;	87,93;	86,8;	83,95;	83,53;	80,13;	78,69;	77,4;	75,54;	74,55;	73,42;	72,61;	66,29;	65,0;	64,33;	62,21;	60,2;	59,71;	56,33;	54,99;	53,37;	52,08;	51,94;	50,34;	46,59;	43,98;	41,53;	37,71;	35,06;	34,92;	31,6;	31,18;	29,22;	27,09;	21,0;	19,2;	17,22;	16,89;	9,36;	6,68;	1,66;	0,02;	0,0;	0,0;	0,0;	0,0;	0,0;	0,0;	0,0;	0,0;	0,0;	0,0;	0,0;	0,0;	0,0;	0,0;	0,0;	0,0;	0,0;	0,0;	0,0;	0,0;	0,0;	0,0;	0,0;	0,0;	0,0;	0,0;	0,0;	0,0;	0,0;	0,0;	0,0;	0,0;	0,0;	0,0;	0,0
6;	3;	6;	0,95;	nan;	nan;	nan;	100,0;	100,0;	99,36;	99,07;	98,74;	98,21;	97,32;	96,54;	96,53;	94,8;	92,18;	91,01;	87,99;	85,05;	83,27;	78,53;	78,53;	73,47;	71,6;	70,97;	68,77;	64,9;	60,92;	60,54;	53,34;	48,08;	47,48;	45,62;	45,6;	41,46;	35,92;	34,79;	33,53;	33,12;	28,7;	27,42;	16,76;	16,51;	13,9;	11,42;	9,11;	8,44;	5,96;	4,1;	4,03;	1,02;	0,0;	0,0;	0,0;	0,0;	0,0;	0,0;	0,0;	0,0;	0,0;	0,0;	0,0;	0,0;	0,0;	0,0;	0,0;	0,0;	0,0;	0,0;	0,0;	0,0;	0,0;	0,0;	0,0;	0,0;	0,0;	0,0;	0,0;	0,0;	0,0;	0,0;	0,0;	0,0;	0,0;	0,0;	0,0;	0,0;	0,0;	0,0;	0,0;	0,0;	0,0;	0,0;	0,0;	0,0;	0,0;	0,0;	0,0;	0,0;	0,0;	0,0;	0,0;	0,0
7;	0;	6;	0,87;	100,0;	99,93;	99,64;	99,53;	99,18;	98,97;	98,04;	96,45;	96,35;	95,5;	93,61;	91,17;	87,73;	86,06;	82,91;	82,5;	80,55;	79,63;	73,97;	73,29;	71,15;	66,2;	62,17;	58,8;	55,97;	53,1;	49,86;	47,28;	41,16;	39,28;	36,18;	29,02;	27,02;	23,8;	21,56;	21,31;	18,58;	12,65;	7,84;	4,97;	4,59;	4,54;	3,47;	0,85;	0;	0;	0;	0;	0;	0;	0;	0;	0;	0;	0;	0;	0;	0;	0;	0;	0;	0;	0;	0;	0;	0;	0;	0;	0;	0;	0;	0;	0;	0;	0;	0;	0;	0;	0;	0;	0;	0;	0;	0;	0;	0;	0;	0;	0;	0;	0;	0;	0;	0;	0;	0;	0;	0;	0;	0;	0
8;	5;	6;	0,71;	nan;	nan;	nan;	nan;	nan;	100,0;	99,88;	99,49;	99,21;	98,77;	97,51;	97,25;	96,65;	96,18;	96,04;	93,91;	93,19;	93,1;	93,0;	90,77;	90,36;	89,2;	88,6;	87,51;	87,14;	85,05;	84,78;	83,46;	80,21;	77,09;	75,86;	73,78;	71,51;	69,65;	68,52;	66,03;	65,06;	59,78;	53,97;	50,03;	43,27;	36,57;	35,76;	34,79;	33,53;	32,24;	30,16;	24,32;	19,57;	19,22;	17,67;	13,54;	11,52;	6,24;	6,22;	5,78;	3,06;	0,0;	0,0;	0,0;	0,0;	0,0;	0,0;	0,0;	0,0;	0,0;	0,0;	0,0;	0,0;	0,0;	0,0;	0,0;	0,0;	0,0;	0,0;	0,0;	0,0;	0,0;	0,0;	0,0;	0,0;	0,0;	0,0;	0,0;	0,0;	0,0;	0,0;	0,0;	0,0;	0,0;	0,0;	0,0;	0,0;	0,0;	0,0;	0,0;	0,0;	0,0;	0,0;	0,0;	0,0
9;	-3;	6;	1,19;	98,45;	97,26;	95,6;	94,5;	93,43;	92,24;	91,74;	89,07;	85,8;	81,11;	79,01;	76,75;	72,7;	70,01;	67,09;	61,71;	61,61;	59,69;	54,85;	54,57;	47,28;	44,68;	38,32;	37,41;	34,12;	31,55;	30,84;	27,64;	23,84;	18,94;	16,92;	13,68;	8,68;	7,17;	1,73;	0;	0;	0;	0;	0;	0;	0;	0;	0;	0;	0;	0;	0;	0;	0;	0;	0;	0;	0;	0;	0;	0;	0;	0;	0;	0;	0;	0;	0;	0;	0;	0;	0;	0;	0;	0;	0;	0;	0;	0;	0;	0;	0;	0;	0;	0;	0;	0;	0;	0;	0;	0;	0;	0;	0;	0;	0;	0;	0;	0;	0;	0;	0;	0;	0;	0
10;	7;	6;	0,97;	nan;	nan;	nan;	nan;	nan;	nan;	nan;	100,0;	99,89;	99,75;	99,05;	96,92;	96,63;	95,58;	94,72;	93,28;	92,52;	92,25;	89,98;	87,7;	87,41;	86,75;	81,54;	79,82;	79,38;	76,25;	75,31;	75,13;	74,72;	72,23;	68,91;	67,04;	66,44;	63,76;	59,41;	58,98;	56,69;	55,99;	49,51;	47,89;	39,4;	35,65;	29,07;	25,29;	18,1;	15,24;	7,96;	5,57;	4,75;	0,55;	0,0;	0,0;	0,0;	0,0;	0,0;	0,0;	0,0;	0,0;	0,0;	0,0;	0,0;	0,0;	0,0;	0,0;	0,0;	0,0;	0,0;	0,0;	0,0;	0,0;	0,0;	0,0;	0,0;	0,0;	0,0;	0,0;	0,0;	0,0;	0,0;	0,0;	0,0;	0,0;	0,0;	0,0;	0,0;	0,0;	0,0;	0,0;	0,0;	0,0;	0,0;	0,0;	0,0;	0,0;	0,0;	0,0;	0,0;	0,0;	0,0;	0,0;	0,0
11;	2;	6;	1,06;	nan;	nan;	100,0;	99,65;	99,01;	98,49;	96,65;	95,91;	93,64;	91,17;	89,92;	89,08;	89,0;	86,9;	83,46;	82,18;	78,49;	77,99;	74,13;	71,43;	69,55;	68,04;	67,91;	61,78;	60,61;	58,13;	50,91;	46,17;	35,64;	33,42;	30,29;	29,63;	28,66;	24,62;	19,62;	14,17;	7,28;	6,54;	5,87;	0,0;	0,0;	0,0;	0,0;	0,0;	0,0;	0,0;	0,0;	0,0;	0,0;	0,0;	0,0;	0,0;	0,0;	0,0;	0,0;	0,0;	0,0;	0,0;	0,0;	0,0;	0,0;	0,0;	0,0;	0,0;	0,0;	0,0;	0,0;	0,0;	0,0;	0,0;	0,0;	0,0;	0,0;	0,0;	0,0;	0,0;	0,0;	0,0;	0,0;	0,0;	0,0;	0,0;	0,0;	0,0;	0,0;	0,0;	0,0;	0,0;	0,0;	0,0;	0,0;	0,0;	0,0;	0,0;	0,0;	0,0;	0,0;	0,0;	0,0;	0,0;	0,0
12;	-8;	6;	1,09;	91,31;	89,54;	85,02;	83,96;	83,3;	82,86;	80,48;	76,1;	74,41;	73,49;	66,95;	64,76;	60,87;	59,39;	50,03;	49,47;	42,08;	37,98;	32,87;	32,14;	25,54;	23,9;	22,42;	20,67;	19,26;	11,83;	9,65;	9,49;	4,0;	1,66;	0;	0;	0;	0;	0;	0;	0;	0;	0;	0;	0;	0;	0;	0;	0;	0;	0;	0;	0;	0;	0;	0;	0;	0;	0;	0;	0;	0;	0;	0;	0;	0;	0;	0;	0;	0;	0;	0;	0;	0;	0;	0;	0;	0;	0;	0;	0;	0;	0;	0;	0;	0;	0;	0;	0;	0;	0;	0;	0;	0;	0;	0;	0;	0;	0;	0;	0;	0;	0;	0;	0
13;	-10;	6;	0,98;	88,89;	86,5;	84,41;	81,91;	79,21;	78,11;	72,64;	67,16;	64,89;	60,34;	57,23;	56,04;	55,65;	52,65;	49,93;	42,46;	41,4;	40,13;	39,09;	37,5;	28,5;	24,97;	20,87;	15,39;	10,52;	7,79;	3,78;	3,74;	0;	0;	0;	0;	0;	0;	0;	0;	0;	0;	0;	0;	0;	0;	0;	0;	0;	0;	0;	0;	0;	0;	0;	0;	0;	0;	0;	0;	0;	0;	0;	0;	0;	0;	0;	0;	0;	0;	0;	0;	0;	0;	0;	0;	0;	0;	0;	0;	0;	0;	0;	0;	0;	0;	0;	0;	0;	0;	0;	0;	0;	0;	0;	0;	0;	0;	0;	0;	0;	0;	0;	0;	0
14;	5;	6;	1,39;	nan;	nan;	nan;	nan;	nan;	100,0;	99,88;	99,83;	98,24;	96,28;	93,87;	92,84;	92,68;	91,67;	91,2;	89,06;	85,3;	76,43;	73,28;	67,68;	66,4;	62,18;	58,04;	54,25;	46,57;	43,94;	41,3;	31,97;	31,61;	28,91;	23,67;	21,84;	17,39;	12,53;	7,14;	0,0;	0,0;	0,0;	0,0;	0,0;	0,0;	0,0;	0,0;	0,0;	0,0;	0,0;	0,0;	0,0;	0,0;	0,0;	0,0;	0,0;	0,0;	0,0;	0,0;	0,0;	0,0;	0,0;	0,0;	0,0;	0,0;	0,0;	0,0;	0,0;	0,0;	0,0;	0,0;	0,0;	0,0;	0,0;	0,0;	0,0;	0,0;	0,0;	0,0;	0,0;	0,0;	0,0;	0,0;	0,0;	0,0;	0,0;	0,0;	0,0;	0,0;	0,0;	0,0;	0,0;	0,0;	0,0;	0,0;	0,0;	0,0;	0,0;	0,0;	0,0;	0,0;	0,0;	0,0;	0,0;	0,0
15;	4;	6;	1,24;	nan;	nan;	nan;	nan;	100,0;	99,7;	99,19;	98,67;	96,09;	96,02;	91,14;	89,87;	87,8;	85,26;	84,9;	83,68;	81,25;	81,15;	76,48;	75,66;	73,66;	70,26;	69,67;	64,77;	58,96;	58,43;	54,35;	51,63;	46,11;	40,51;	38,11;	30,9;	27,83;	27,49;	23,97;	16,37;	13,4;	4,69;	0,0;	0,0;	0,0;	0,0;	0,0;	0,0;	0,0;	0,0;	0,0;	0,0;	0,0;	0,0;	0,0;	0,0;	0,0;	0,0;	0,0;	0,0;	0,0;	0,0;	0,0;	0,0;	0,0;	0,0;	0,0;	0,0;	0,0;	0,0;	0,0;	0,0;	0,0;	0,0;	0,0;	0,0;	0,0;	0,0;	0,0;	0,0;	0,0;	0,0;	0,0;	0,0;	0,0;	0,0;	0,0;	0,0;	0,0;	0,0;	0,0;	0,0;	0,0;	0,0;	0,0;	0,0;	0,0;	0,0;	0,0;	0,0;	0,0;	0,0;	0,0;	0,0;	0,0
16;	-2;	6;	0,86;	99,41;	98,35;	98,25;	97,81;	97,59;	95,52;	95,26;	94,65;	93,5;	93,22;	93,22;	91,43;	90,83;	88,51;	88,3;	87,42;	84,99;	84,98;	83,81;	81,38;	79,09;	77,15;	74,12;	72,86;	71,77;	70,62;	69,57;	68,98;	64,59;	62,12;	59,37;	57,12;	52,88;	51,3;	50,84;	48,89;	43,22;	40,83;	37,57;	34,76;	30,54;	29,95;	27,92;	24,86;	23,24;	22,98;	20,49;	11,83;	8,59;	1,01;	0;	0;	0;	0;	0;	0;	0;	0;	0;	0;	0;	0;	0;	0;	0;	0;	0;	0;	0;	0;	0;	0;	0;	0;	0;	0;	0;	0;	0;	0;	0;	0;	0;	0;	0;	0;	0;	0;	0;	0;	0;	0;	0;	0;	0;	0;	0;	0;	0;	0;	0
17;	-9;	6;	0,68;	95,1;	94,9;	94,09;	93,49;	92,95;	89,68;	86,99;	85,91;	84,57;	84,56;	84,07;	82,39;	82,03;	77,67;	75,35;	72,97;	70,82;	66,76;	64,88;	64,65;	63,29;	62,71;	61,73;	59,03;	58,22;	58,16;	55,62;	54,15;	50,34;	47,75;	46,45;	44,09;	43,16;	40,92;	36,23;	36,18;	36,13;	30,26;	29,61;	25,44;	21,56;	15,72;	12,85;	12,27;	9,34;	8,61;	7,59;	5,75;	1,77;	0;	0;	0;	0;	0;	0;	0;	0;	0;	0;	0;	0;	0;	0;	0;	0;	0;	0;	0;	0;	0;	0;	0;	0;	0;	0;	0;	0;	0;	0;	0;	0;	0;	0;	0;	0;	0;	0;	0;	0;	0;	0;	0;	0;	0;	0;	0;	0;	0;	0;	0;	0
18;	2;	6;	0,82;	nan;	nan;	100,0;	99,88;	99,13;	98,57;	98,02;	97,88;	96,63;	96,21;	94,89;	93,27;	91,6;	91,07;	87,07;	85,16;	80,49;	79,33;	75,85;	71,45;	68,84;	67,88;	65,65;	63,37;	60,62;	56,92;	56,33;	53,64;	53,12;	51,6;	50,15;	48,57;	46,75;	42,92;	40,56;	36,89;	32,79;	29,24;	22,55;	19,49;	19,4;	14,31;	9,96;	9,82;	9,74;	7,3;	1,97;	0,0;	0,0;	0,0;	0,0;	0,0;	0,0;	0,0;	0,0;	0,0;	0,0;	0,0;	0,0;	0,0;	0,0;	0,0;	0,0;	0,0;	0,0;	0,0;	0,0;	0,0;	0,0;	0,0;	0,0;	0,0;	0,0;	0,0;	0,0;	0,0;	0,0;	0,0;	0,0;	0,0;	0,0;	0,0;	0,0;	0,0;	0,0;	0,0;	0,0;	0,0;	0,0;	0,0;	0,0;	0,0;	0,0;	0,0;	0,0;	0,0;	0,0;	0,0;	0,0;	0,0;	0,0
19;	2;	6;	0,99;	nan;	nan;	100,0;	99,74;	99,69;	99,62;	99,45;	98,45;	97,7;	96,48;	94,99;	93,96;	91,98;	91,83;	90,65;	89,8;	87,73;	87,64;	86,21;	82,2;	73,63;	70,59;	63,46;	56,07;	51,72;	50,36;	43,75;	37,6;	37,36;	33,87;	31,07;	29,65;	26,51;	25,35;	24,3;	22,03;	20,71;	20,64;	19,29;	13,11;	12,16;	6,5;	1,27;	0,0;	0,0;	0,0;	0,0;	0,0;	0,0;	0,0;	0,0;	0,0;	0,0;	0,0;	0,0;	0,0;	0,0;	0,0;	0,0;	0,0;	0,0;	0,0;	0,0;	0,0;	0,0;	0,0;	0,0;	0,0;	0,0;	0,0;	0,0;	0,0;	0,0;	0,0;	0,0;	0,0;	0,0;	0,0;	0,0;	0,0;	0,0;	0,0;	0,0;	0,0;	0,0;	0,0;	0,0;	0,0;	0,0;	0,0;	0,0;	0,0;	0,0;	0,0;	0,0;	0,0;	0,0;	0,0;	0,0;	0,0;	0,0
20;	6;	6;	1,16;	nan;	nan;	nan;	nan;	nan;	nan;	100,0;	99,67;	99,57;	99,1;	98,08;	96,42;	93,62;	89,9;	88,35;	86,37;	85,76;	85,35;	80,74;	78,66;	78,02;	73,37;	71,66;	68,52;	65,59;	65,47;	60,94;	53,13;	49,89;	48,23;	46,29;	41,1;	39,08;	37,4;	36,58;	35,66;	34,61;	33,71;	30,23;	22,55;	18,09;	15,48;	8,93;	5,78;	0,0;	0,0;	0,0;	0,0;	0,0;	0,0;	0,0;	0,0;	0,0;	0,0;	0,0;	0,0;	0,0;	0,0;	0,0;	0,0;	0,0;	0,0;	0,0;	0,0;	0,0;	0,0;	0,0;	0,0;	0,0;	0,0;	0,0;	0,0;	0,0;	0,0;	0,0;	0,0;	0,0;	0,0;	0,0;	0,0;	0,0;	0,0;	0,0;	0,0;	0,0;	0,0;	0,0;	0,0;	0,0;	0,0;	0,0;	0,0;	0,0;	0,0;	0,0;	0,0;	0,0;	0,0;	0,0;	0,0;	0,0
21;	-5;	6;	0,7;	98,72;	97,97;	96,09;	95,75;	93,48;	93,18;	91,17;	89,81;	87,76;	87,74;	85,13;	83,34;	79,35;	77,07;	76,52;	76,0;	70,98;	70,61;	67,69;	63,55;	62,13;	59,08;	56,09;	53,78;	49,7;	49,69;	48,63;	47,88;	45,22;	44,15;	43,87;	42,01;	41,32;	39,42;	33,87;	32,39;	32,27;	31,6;	23,96;	22,94;	22,55;	22,46;	21,67;	20,79;	18,61;	12,9;	11,95;	8,37;	6,62;	2,88;	0;	0;	0;	0;	0;	0;	0;	0;	0;	0;	0;	0;	0;	0;	0;	0;	0;	0;	0;	0;	0;	0;	0;	0;	0;	0;	0;	0;	0;	0;	0;	0;	0;	0;	0;	0;	0;	0;	0;	0;	0;	0;	0;	0;	0;	0;	0;	0;	0;	0;	0
22;	0;	6;	0,8;	100,0;	99,64;	99,21;	97,72;	97,63;	96,73;	96,3;	94,24;	91,78;	91,09;	90,55;	90,42;	87,68;	87,15;	86,46;	85,24;	83,63;	82,27;	81,07;	79,39;	77,36;	73,77;	72,05;	70,01;	66,94;	66,12;	61,55;	60,22;	58,1;	54,81;	52,71;	49,8;	49,34;	48,36;	47,53;	42,59;	37,44;	35,23;	34,4;	33,53;	33,46;	32,76;	29,72;	27,45;	26,05;	25,03;	21,09;	19,66;	18,57;	14,52;	12,23;	10,04;	8,59;	6,26;	5,29;	1,57;	0;	0;	0;	0;	0;	0;	0;	0;	0;	0;	0;	0;	0;	0;	0;	0;	0;	0;	0;	0;	0;	0;	0;	0;	0;	0;	0;	0;	0;	0;	0;	0;	0;	0;	0;	0;	0;	0;	0;	0;	0;	0;	0;	0;	0
23;	20;	6;	1,45;	nan;	nan;	nan;	nan;	nan;	nan;	nan;	nan;	nan;	nan;	nan;	nan;	nan;	nan;	nan;	nan;	nan;	nan;	nan;	nan;	100,0;	99,18;	97,72;	96,59;	95,77;	94,23;	91,21;	89,62;	86,38;	86,21;	80,98;	75,94;	74,01;	66,97;	63,7;	62,18;	61,35;	60,77;	53,58;	50,46;	43,04;	42,77;	33,85;	33,76;	26,88;	24,62;	23,6;	22,97;	21,81;	20,98;	19,64;	17,49;	14,16;	5,09;	2,48;	0,0;	0,0;	0,0;	0,0;	0,0;	0,0;	0,0;	0,0;	0,0;	0,0;	0,0;	0,0;	0,0;	0,0;	0,0;	0,0;	0,0;	0,0;	0,0;	0,0;	0,0;	0,0;	0,0;	0,0;	0,0;	0,0;	0,0;	0,0;	0,0;	0,0;	0,0;	0,0;	0,0;	0,0;	0,0;	0,0;	0,0;	0,0;	0,0;	0,0;	0,0;	0,0;	0,0;	0,0;	0,0;	0,0
24;	4;	6;	1,18;	nan;	nan;	nan;	nan;	100,0;	99,81;	99,46;	98,98;	97,57;	96,55;	95,82;	95,1;	94,05;	93,97;	91,32;	89,47;	88,23;	84,42;	84,1;	82,99;	82,35;	77,76;	75,83;	73,59;	71,77;	65,71;	59,32;	57,64;	52,84;	50,87;	49,41;	49,31;	48,04;	46,48;	38,78;	36,3;	29,94;	23,99;	7,6;	7,13;	0,0;	0,0;	0,0;	0,0;	0,0;	0,0;	0,0;	0,0;	0,0;	0,0;	0,0;	0,0;	0,0;	0,0;	0,0;	0,0;	0,0;	0,0;	0,0;	0,0;	0,0;	0,0;	0,0;	0,0;	0,0;	0,0;	0,0;	0,0;	0,0;	0,0;	0,0;	0,0;	0,0;	0,0;	0,0;	0,0;	0,0;	0,0;	0,0;	0,0;	0,0;	0,0;	0,0;	0,0;	0,0;	0,0;	0,0;	0,0;	0,0;	0,0;	0,0;	0,0;	0,0;	0,0;	0,0;	0,0;	0,0;	0,0;	0,0;	0,0;	0,0
25;	12;	6;	0,59;	nan;	nan;	nan;	nan;	nan;	nan;	nan;	nan;	nan;	nan;	nan;	nan;	100,0;	99,84;	99,75;	99,73;	99,13;	98,68;	96,98;	95,64;	94,52;	94,41;	93,66;	92,26;	91,03;	89,93;	89,73;	89,52;	89,15;	87,24;	87,06;	85,52;	82,53;	82,07;	81,49;	79,86;	76,24;	74,18;	68,97;	65,35;	63,04;	62,7;	61,19;	59,02;	53,87;	52,46;	50,54;	47,91;	47,49;	44,91;	43,72;	42,99;	37,24;	33,86;	33,22;	32,6;	30,55;	27,95;	23,96;	23,82;	21,4;	18,34;	16,01;	12,86;	9,96;	7,92;	5,17;	2,79;	1,31;	0,0;	0,0;	0,0;	0,0;	0,0;	0,0;	0,0;	0,0;	0,0;	0,0;	0,0;	0,0;	0,0;	0,0;	0,0;	0,0;	0,0;	0,0;	0,0;	0,0;	0,0;	0,0;	0,0;	0,0;	0,0;	0,0;	0,0;	0,0;	0,0;	0,0;	0,0;	0,0
26;	-7;	6;	0,87;	95,75;	94,65;	94,59;	94,14;	92,31;	90,73;	89,62;	89,32;	89,07;	86,62;	82,55;	81,68;	78,08;	76,78;	76,16;	69,71;	68,57;	67,61;	67,36;	66,87;	65,08;	63,86;	60,03;	53,7;	50,6;	44,66;	41,56;	40,65;	35,97;	34,13;	32,99;	28,08;	25,86;	21,64;	19,98;	18,8;	16,26;	13,73;	10,56;	7,97;	6,68;	0,6;	0;	0;	0;	0;	0;	0;	0;	0;	0;	0;	0;	0;	0;	0;	0;	0;	0;	0;	0;	0;	0;	0;	0;	0;	0;	0;	0;	0;	0;	0;	0;	0;	0;	0;	0;	0;	0;	0;	0;	0;	0;	0;	0;	0;	0;	0;	0;	0;	0;	0;	0;	0;	0;	0;	0;	0;	0;	0;	0
27;	6;	6;	1,06;	nan;	nan;	nan;	nan;	nan;	nan;	100,0;	99,57;	99,01;	98,72;	97,6;	97,52;	97,22;	95,84;	93,11;	91,8;	91,46;	90,79;	85,21;	79,85;	79,36;	76,65;	76,08;	76,0;	74,79;	73,88;	71,09;	66,33;	65,28;	64,17;	63,13;	61,94;	57,76;	52,34;	47,81;	43,62;	39,92;	31,49;	26,77;	26,61;	20,7;	20,38;	18,41;	14,89;	13,17;	8,79;	0,0;	0,0;	0,0;	0,0;	0,0;	0,0;	0,0;	0,0;	0,0;	0,0;	0,0;	0,0;	0,0;	0,0;	0,0;	0,0;	0,0;	0,0;	0,0;	0,0;	0,0;	0,0;	0,0;	0,0;	0,0;	0,0;	0,0;	0,0;	0,0;	0,0;	0,0;	0,0;	0,0;	0,0;	0,0;	0,0;	0,0;	0,0;	0,0;	0,0;	0,0;	0,0;	0,0;	0,0;	0,0;	0,0;	0,0;	0,0;	0,0;	0,0;	0,0;	0,0;	0,0;	0,0;	0,0
28;	-11;	6;	0,96;	88,15;	86,76;	84,85;	81,79;	81,46;	78,8;	75,26;	72,18;	67,49;	67,34;	63,16;	62,83;	59,17;	54,94;	54,55;	49,51;	44,0;	41,33;	39,65;	39,6;	36,94;	34,82;	33,44;	32,69;	31,39;	28,98;	26,74;	21,17;	20,57;	20,35;	15,06;	10,1;	7,33;	3,59;	0;	0;	0;	0;	0;	0;	0;	0;	0;	0;	0;	0;	0;	0;	0;	0;	0;	0;	0;	0;	0;	0;	0;	0;	0;	0;	0;	0;	0;	0;	0;	0;	0;	0;	0;	0;	0;	0;	0;	0;	0;	0;	0;	0;	0;	0;	0;	0;	0;	0;	0;	0;	0;	0;	0;	0;	0;	0;	0;	0;	0;	0;	0;	0;	0;	0;	0
29;	-15;	6;	1,28;	78,53;	77,44;	73,58;	71,29;	68,67;	67,1;	63,43;	60,66;	57,23;	54,41;	46,76;	39,56;	33,59;	31,49;	23,14;	11,08;	9,3;	8,43;	7,4;	1,89;	0;	0;	0;	0;	0;	0;	0;	0;	0;	0;	0;	0;	0;	0;	0;	0;	0;	0;	0;	0;	0;	0;	0;	0;	0;	0;	0;	0;	0;	0;	0;	0;	0;	0;	0;	0;	0;	0;	0;	0;	0;	0;	0;	0;	0;	0;	0;	0;	0;	0;	0;	0;	0;	0;	0;	0;	0;	0;	0;	0;	0;	0;	0;	0;	0;	0;	0;	0;	0;	0;	0;	0;	0;	0;	0;	0;	0;	0;	0;	0;	0
30;	3;	6;	1,05;	nan;	nan;	nan;	100,0;	99,62;	99,37;	98,74;	98,35;	97,79;	95,66;	95,53;	93,58;	92,54;	89,06;	88,86;	86,21;	86,2;	85,09;	83,63;	79,12;	78,85;	76,73;	74,55;	72,63;	69,26;	68,81;	67,84;	65,66;	64,69;	64,55;	60,15;	56,05;	54,41;	54,08;	51,05;	46,07;	43,89;	41,12;	39,13;	35,6;	29,3;	26,82;	25,52;	24,05;	20,94;	17,36;	16,09;	9,95;	4,1;	2,17;	0,0;	0,0;	0,0;	0,0;	0,0;	0,0;	0,0;	0,0;	0,0;	0,0;	0,0;	0,0;	0,0;	0,0;	0,0;	0,0;	0,0;	0,0;	0,0;	0,0;	0,0;	0,0;	0,0;	0,0;	0,0;	0,0;	0,0;	0,0;	0,0;	0,0;	0,0;	0,0;	0,0;	0,0;	0,0;	0,0;	0,0;	0,0;	0,0;	0,0;	0,0;	0,0;	0,0;	0,0;	0,0;	0,0;	0,0;	0,0;	0,0;	0,0;	0,0
31;	-11;	6;	1,08;	88,3;	87,82;	84,83;	81,74;	78,78;	75,56;	72,2;	70,08;	68,96;	67,43;	65,55;	58,03;	53,96;	48,75;	45,2;	41,88;	38,84;	34,26;	32,74;	29,81;	29,39;	21,55;	15,12;	14,23;	13,24;	11,3;	11,16;	10,35;	3,12;	0;	0;	0;	0;	0;	0;	0;	0;	0;	0;	0;	0;	0;	0;	0;	0;	0;	0;	0;	0;	0;	0;	0;	0;	0;	0;	0;	0;	0;	0;	0;	0;	0;	0;	0;	0;	0;	0;	0;	0;	0;	0;	0;	0;	0;	0;	0;	0;	0;	0;	0;	0;	0;	0;	0;	0;	0;	0;	0;	0;	0;	0;	0;	0;	0;	0;	0;	0;	0;	0;	0;	0
32;	-10;	6;	0,94;	90,85;	89,4;	88,8;	87,13;	86,93;	82,32;	80,05;	78,42;	76,69;	76,03;	73,14;	69,05;	67,33;	63,03;	62,42;	58,41;	57,79;	55,33;	49,06;	48,36;	47,54;	46,74;	46,57;	46,05;	43,96;	36,78;	35,32;	33,05;	26,3;	22,02;	21,09;	12,41;	11,95;	8,37;	7,12;	6,08;	0,59;	0;	0;	0;	0;	0;	0;	0;	0;	0;	0;	0;	0;	0;	0;	0;	0;	0;	0;	0;	0;	0;	0;	0;	0;	0;	0;	0;	0;	0;	0;	0;	0;	0;	0;	0;	0;	0;	0;	0;	0;	0;	0;	0;	0;	0;	0;	0;	0;	0;	0;	0;	0;	0;	0;	0;	0;	0;	0;	0;	0;	0;	0;	0;	0
33;	-6;	6;	0,68;	96,71;	95,79;	94,32;	92,65;	92,48;	90,51;	89,27;	86,57;	85,25;	84,61;	84,51;	83,58;	83,37;	81,09;	80,75;	77,83;	76,79;	72,93;	71,91;	70,91;	68,02;	67,43;	64,93;	61,26;	58,73;	58,4;	57,29;	56,07;	53,64;	52,01;	51,4;	50,92;	47,02;	42,92;	41,29;	37,59;	36,35;	33,74;	32,29;	31,69;	29,48;	27,94;	27,88;	23,15;	22,8;	21,96;	19,34;	15,71;	15,54;	11,34;	9,31;	8,95;	5,98;	2,3;	0;	0;	0;	0;	0;	0;	0;	0;	0;	0;	0;	0;	0;	0;	0;	0;	0;	0;	0;	0;	0;	0;	0;	0;	0;	0;	0;	0;	0;	0;	0;	0;	0;	0;	0;	0;	0;	0;	0;	0;	0;	0;	0;	0;	0;	0;	0
34;	17;	6;	1,1;	nan;	nan;	nan;	nan;	nan;	nan;	nan;	nan;	nan;	nan;	nan;	nan;	nan;	nan;	nan;	nan;	nan;	100,0;	99,88;	99,74;	99,45;	98,19;	98,02;	95,48;	93,65;	90,85;	85,82;	80,19;	75,76;	75,4;	71,58;	71,24;	70,48;	66,56;	65,45;	65,14;	60,34;	58,93;	54,78;	51,48;	50,57;	48,97;	45,59;	39,7;	35,0;	30,53;	28,66;	27,71;	27,27;	23,62;	20,19;	18,49;	11,68;	0,48;	0,0;	0,0;	0,0;	0,0;	0,0;	0,0;	0,0;	0,0;	0,0;	0,0;	0,0;	0,0;	0,0;	0,0;	0,0;	0,0;	0,0;	0,0;	0,0;	0,0;	0,0;	0,0;	0,0;	0,0;	0,0;	0,0;	0,0;	0,0;	0,0;	0,0;	0,0;	0,0;	0,0;	0,0;	0,0;	0,0;	0,0;	0,0;	0,0;	0,0;	0,0;	0,0;	0,0;	0,0;	0,0;	0,0;	0,0
35;	-12;	6;	0,75;	90,67;	90,3;	89,7;	87,48;	86,42;	84,29;	83,36;	82,89;	82,46;	80,52;	76,15;	73,76;	71,23;	68,45;	63,96;	61,35;	58,26;	57,72;	54,62;	52,17;	50,69;	49,48;	48,51;	45,72;	45,69;	40,82;	40,38;	36,95;	35,99;	35,25;	32,49;	31,43;	31,4;	26,35;	21,7;	19,92;	16,21;	9,6;	8,57;	3,71;	2,13;	0;	0;	0;	0;	0;	0;	0;	0;	0;	0;	0;	0;	0;	0;	0;	0;	0;	0;	0;	0;	0;	0;	0;	0;	0;	0;	0;	0;	0;	0;	0;	0;	0;	0;	0;	0;	0;	0;	0;	0;	0;	0;	0;	0;	0;	0;	0;	0;	0;	0;	0;	0;	0;	0;	0;	0;	0;	0;	0;	0
36;	-11;	6;	1,3;	90,22;	89,63;	85,58;	82,91;	80,33;	78,38;	72,1;	68,4;	64,14;	59,27;	55,72;	54,88;	54,66;	50,1;	46,59;	43,29;	39,15;	35,84;	27,27;	26,25;	23,45;	22,87;	21,48;	19,44;	17,3;	11,6;	11,59;	1,68;	0;	0;	0;	0;	0;	0;	0;	0;	0;	0;	0;	0;	0;	0;	0;	0;	0;	0;	0;	0;	0;	0;	0;	0;	0;	0;	0;	0;	0;	0;	0;	0;	0;	0;	0;	0;	0;	0;	0;	0;	0;	0;	0;	0;	0;	0;	0;	0;	0;	0;	0;	0;	0;	0;	0;	0;	0;	0;	0;	0;	0;	0;	0;	0;	0;	0;	0;	0;	0;	0;	0;	0;	0
37;	-26;	6;	0,78;	62,15;	61,96;	57,44;	54,36;	49,63;	47,42;	43,79;	41,18;	40,04;	35,7;	34,73;	33,26;	32,82;	28,84;	27,23;	24,97;	24,9;	24,59;	23,96;	19,95;	18,11;	11,64;	9,85;	7,4;	0,45;	0;	0;	0;	0;	0;	0;	0;	0;	0;	0;	0;	0;	0;	0;	0;	0;	0;	0;	0;	0;	0;	0;	0;	0;	0;	0;	0;	0;	0;	0;	0;	0;	0;	0;	0;	0;	0;	0;	0;	0;	0;	0;	0;	0;	0;	0;	0;	0;	0;	0;	0;	0;	0;	0;	0;	0;	0;	0;	0;	0;	0;	0;	0;	0;	0;	0;	0;	0;	0;	0;	0;	0;	0;	0;	0;	0
38;	1;	6;	0,98;	nan;	100,0;	99,67;	99,53;	98,36;	98,23;	96,43;	95,26;	93,48;	90,6;	89,05;	84,58;	83,27;	80,56;	79,75;	78,28;	75,69;	75,3;	73,89;	67,84;	63,95;	60,78;	58,74;	53,8;	50,19;	49,47;	46,62;	46,08;	36,82;	32,48;	30,98;	26,45;	24,66;	22,01;	20,27;	19,72;	16,4;	13,47;	8,64;	3,63;	1,98;	0,0;	0,0;	0,0;	0,0;	0,0;	0,0;	0,0;	0,0;	0,0;	0,0;	0,0;	0,0;	0,0;	0,0;	0,0;	0,0;	0,0;	0,0;	0,0;	0,0;	0,0;	0,0;	0,0;	0,0;	0,0;	0,0;	0,0;	0,0;	0,0;	0,0;	0,0;	0,0;	0,0;	0,0;	0,0;	0,0;	0,0;	0,0;	0,0;	0,0;	0,0;	0,0;	0,0;	0,0;	0,0;	0,0;	0,0;	0,0;	0,0;	0,0;	0,0;	0,0;	0,0;	0,0;	0,0;	0,0;	0,0;	0,0;	0,0;	0,0
39;	1;	6;	1,5;	nan;	100,0;	99,27;	97,98;	97,88;	96,99;	96,75;	95,71;	94,54;	92,86;	91,76;	90,44;	85,48;	82,47;	74,45;	73,34;	72,21;	68,81;	63,65;	58,87;	55,94;	48,77;	45,41;	40,54;	31,34;	30,82;	22,02;	20,99;	15,38;	13,09;	11,71;	8,59;	6,93;	5,72;	2,21;	0,0;	0,0;	0,0;	0,0;	0,0;	0,0;	0,0;	0,0;	0,0;	0,0;	0,0;	0,0;	0,0;	0,0;	0,0;	0,0;	0,0;	0,0;	0,0;	0,0;	0,0;	0,0;	0,0;	0,0;	0,0;	0,0;	0,0;	0,0;	0,0;	0,0;	0,0;	0,0;	0,0;	0,0;	0,0;	0,0;	0,0;	0,0;	0,0;	0,0;	0,0;	0,0;	0,0;	0,0;	0,0;	0,0;	0,0;	0,0;	0,0;	0,0;	0,0;	0,0;	0,0;	0,0;	0,0;	0,0;	0,0;	0,0;	0,0;	0,0;	0,0;	0,0;	0,0;	0,0;	0,0;	0,0
40;	20;	6;	0,76;	nan;	nan;	nan;	nan;	nan;	nan;	nan;	nan;	nan;	nan;	nan;	nan;	nan;	nan;	nan;	nan;	nan;	nan;	nan;	nan;	100,0;	99,99;	99,51;	99,49;	99,16;	98,76;	97,64;	97,46;	96,51;	96,12;	95,86;	94,82;	92,84;	89,95;	87,81;	87,04;	86,81;	86,26;	85,7;	85,64;	85,34;	83,88;	80,49;	79,44;	74,04;	72,24;	69,93;	68,66;	68,41;	63,84;	63,38;	55,89;	54,29;	51,24;	47,99;	42,42;	40,62;	40,57;	36,64;	35,15;	31,98;	31,09;	23,75;	22,41;	18,96;	17,37;	14,43;	14,23;	11,26;	8,21;	0,49;	0,0;	0,0;	0,0;	0,0;	0,0;	0,0;	0,0;	0,0;	0,0;	0,0;	0,0;	0,0;	0,0;	0,0;	0,0;	0,0;	0,0;	0,0;	0,0;	0,0;	0,0;	0,0;	0,0;	0,0;	0,0;	0,0;	0,0;	0,0;	0,0;	0,0
41;	2;	6;	1,06;	nan;	nan;	100,0;	99,95;	99,08;	99,02;	98,64;	98,26;	98,15;	97,94;	96,34;	93,45;	93,15;	89,92;	87,58;	87,34;	86,06;	85,29;	79,66;	76,62;	70,77;	68,75;	64,9;	61,8;	59,89;	55,6;	52,07;	49,36;	46,08;	44,16;	39,03;	31,13;	28,53;	26,24;	25,71;	20,54;	18,57;	15,03;	11,16;	9,47;	2,2;	0,0;	0,0;	0,0;	0,0;	0,0;	0,0;	0,0;	0,0;	0,0;	0,0;	0,0;	0,0;	0,0;	0,0;	0,0;	0,0;	0,0;	0,0;	0,0;	0,0;	0,0;	0,0;	0,0;	0,0;	0,0;	0,0;	0,0;	0,0;	0,0;	0,0;	0,0;	0,0;	0,0;	0,0;	0,0;	0,0;	0,0;	0,0;	0,0;	0,0;	0,0;	0,0;	0,0;	0,0;	0,0;	0,0;	0,0;	0,0;	0,0;	0,0;	0,0;	0,0;	0,0;	0,0;	0,0;	0,0;	0,0;	0,0;	0,0;	0,0
42;	9;	6;	1,04;	nan;	nan;	nan;	nan;	nan;	nan;	nan;	nan;	nan;	100,0;	99,83;	99,17;	99,09;	97,99;	96,64;	96,43;	95,67;	94,84;	93,34;	90,14;	89,65;	88,42;	85,52;	84,08;	80,61;	79,89;	76,28;	74,98;	72,35;	63,6;	57,78;	54,13;	51,99;	50,04;	47,01;	46,38;	41,59;	36,75;	34,46;	28,8;	26,81;	22,31;	18,76;	10,97;	9,21;	3,81;	2,22;	0,0;	0,0;	0,0;	0,0;	0,0;	0,0;	0,0;	0,0;	0,0;	0,0;	0,0;	0,0;	0,0;	0,0;	0,0;	0,0;	0,0;	0,0;	0,0;	0,0;	0,0;	0,0;	0,0;	0,0;	0,0;	0,0;	0,0;	0,0;	0,0;	0,0;	0,0;	0,0;	0,0;	0,0;	0,0;	0,0;	0,0;	0,0;	0,0;	0,0;	0,0;	0,0;	0,0;	0,0;	0,0;	0,0;	0,0;	0,0;	0,0;	0,0;	0,0;	0,0;	0,0;	0,0
43;	3;	6;	1,08;	nan;	nan;	nan;	100,0;	99,75;	99,09;	97,84;	96,1;	95,99;	92,13;	91,62;	89,91;	89,67;	88,15;	87,88;	86,15;	81,76;	81,73;	81,17;	77,95;	75,62;	73,21;	72,34;	69,28;	68,7;	68,41;	64,23;	64,12;	59,82;	55,44;	52,72;	49,7;	49,37;	48,49;	48,22;	42,43;	38,37;	33,63;	33,43;	30,31;	30,03;	27,51;	27,47;	27,35;	25,94;	20,43;	18,42;	17,18;	12,06;	7,39;	0,0;	0,0;	0,0;	0,0;	0,0;	0,0;	0,0;	0,0;	0,0;	0,0;	0,0;	0,0;	0,0;	0,0;	0,0;	0,0;	0,0;	0,0;	0,0;	0,0;	0,0;	0,0;	0,0;	0,0;	0,0;	0,0;	0,0;	0,0;	0,0;	0,0;	0,0;	0,0;	0,0;	0,0;	0,0;	0,0;	0,0;	0,0;	0,0;	0,0;	0,0;	0,0;	0,0;	0,0;	0,0;	0,0;	0,0;	0,0;	0,0;	0,0;	0,0
44;	-7;	6;	0,99;	93,53;	92,79;	91,83;	90,2;	86,64;	81,57;	78,63;	78,1;	73,74;	70,27;	69,77;	65,82;	63,8;	63,4;	61,99;	56,22;	55,46;	53,91;	47,16;	43,55;	41,05;	40,19;	38,05;	35,81;	34,42;	31,2;	30,23;	29,47;	29,34;	26,64;	24,6;	24,34;	22,6;	21,73;	19,13;	7,02;	2,86;	0,76;	0;	0;	0;	0;	0;	0;	0;	0;	0;	0;	0;	0;	0;	0;	0;	0;	0;	0;	0;	0;	0;	0;	0;	0;	0;	0;	0;	0;	0;	0;	0;	0;	0;	0;	0;	0;	0;	0;	0;	0;	0;	0;	0;	0;	0;	0;	0;	0;	0;	0;	0;	0;	0;	0;	0;	0;	0;	0;	0;	0;	0;	0;	0
45;	-4;	6;	0,96;	97,86;	96,89;	94,72;	91,96;	89,38;	88,06;	86,17;	81,91;	78,11;	75,26;	73,28;	72,15;	71,06;	70,14;	68,5;	68,23;	67,33;	66,02;	57,97;	54,15;	47,91;	46,57;	46,14;	46,1;	44,18;	41,46;	39,59;	31,69;	28,46;	17,7;	17,35;	15,85;	12,27;	11,63;	6,01;	2,25;	0,25;	0;	0;	0;	0;	0;	0;	0;	0;	0;	0;	0;	0;	0;	0;	0;	0;	0;	0;	0;	0;	0;	0;	0;	0;	0;	0;	0;	0;	0;	0;	0;	0;	0;	0;	0;	0;	0;	0;	0;	0;	0;	0;	0;	0;	0;	0;	0;	0;	0;	0;	0;	0;	0;	0;	0;	0;	0;	0;	0;	0;	0;	0;	0;	0
46;	12;	6;	0,97;	nan;	nan;	nan;	nan;	nan;	nan;	nan;	nan;	nan;	nan;	nan;	nan;	100,0;	99,82;	99,36;	99,31;	98,87;	98,08;	97,48;	97,3;	97,14;	96,13;	93,56;	91,62;	89,54;	88,06;	86,15;	82,76;	81,65;	78,09;	76,96;	76,32;	75,7;	75,28;	72,78;	71,49;	64,43;	64,2;	58,49;	57,74;	52,56;	48,92;	47,53;	44,34;	43,46;	42,83;	39,93;	36,43;	32,42;	30,15;	22,32;	18,54;	17,74;	14,14;	9,5;	5,35;	4,83;	2,96;	0,47;	0,0;	0,0;	0,0;	0,0;	0,0;	0,0;	0,0;	0,0;	0,0;	0,0;	0,0;	0,0;	0,0;	0,0;	0,0;	0,0;	0,0;	0,0;	0,0;	0,0;	0,0;	0,0;	0,0;	0,0;	0,0;	0,0;	0,0;	0,0;	0,0;	0,0;	0,0;	0,0;	0,0;	0,0;	0,0;	0,0;	0,0;	0,0;	0,0;	0,0;	0,0;	0,0
47;	4;	6;	1,18;	nan;	nan;	nan;	nan;	100,0;	100,0;	99,78;	99,65;	99,31;	99,16;	98,53;	96,26;	95,34;	93,27;	91,19;	90,22;	90,08;	89,07;	83,8;	79,21;	76,96;	69,86;	65,42;	62,86;	60,16;	59,66;	57,65;	53,55;	50,88;	49,43;	49,1;	44,17;	42,19;	35,73;	31,95;	26,92;	21,76;	17,61;	15,36;	11,32;	6,78;	6,47;	0,0;	0,0;	0,0;	0,0;	0,0;	0,0;	0,0;	0,0;	0,0;	0,0;	0,0;	0,0;	0,0;	0,0;	0,0;	0,0;	0,0;	0,0;	0,0;	0,0;	0,0;	0,0;	0,0;	0,0;	0,0;	0,0;	0,0;	0,0;	0,0;	0,0;	0,0;	0,0;	0,0;	0,0;	0,0;	0,0;	0,0;	0,0;	0,0;	0,0;	0,0;	0,0;	0,0;	0,0;	0,0;	0,0;	0,0;	0,0;	0,0;	0,0;	0,0;	0,0;	0,0;	0,0;	0,0;	0,0;	0,0;	0,0;	0,0
48;	8;	6;	0,6;	nan;	nan;	nan;	nan;	nan;	nan;	nan;	nan;	100,0;	99,88;	99,75;	99,62;	98,6;	98,28;	97,98;	97,18;	96,63;	96,23;	94,02;	93,53;	92,97;	91,21;	91,04;	91,0;	90,37;	90,24;	89,21;	88,03;	86,68;	86,67;	84,44;	84,01;	81,67;	81,47;	75,83;	75,63;	72,82;	71,81;	70,82;	69,35;	68,16;	67,65;	67,63;	65,31;	64,11;	61,11;	57,63;	54,22;	54,03;	51,63;	48,08;	44,62;	42,57;	37,7;	35,37;	30,07;	28,62;	26,08;	22,06;	19,41;	17,59;	10,58;	9,29;	1,47;	0,39;	0,07;	0,0;	0,0;	0,0;	0,0;	0,0;	0,0;	0,0;	0,0;	0,0;	0,0;	0,0;	0,0;	0,0;	0,0;	0,0;	0,0;	0,0;	0,0;	0,0;	0,0;	0,0;	0,0;	0,0;	0,0;	0,0;	0,0;	0,0;	0,0;	0,0;	0,0;	0,0;	0,0;	0,0;	0,0;	0,0
49;	-4;	6;	0,88;	98,29;	97,08;	95,56;	93,62;	93,57;	92,98;	91,88;	89,6;	89,03;	86,7;	84,37;	81,17;	76,12;	75,54;	73,31;	73,24;	71,0;	68,34;	67,91;	67,84;	66,35;	62,76;	61,34;	57,48;	56,01;	52,71;	49,04;	48,35;	44,91;	39,2;	39,11;	32,39;	29,14;	25,14;	23,65;	21,55;	17,51;	10,98;	7,17;	4,93;	0;	0;	0;	0;	0;	0;	0;	0;	0;	0;	0;	0;	0;	0;	0;	0;	0;	0;	0;	0;	0;	0;	0;	0;	0;	0;	0;	0;	0;	0;	0;	0;	0;	0;	0;	0;	0;	0;	0;	0;	0;	0;	0;	0;	0;	0;	0;	0;	0;	0;	0;	0;	0;	0;	0;	0;	0;	0;	0;	0;	0
50;	2;	6;	0,94;	nan;	nan;	100,0;	99,77;	99,27;	98,79;	98,61;	98,55;	97,6;	97,55;	97,5;	97,01;	96,89;	93,21;	91,19;	89,76;	88,8;	87,15;	84,5;	84,19;	82,39;	81,96;	78,59;	73,7;	69,1;	67,09;	66,43;	65,83;	65,34;	63,89;	63,12;	59,89;	59,83;	56,59;	55,21;	47,54;	44,16;	40,72;	35,72;	35,3;	30,86;	30,8;	28,82;	24,81;	21,72;	21,61;	13,84;	11,59;	7,57;	3,73;	0,41;	0,0;	0,0;	0,0;	0,0;	0,0;	0,0;	0,0;	0,0;	0,0;	0,0;	0,0;	0,0;	0,0;	0,0;	0,0;	0,0;	0,0;	0,0;	0,0;	0,0;	0,0;	0,0;	0,0;	0,0;	0,0;	0,0;	0,0;	0,0;	0,0;	0,0;	0,0;	0,0;	0,0;	0,0;	0,0;	0,0;	0,0;	0,0;	0,0;	0,0;	0,0;	0,0;	0,0;	0,0;	0,0;	0,0;	0,0;	0,0;	0,0;	0,0
51;	7;	6;	0,78;	nan;	nan;	nan;	nan;	nan;	nan;	nan;	100,0;	99,79;	99,15;	98,68;	97,32;	96,1;	95,54;	94,89;	94,76;	91,03;	90,72;	88,5;	85,8;	84,78;	84,05;	81,83;	79,9;	77,23;	76,56;	76,39;	72,36;	71,04;	70,62;	66,61;	63,68;	60,48;	60,47;	60,12;	58,19;	54,15;	51,5;	50,47;	46,78;	44,27;	42,14;	40,91;	38,88;	37,48;	36,98;	35,47;	30,44;	27,98;	27,07;	26,75;	25,86;	24,58;	24,43;	23,09;	21,82;	15,77;	9,65;	8,93;	7,96;	4,48;	1,39;	0,0;	0,0;	0,0;	0,0;	0,0;	0,0;	0,0;	0,0;	0,0;	0,0;	0,0;	0,0;	0,0;	0,0;	0,0;	0,0;	0,0;	0,0;	0,0;	0,0;	0,0;	0,0;	0,0;	0,0;	0,0;	0,0;	0,0;	0,0;	0,0;	0,0;	0,0;	0,0;	0,0;	0,0;	0,0;	0,0;	0,0;	0,0;	0,0
52;	-5;	6;	0,79;	97,03;	95,66;	94,26;	94,09;	92,7;	88,47;	87,99;	84,81;	82,26;	77,48;	75,81;	74,8;	73,54;	71,39;	71,03;	66,47;	65,18;	64,13;	63,09;	59,99;	55,48;	52,72;	47,91;	45,67;	43,61;	42,24;	38,98;	37,41;	35,75;	28,91;	26,73;	26,39;	23,02;	20,57;	18,63;	17,39;	16,53;	15,11;	10,94;	8,38;	7,38;	7,37;	6,14;	5,97;	3,76;	0;	0;	0;	0;	0;	0;	0;	0;	0;	0;	0;	0;	0;	0;	0;	0;	0;	0;	0;	0;	0;	0;	0;	0;	0;	0;	0;	0;	0;	0;	0;	0;	0;	0;	0;	0;	0;	0;	0;	0;	0;	0;	0;	0;	0;	0;	0;	0;	0;	0;	0;	0;	0;	0;	0;	0
53;	-2;	6;	1,22;	99,5;	99,44;	99,29;	98,42;	97,32;	96,22;	95,86;	95,52;	94,72;	93,77;	93,69;	91,23;	89,17;	82,71;	80,0;	79,88;	74,16;	74,11;	66,46;	60,75;	59,49;	57,43;	55,69;	48,67;	45,27;	44,23;	37,52;	33,96;	31,55;	27,3;	25,72;	24,46;	21,28;	17,84;	14,83;	12,35;	11,96;	3,82;	0;	0;	0;	0;	0;	0;	0;	0;	0;	0;	0;	0;	0;	0;	0;	0;	0;	0;	0;	0;	0;	0;	0;	0;	0;	0;	0;	0;	0;	0;	0;	0;	0;	0;	0;	0;	0;	0;	0;	0;	0;	0;	0;	0;	0;	0;	0;	0;	0;	0;	0;	0;	0;	0;	0;	0;	0;	0;	0;	0;	0;	0;	0
54;	-8;	6;	1,15;	93,17;	92,88;	92,6;	89,96;	89,36;	85,98;	83,96;	80,18;	79,02;	74,35;	73,82;	66,61;	60,83;	58,93;	55,64;	53,55;	52,24;	45,69;	45,48;	41,07;	37,61;	35,2;	34,97;	27,34;	25,58;	24,88;	24,48;	20,21;	18,54;	10,38;	9,76;	1,26;	0;	0;	0;	0;	0;	0;	0;	0;	0;	0;	0;	0;	0;	0;	0;	0;	0;	0;	0;	0;	0;	0;	0;	0;	0;	0;	0;	0;	0;	0;	0;	0;	0;	0;	0;	0;	0;	0;	0;	0;	0;	0;	0;	0;	0;	0;	0;	0;	0;	0;	0;	0;	0;	0;	0;	0;	0;	0;	0;	0;	0;	0;	0;	0;	0;	0;	0;	0;	0
55;	-2;	6;	1,34;	99,55;	98,25;	97,14;	96,17;	95,81;	92,95;	92,0;	91,62;	89,03;	86,7;	82,73;	79,78;	76,95;	75,95;	72,18;	62,29;	59,11;	57,36;	50,41;	48,06;	41,95;	40,4;	36,49;	35,09;	27,84;	24,59;	23,02;	21,81;	17,75;	12,68;	7,89;	0;	0;	0;	0;	0;	0;	0;	0;	0;	0;	0;	0;	0;	0;	0;	0;	0;	0;	0;	0;	0;	0;	0;	0;	0;	0;	0;	0;	0;	0;	0;	0;	0;	0;	0;	0;	0;	0;	0;	0;	0;	0;	0;	0;	0;	0;	0;	0;	0;	0;	0;	0;	0;	0;	0;	0;	0;	0;	0;	0;	0;	0;	0;	0;	0;	0;	0;	0;	0;	0
56;	-15;	6;	1,08;	85,35;	80,55;	76,75;	74,59;	72,88;	68,54;	67,89;	66,8;	64,11;	56,58;	54,94;	53,24;	50,76;	48,27;	43,47;	37,87;	36,06;	34,79;	32,45;	31,85;	27,37;	24,22;	16,99;	9,48;	1,35;	0;	0;	0;	0;	0;	0;	0;	0;	0;	0;	0;	0;	0;	0;	0;	0;	0;	0;	0;	0;	0;	0;	0;	0;	0;	0;	0;	0;	0;	0;	0;	0;	0;	0;	0;	0;	0;	0;	0;	0;	0;	0;	0;	0;	0;	0;	0;	0;	0;	0;	0;	0;	0;	0;	0;	0;	0;	0;	0;	0;	0;	0;	0;	0;	0;	0;	0;	0;	0;	0;	0;	0;	0;	0;	0;	0
57;	5;	6;	1,0;	nan;	nan;	nan;	nan;	nan;	100,0;	99,62;	99,56;	98,18;	97,5;	96,8;	95,86;	95,04;	90,74;	89,68;	86,72;	86,36;	81,61;	80,4;	78,61;	74,17;	72,69;	68,9;	68,35;	64,63;	63,71;	60,48;	58,78;	57,27;	56,32;	53,09;	47,75;	45,44;	41,17;	35,87;	35,22;	31,21;	26,98;	24,33;	23,89;	17,4;	17,21;	16,93;	15,26;	12,14;	11,52;	8,25;	2,55;	0,0;	0,0;	0,0;	0,0;	0,0;	0,0;	0,0;	0,0;	0,0;	0,0;	0,0;	0,0;	0,0;	0,0;	0,0;	0,0;	0,0;	0,0;	0,0;	0,0;	0,0;	0,0;	0,0;	0,0;	0,0;	0,0;	0,0;	0,0;	0,0;	0,0;	0,0;	0,0;	0,0;	0,0;	0,0;	0,0;	0,0;	0,0;	0,0;	0,0;	0,0;	0,0;	0,0;	0,0;	0,0;	0,0;	0,0;	0,0;	0,0;	0,0;	0,0;	0,0;	0,0
58;	-10;	6;	1,37;	86,6;	85,49;	82,85;	78,03;	72,86;	69,9;	65,35;	63,92;	63,49;	61,25;	54,69;	54,55;	53,37;	51,99;	45,1;	41,23;	39,07;	36,38;	30,84;	30,11;	28,95;	25,82;	25,56;	15,34;	8,28;	6,79;	0;	0;	0;	0;	0;	0;	0;	0;	0;	0;	0;	0;	0;	0;	0;	0;	0;	0;	0;	0;	0;	0;	0;	0;	0;	0;	0;	0;	0;	0;	0;	0;	0;	0;	0;	0;	0;	0;	0;	0;	0;	0;	0;	0;	0;	0;	0;	0;	0;	0;	0;	0;	0;	0;	0;	0;	0;	0;	0;	0;	0;	0;	0;	0;	0;	0;	0;	0;	0;	0;	0;	0;	0;	0;	0
59;	-7;	6;	1,09;	94,68;	94,5;	92,2;	92,19;	88,86;	88,23;	85,89;	82,41;	80,01;	77,86;	77,22;	76,46;	71,64;	68,53;	66,99;	64,38;	59,41;	57,28;	56,87;	56,14;	55,48;	54,15;	53,17;	47,95;	46,24;	41,75;	33,62;	28,92;	25,46;	23,51;	15,14;	13,5;	10,86;	8,52;	5,1;	1,27;	0;	0;	0;	0;	0;	0;	0;	0;	0;	0;	0;	0;	0;	0;	0;	0;	0;	0;	0;	0;	0;	0;	0;	0;	0;	0;	0;	0;	0;	0;	0;	0;	0;	0;	0;	0;	0;	0;	0;	0;	0;	0;	0;	0;	0;	0;	0;	0;	0;	0;	0;	0;	0;	0;	0;	0;	0;	0;	0;	0;	0;	0;	0;	0;	0
60;	-4;	6;	1,11;	97,25;	97,12;	96,12;	95,0;	94,73;	93,29;	93,0;	89,83;	89,21;	88,92;	85,57;	79,86;	79,56;	75,58;	71,14;	68,45;	64,83;	64,71;	59,55;	58,41;	56,92;	55,06;	54,71;	51,19;	45,28;	44,49;	40,25;	38,57;	38,04;	31,07;	29,33;	22,54;	21,51;	16,79;	14,26;	11,12;	5,73;	2,08;	0,03;	0;	0;	0;	0;	0;	0;	0;	0;	0;	0;	0;	0;	0;	0;	0;	0;	0;	0;	0;	0;	0;	0;	0;	0;	0;	0;	0;	0;	0;	0;	0;	0;	0;	0;	0;	0;	0;	0;	0;	0;	0;	0;	0;	0;	0;	0;	0;	0;	0;	0;	0;	0;	0;	0;	0;	0;	0;	0;	0;	0;	0;	0
61;	-6;	6;	0,76;	98,33;	96,98;	95,29;	94,03;	90,61;	89,24;	88,51;	86,93;	84,99;	83,94;	83,33;	81,77;	81,3;	77,97;	75,9;	70,36;	68,01;	66,6;	63,27;	61,22;	61,08;	59,7;	58,01;	57,85;	56,42;	51,56;	49,24;	47,68;	45,73;	43,09;	37,37;	34,91;	33,93;	32,96;	30,0;	23,62;	18,44;	17,65;	16,59;	15,69;	15,2;	7,7;	6,76;	6,02;	0;	0;	0;	0;	0;	0;	0;	0;	0;	0;	0;	0;	0;	0;	0;	0;	0;	0;	0;	0;	0;	0;	0;	0;	0;	0;	0;	0;	0;	0;	0;	0;	0;	0;	0;	0;	0;	0;	0;	0;	0;	0;	0;	0;	0;	0;	0;	0;	0;	0;	0;	0;	0;	0;	0;	0;	0
62;	12;	6;	0,86;	nan;	nan;	nan;	nan;	nan;	nan;	nan;	nan;	nan;	nan;	nan;	nan;	100,0;	99,95;	99,64;	99,3;	99,06;	98,22;	97,89;	97,38;	96,45;	95,42;	92,91;	91,88;	91,29;	89,56;	86,87;	86,24;	82,46;	82,18;	81,75;	81,12;	76,52;	67,39;	66,63;	64,56;	63,34;	63,26;	58,45;	58,01;	56,85;	55,85;	55,47;	54,92;	54,75;	52,11;	50,64;	48,49;	45,94;	42,85;	41,2;	34,83;	30,45;	29,54;	27,77;	25,54;	18,43;	18,31;	14,24;	11,05;	5,83;	1,07;	0,0;	0,0;	0,0;	0,0;	0,0;	0,0;	0,0;	0,0;	0,0;	0,0;	0,0;	0,0;	0,0;	0,0;	0,0;	0,0;	0,0;	0,0;	0,0;	0,0;	0,0;	0,0;	0,0;	0,0;	0,0;	0,0;	0,0;	0,0;	0,0;	0,0;	0,0;	0,0;	0,0;	0,0;	0,0;	0,0;	0,0;	0,0;	0,0
63;	3;	6;	1,15;	nan;	nan;	nan;	100,0;	99,79;	99,77;	98,52;	98,26;	96,74;	96,62;	93,52;	92,1;	90,1;	88,92;	88,12;	85,39;	82,29;	80,38;	77,55;	76,98;	76,22;	73,83;	71,87;	66,73;	66,02;	64,91;	63,56;	57,3;	52,31;	47,73;	47,18;	42,93;	36,86;	30,66;	28,39;	21,26;	18,66;	16,92;	12,84;	11,72;	5,56;	1,45;	0,56;	0,0;	0,0;	0,0;	0,0;	0,0;	0,0;	0,0;	0,0;	0,0;	0,0;	0,0;	0,0;	0,0;	0,0;	0,0;	0,0;	0,0;	0,0;	0,0;	0,0;	0,0;	0,0;	0,0;	0,0;	0,0;	0,0;	0,0;	0,0;	0,0;	0,0;	0,0;	0,0;	0,0;	0,0;	0,0;	0,0;	0,0;	0,0;	0,0;	0,0;	0,0;	0,0;	0,0;	0,0;	0,0;	0,0;	0,0;	0,0;	0,0;	0,0;	0,0;	0,0;	0,0;	0,0;	0,0;	0,0;	0,0;	0,0
64;	0;	6;	0,86;	100,0;	99,95;	99,36;	98,55;	98,49;	97,52;	95,81;	95,33;	94,59;	93,26;	93,09;	91,61;	91,41;	89,49;	86,57;	86,24;	83,72;	83,03;	80,58;	78,55;	77,66;	73,56;	71,47;	71,4;	63,8;	60,17;	59,53;	58,51;	56,98;	49,7;	44,77;	43,99;	40,39;	37,12;	35,62;	34,65;	32,34;	30,21;	28,75;	27,98;	27,34;	25,18;	21,37;	17,32;	15,64;	11,57;	9,26;	1,33;	0;	0;	0;	0;	0;	0;	0;	0;	0;	0;	0;	0;	0;	0;	0;	0;	0;	0;	0;	0;	0;	0;	0;	0;	0;	0;	0;	0;	0;	0;	0;	0;	0;	0;	0;	0;	0;	0;	0;	0;	0;	0;	0;	0;	0;	0;	0;	0;	0;	0;	0;	0;	0
65;	3;	6;	0,86;	nan;	nan;	nan;	100,0;	99,94;	99,19;	99,17;	97,45;	95,71;	95,14;	94,76;	94,17;	91,6;	90,7;	89,04;	88,71;	86,09;	86,04;	85,06;	81,66;	79,76;	79,31;	74,7;	71,94;	66,96;	64,65;	60,23;	54,17;	53,16;	49,7;	44,24;	39,82;	39,66;	34,62;	32,95;	30,2;	22,84;	20,79;	20,28;	17,64;	15,78;	10,15;	4,36;	4,13;	3,01;	2,72;	0,0;	0,0;	0,0;	0,0;	0,0;	0,0;	0,0;	0,0;	0,0;	0,0;	0,0;	0,0;	0,0;	0,0;	0,0;	0,0;	0,0;	0,0;	0,0;	0,0;	0,0;	0,0;	0,0;	0,0;	0,0;	0,0;	0,0;	0,0;	0,0;	0,0;	0,0;	0,0;	0,0;	0,0;	0,0;	0,0;	0,0;	0,0;	0,0;	0,0;	0,0;	0,0;	0,0;	0,0;	0,0;	0,0;	0,0;	0,0;	0,0;	0,0;	0,0;	0,0;	0,0;	0,0;	0,0
66;	-24;	6;	0,87;	61,59;	56,12;	54,96;	47,07;	44,0;	41,78;	38,71;	33,33;	30,76;	29,99;	25,93;	25,05;	24,21;	23,71;	20,76;	13,83;	7,94;	7,77;	5,65;	3,82;	2,06;	0;	0;	0;	0;	0;	0;	0;	0;	0;	0;	0;	0;	0;	0;	0;	0;	0;	0;	0;	0;	0;	0;	0;	0;	0;	0;	0;	0;	0;	0;	0;	0;	0;	0;	0;	0;	0;	0;	0;	0;	0;	0;	0;	0;	0;	0;	0;	0;	0;	0;	0;	0;	0;	0;	0;	0;	0;	0;	0;	0;	0;	0;	0;	0;	0;	0;	0;	0;	0;	0;	0;	0;	0;	0;	0;	0;	0;	0;	0;	0
67;	25;	6;	0,88;	nan;	nan;	nan;	nan;	nan;	nan;	nan;	nan;	nan;	nan;	nan;	nan;	nan;	nan;	nan;	nan;	nan;	nan;	nan;	nan;	nan;	nan;	nan;	nan;	nan;	100,0;	99,92;	99,79;	99,35;	98,15;	97,72;	97,15;	96,85;	94,62;	93,33;	90,94;	86,87;	86,43;	85,35;	85,0;	83,82;	83,75;	82,08;	81,2;	78,33;	73,62;	72,9;	70,33;	66,53;	65,54;	64,58;	63,65;	63,24;	60,62;	58,66;	58,34;	56,42;	50,75;	47,41;	45,44;	41,23;	37,83;	36,49;	34,59;	32,79;	27,72;	27,15;	26,45;	18,26;	13,84;	11,12;	5,1;	4,51;	0,0;	0,0;	0,0;	0,0;	0,0;	0,0;	0,0;	0,0;	0,0;	0,0;	0,0;	0,0;	0,0;	0,0;	0,0;	0,0;	0,0;	0,0;	0,0;	0,0;	0,0;	0,0;	0,0;	0,0;	0,0;	0,0;	0,0;	0,0
68;	-6;	6;	0,85;	95,46;	94,53;	92,81;	92,39;	91,09;	87,81;	84,96;	82,98;	81,46;	80,94;	79,92;	78,99;	77,31;	77,0;	76,69;	76,0;	75,41;	74,43;	73,77;	70,97;	69,69;	66,25;	65,32;	61,3;	57,41;	53,79;	53,68;	51,9;	48,15;	39,94;	37,44;	31,79;	30,2;	28,93;	26,92;	26,13;	25,28;	22,56;	19,88;	16,63;	16,46;	14,51;	11,61;	5,58;	1,94;	0,99;	0;	0;	0;	0;	0;	0;	0;	0;	0;	0;	0;	0;	0;	0;	0;	0;	0;	0;	0;	0;	0;	0;	0;	0;	0;	0;	0;	0;	0;	0;	0;	0;	0;	0;	0;	0;	0;	0;	0;	0;	0;	0;	0;	0;	0;	0;	0;	0;	0;	0;	0;	0;	0;	0;	0
69;	-5;	6;	0,99;	98,01;	96,86;	96,72;	95,0;	94,27;	92,92;	92,41;	89,15;	86,29;	79,61;	78,33;	77,85;	73,79;	70,09;	64,23;	59,72;	59,3;	58,89;	58,76;	55,05;	50,23;	48,38;	45,19;	42,73;	37,54;	30,85;	29,82;	28,03;	27,05;	26,19;	25,49;	24,04;	23,99;	15,46;	14,07;	13,91;	8,5;	2,5;	0,32;	0;	0;	0;	0;	0;	0;	0;	0;	0;	0;	0;	0;	0;	0;	0;	0;	0;	0;	0;	0;	0;	0;	0;	0;	0;	0;	0;	0;	0;	0;	0;	0;	0;	0;	0;	0;	0;	0;	0;	0;	0;	0;	0;	0;	0;	0;	0;	0;	0;	0;	0;	0;	0;	0;	0;	0;	0;	0;	0;	0;	0;	0
70;	13;	6;	0,85;	nan;	nan;	nan;	nan;	nan;	nan;	nan;	nan;	nan;	nan;	nan;	nan;	nan;	100,0;	99,87;	99,03;	98,95;	98,18;	97,55;	96,93;	96,25;	96,02;	95,57;	95,22;	93,62;	89,88;	89,0;	88,93;	86,26;	81,81;	79,64;	79,26;	77,64;	76,08;	73,08;	72,58;	71,44;	67,04;	64,34;	63,58;	61,47;	60,3;	60,05;	59,83;	56,47;	52,55;	52,36;	51,21;	49,6;	49,43;	47,14;	41,75;	37,84;	34,24;	33,26;	30,71;	23,0;	17,97;	15,02;	8,66;	4,04;	3,45;	0,0;	0,0;	0,0;	0,0;	0,0;	0,0;	0,0;	0,0;	0,0;	0,0;	0,0;	0,0;	0,0;	0,0;	0,0;	0,0;	0,0;	0,0;	0,0;	0,0;	0,0;	0,0;	0,0;	0,0;	0,0;	0,0;	0,0;	0,0;	0,0;	0,0;	0,0;	0,0;	0,0;	0,0;	0,0;	0,0;	0,0;	0,0;	0,0
71;	-5;	6;	0,82;	97,43;	96,68;	96,18;	94,1;	94,09;	91,76;	91,66;	91,66;	90,29;	87,91;	87,21;	86,96;	82,81;	81,84;	80,73;	76,23;	72,52;	70,65;	66,34;	62,98;	61,92;	60,84;	59,08;	57,47;	54,48;	47,49;	46,92;	41,66;	39,69;	38,65;	33,55;	33,2;	32,6;	31,81;	31,79;	31,29;	28,66;	25,01;	20,32;	17,04;	14,93;	12,42;	11,83;	7,57;	5,98;	3,83;	1,95;	0;	0;	0;	0;	0;	0;	0;	0;	0;	0;	0;	0;	0;	0;	0;	0;	0;	0;	0;	0;	0;	0;	0;	0;	0;	0;	0;	0;	0;	0;	0;	0;	0;	0;	0;	0;	0;	0;	0;	0;	0;	0;	0;	0;	0;	0;	0;	0;	0;	0;	0;	0;	0;	0
72;	-3;	6;	1,19;	98,54;	98,45;	97,58;	96,23;	95,69;	93,64;	93,16;	91,96;	88,49;	88,42;	82,12;	77,46;	76,49;	75,73;	74,8;	72,16;	69,99;	69,26;	65,0;	63,12;	61,52;	59,33;	58,12;	48,7;	48,43;	46,54;	45,85;	43,2;	40,02;	38,91;	29,36;	24,47;	20,41;	12,2;	7,9;	6,45;	0;	0;	0;	0;	0;	0;	0;	0;	0;	0;	0;	0;	0;	0;	0;	0;	0;	0;	0;	0;	0;	0;	0;	0;	0;	0;	0;	0;	0;	0;	0;	0;	0;	0;	0;	0;	0;	0;	0;	0;	0;	0;	0;	0;	0;	0;	0;	0;	0;	0;	0;	0;	0;	0;	0;	0;	0;	0;	0;	0;	0;	0;	0;	0;	0
73;	-7;	6;	0,76;	95,73;	94,75;	93,9;	92,74;	91,41;	90,63;	89,82;	88,4;	87,99;	85,6;	85,38;	81,28;	79,34;	77,78;	76,65;	71,76;	68,83;	66,11;	63,02;	62,89;	61,25;	59,67;	58,84;	54,27;	52,03;	51,58;	46,82;	45,71;	44,88;	42,48;	38,43;	34,9;	34,89;	29,5;	28,85;	28,24;	23,91;	20,44;	18,65;	17,22;	16,07;	11,28;	8,91;	6,93;	0,98;	0;	0;	0;	0;	0;	0;	0;	0;	0;	0;	0;	0;	0;	0;	0;	0;	0;	0;	0;	0;	0;	0;	0;	0;	0;	0;	0;	0;	0;	0;	0;	0;	0;	0;	0;	0;	0;	0;	0;	0;	0;	0;	0;	0;	0;	0;	0;	0;	0;	0;	0;	0;	0;	0;	0;	0
74;	-5;	6;	1,35;	97,3;	96,47;	96,1;	92,25;	91,19;	89,75;	86,26;	84,58;	79,4;	78,68;	74,42;	73,19;	69,95;	65,9;	64,55;	63,71;	61,03;	58,68;	57,78;	56,71;	51,14;	51,04;	50,54;	46,56;	44,79;	41,25;	39,39;	32,15;	30,37;	29,45;	29,21;	26,97;	21,91;	21,56;	20,0;	14,11;	13,59;	9,26;	0,17;	0;	0;	0;	0;	0;	0;	0;	0;	0;	0;	0;	0;	0;	0;	0;	0;	0;	0;	0;	0;	0;	0;	0;	0;	0;	0;	0;	0;	0;	0;	0;	0;	0;	0;	0;	0;	0;	0;	0;	0;	0;	0;	0;	0;	0;	0;	0;	0;	0;	0;	0;	0;	0;	0;	0;	0;	0;	0;	0;	0;	0;	0
75;	21;	6;	0,94;	nan;	nan;	nan;	nan;	nan;	nan;	nan;	nan;	nan;	nan;	nan;	nan;	nan;	nan;	nan;	nan;	nan;	nan;	nan;	nan;	nan;	100,0;	99,86;	99,84;	99,56;	99,05;	98,75;	98,12;	98,03;	96,8;	96,44;	96,43;	96,03;	95,74;	93,57;	90,87;	90,3;	84,84;	82,56;	80,74;	77,1;	76,0;	72,33;	70,23;	65,5;	63,36;	59,7;	57,14;	52,73;	51,69;	51,54;	46,35;	44,33;	41,34;	35,56;	26,98;	23,8;	20,37;	14,94;	14,51;	11,9;	5,3;	0,4;	0,05;	0,0;	0,0;	0,0;	0,0;	0,0;	0,0;	0,0;	0,0;	0,0;	0,0;	0,0;	0,0;	0,0;	0,0;	0,0;	0,0;	0,0;	0,0;	0,0;	0,0;	0,0;	0,0;	0,0;	0,0;	0,0;	0,0;	0,0;	0,0;	0,0;	0,0;	0,0;	0,0;	0,0;	0,0;	0,0;	0,0;	0,0
76;	16;	6;	0,97;	nan;	nan;	nan;	nan;	nan;	nan;	nan;	nan;	nan;	nan;	nan;	nan;	nan;	nan;	nan;	nan;	100,0;	99,57;	98,77;	98,2;	97,36;	95,08;	93,56;	92,42;	92,37;	91,75;	88,05;	85,35;	84,52;	84,44;	84,15;	80,8;	75,48;	72,51;	69,23;	69,03;	67,07;	63,13;	60,67;	59,67;	53,73;	52,49;	46,37;	42,08;	40,93;	36,62;	33,62;	32,21;	29,59;	29,38;	21,69;	13,27;	10,92;	8,01;	5,18;	4,77;	4,38;	2,59;	0,0;	0,0;	0,0;	0,0;	0,0;	0,0;	0,0;	0,0;	0,0;	0,0;	0,0;	0,0;	0,0;	0,0;	0,0;	0,0;	0,0;	0,0;	0,0;	0,0;	0,0;	0,0;	0,0;	0,0;	0,0;	0,0;	0,0;	0,0;	0,0;	0,0;	0,0;	0,0;	0,0;	0,0;	0,0;	0,0;	0,0;	0,0;	0,0;	0,0;	0,0;	0,0;	0,0
77;	-3;	6;	0,49;	99,19;	98,92;	98,86;	97,62;	97,14;	96,79;	96,36;	96,32;	95,61;	94,73;	93,6;	93,18;	92,66;	91,85;	91,67;	88,98;	88,13;	85,55;	84,25;	82,13;	80,23;	79,43;	77,22;	75,89;	71,91;	71,57;	71,4;	68,74;	67,91;	67,71;	64,98;	62,25;	61,96;	59,81;	59,14;	58,37;	56,69;	54,25;	51,38;	51,17;	50,2;	48,31;	48,23;	44,81;	44,62;	39,99;	39,1;	38,3;	37,06;	35,64;	35,49;	32,73;	30,45;	29,5;	28,46;	27,54;	26,28;	24,0;	19,82;	17,83;	15,82;	14,4;	11,98;	10,32;	8,9;	8,68;	7,67;	6,65;	4,28;	1,75;	1,2;	0,66;	0;	0;	0;	0;	0;	0;	0;	0;	0;	0;	0;	0;	0;	0;	0;	0;	0;	0;	0;	0;	0;	0;	0;	0;	0;	0;	0;	0;	0
78;	16;	6;	1,37;	nan;	nan;	nan;	nan;	nan;	nan;	nan;	nan;	nan;	nan;	nan;	nan;	nan;	nan;	nan;	nan;	100,0;	99,51;	99,49;	99,21;	97,83;	97,2;	96,93;	96,06;	94,19;	93,93;	90,68;	89,82;	88,52;	87,85;	86,55;	86,4;	83,24;	82,9;	81,1;	80,73;	72,81;	70,54;	63,24;	59,85;	55,33;	44,7;	44,18;	43,56;	41,48;	35,98;	35,72;	32,08;	30,46;	26,15;	24,61;	24,34;	22,75;	20,07;	10,65;	7,96;	2,52;	0,0;	0,0;	0,0;	0,0;	0,0;	0,0;	0,0;	0,0;	0,0;	0,0;	0,0;	0,0;	0,0;	0,0;	0,0;	0,0;	0,0;	0,0;	0,0;	0,0;	0,0;	0,0;	0,0;	0,0;	0,0;	0,0;	0,0;	0,0;	0,0;	0,0;	0,0;	0,0;	0,0;	0,0;	0,0;	0,0;	0,0;	0,0;	0,0;	0,0;	0,0;	0,0;	0,0;	0,0
79;	-5;	6;	0,85;	98,12;	97,25;	96,62;	92,78;	91,57;	89,38;	86,64;	86,27;	84,23;	81,11;	80,13;	72,15;	71,8;	70,44;	68,54;	66,68;	65,58;	61,66;	60,9;	57,05;	56,39;	55,12;	51,98;	49,74;	49,56;	45,67;	42,9;	42,76;	40,71;	36,72;	33,5;	33,11;	26,26;	23,91;	23,6;	18,11;	18,08;	10,05;	4,51;	0;	0;	0;	0;	0;	0;	0;	0;	0;	0;	0;	0;	0;	0;	0;	0;	0;	0;	0;	0;	0;	0;	0;	0;	0;	0;	0;	0;	0;	0;	0;	0;	0;	0;	0;	0;	0;	0;	0;	0;	0;	0;	0;	0;	0;	0;	0;	0;	0;	0;	0;	0;	0;	0;	0;	0;	0;	0;	0;	0;	0;	0
80;	-11;	6;	1,16;	88,72;	84,5;	84,17;	81,85;	80,15;	78,61;	77,3;	73,26;	72,46;	71,93;	69,0;	65,54;	64,87;	52,74;	50,38;	47,85;	45,95;	43,73;	38,01;	37,48;	33,67;	30,9;	26,83;	25,51;	23,94;	21,85;	16,11;	10,94;	4,75;	0;	0;	0;	0;	0;	0;	0;	0;	0;	0;	0;	0;	0;	0;	0;	0;	0;	0;	0;	0;	0;	0;	0;	0;	0;	0;	0;	0;	0;	0;	0;	0;	0;	0;	0;	0;	0;	0;	0;	0;	0;	0;	0;	0;	0;	0;	0;	0;	0;	0;	0;	0;	0;	0;	0;	0;	0;	0;	0;	0;	0;	0;	0;	0;	0;	0;	0;	0;	0;	0;	0;	0
81;	-12;	6;	1,11;	89,56;	89,13;	88,66;	86,06;	85,58;	85,19;	84,14;	83,58;	81,93;	76,59;	76,41;	75,4;	75,21;	70,4;	68,98;	65,52;	61,9;	61,46;	47,3;	44,6;	41,52;	37,49;	34,3;	33,84;	32,24;	31,38;	26,51;	21,33;	12,07;	9,61;	6,42;	0;	0;	0;	0;	0;	0;	0;	0;	0;	0;	0;	0;	0;	0;	0;	0;	0;	0;	0;	0;	0;	0;	0;	0;	0;	0;	0;	0;	0;	0;	0;	0;	0;	0;	0;	0;	0;	0;	0;	0;	0;	0;	0;	0;	0;	0;	0;	0;	0;	0;	0;	0;	0;	0;	0;	0;	0;	0;	0;	0;	0;	0;	0;	0;	0;	0;	0;	0;	0;	0
82;	-14;	6;	1,17;	86,5;	83,93;	82,74;	78,41;	75,2;	73,14;	68,2;	66,28;	64,61;	62,4;	57,09;	52,61;	45,15;	38,63;	33,04;	24,15;	22,44;	22,41;	21,43;	20,51;	16,43;	14,09;	12,58;	8,36;	5,13;	3,34;	0;	0;	0;	0;	0;	0;	0;	0;	0;	0;	0;	0;	0;	0;	0;	0;	0;	0;	0;	0;	0;	0;	0;	0;	0;	0;	0;	0;	0;	0;	0;	0;	0;	0;	0;	0;	0;	0;	0;	0;	0;	0;	0;	0;	0;	0;	0;	0;	0;	0;	0;	0;	0;	0;	0;	0;	0;	0;	0;	0;	0;	0;	0;	0;	0;	0;	0;	0;	0;	0;	0;	0;	0;	0;	0
83;	6;	6;	0,95;	nan;	nan;	nan;	nan;	nan;	nan;	100,0;	99,65;	99,24;	98,79;	98,26;	97,57;	94,46;	94,27;	92,04;	89,27;	87,83;	86,79;	85,26;	84,24;	82,72;	80,42;	78,35;	76,51;	74,62;	72,26;	69,18;	68,86;	68,61;	66,94;	64,96;	61,93;	61,01;	56,36;	55,05;	49,08;	46,43;	41,93;	39,64;	36,51;	34,79;	34,01;	26,6;	24,64;	24,18;	17,93;	15,2;	9,25;	5,76;	2,09;	1,87;	0,0;	0,0;	0,0;	0,0;	0,0;	0,0;	0,0;	0,0;	0,0;	0,0;	0,0;	0,0;	0,0;	0,0;	0,0;	0,0;	0,0;	0,0;	0,0;	0,0;	0,0;	0,0;	0,0;	0,0;	0,0;	0,0;	0,0;	0,0;	0,0;	0,0;	0,0;	0,0;	0,0;	0,0;	0,0;	0,0;	0,0;	0,0;	0,0;	0,0;	0,0;	0,0;	0,0;	0,0;	0,0;	0,0;	0,0;	0,0;	0,0;	0,0
84;	9;	6;	0,88;	nan;	nan;	nan;	nan;	nan;	nan;	nan;	nan;	nan;	100,0;	99,95;	99,86;	99,67;	99,49;	97,83;	97,4;	96,54;	95,68;	95,44;	94,69;	93,91;	93,61;	90,92;	89,07;	83,58;	81,34;	78,04;	77,01;	73,48;	70,0;	68,92;	66,64;	64,75;	57,03;	54,2;	54,1;	49,85;	48,82;	48,07;	42,22;	39,64;	34,19;	30,92;	23,07;	17,61;	13,69;	12,76;	11,34;	9,48;	4,77;	2,12;	0,0;	0,0;	0,0;	0,0;	0,0;	0,0;	0,0;	0,0;	0,0;	0,0;	0,0;	0,0;	0,0;	0,0;	0,0;	0,0;	0,0;	0,0;	0,0;	0,0;	0,0;	0,0;	0,0;	0,0;	0,0;	0,0;	0,0;	0,0;	0,0;	0,0;	0,0;	0,0;	0,0;	0,0;	0,0;	0,0;	0,0;	0,0;	0,0;	0,0;	0,0;	0,0;	0,0;	0,0;	0,0;	0,0;	0,0;	0,0;	0,0;	0,0
85;	3;	6;	1,24;	nan;	nan;	nan;	100,0;	99,81;	98,85;	98,31;	98,17;	97,24;	96,64;	96,57;	95,2;	94,64;	91,15;	90,15;	89,99;	87,19;	85,07;	83,67;	81,51;	80,48;	78,11;	74,91;	72,93;	71,41;	71,2;	68,21;	67,72;	65,28;	64,16;	63,89;	60,37;	59,92;	56,33;	49,81;	45,57;	38,73;	36,86;	32,73;	25,06;	20,88;	15,06;	9,58;	7,42;	4,2;	1,87;	1,42;	0,0;	0,0;	0,0;	0,0;	0,0;	0,0;	0,0;	0,0;	0,0;	0,0;	0,0;	0,0;	0,0;	0,0;	0,0;	0,0;	0,0;	0,0;	0,0;	0,0;	0,0;	0,0;	0,0;	0,0;	0,0;	0,0;	0,0;	0,0;	0,0;	0,0;	0,0;	0,0;	0,0;	0,0;	0,0;	0,0;	0,0;	0,0;	0,0;	0,0;	0,0;	0,0;	0,0;	0,0;	0,0;	0,0;	0,0;	0,0;	0,0;	0,0;	0,0;	0,0;	0,0;	0,0
86;	-16;	6;	1,2;	72,34;	68,21;	67,35;	58,42;	52,74;	49,37;	47,08;	46,29;	41,07;	40,3;	31,96;	31,17;	29,69;	21,58;	16,39;	11,69;	7,67;	5,3;	0;	0;	0;	0;	0;	0;	0;	0;	0;	0;	0;	0;	0;	0;	0;	0;	0;	0;	0;	0;	0;	0;	0;	0;	0;	0;	0;	0;	0;	0;	0;	0;	0;	0;	0;	0;	0;	0;	0;	0;	0;	0;	0;	0;	0;	0;	0;	0;	0;	0;	0;	0;	0;	0;	0;	0;	0;	0;	0;	0;	0;	0;	0;	0;	0;	0;	0;	0;	0;	0;	0;	0;	0;	0;	0;	0;	0;	0;	0;	0;	0;	0;	0
87;	-7;	6;	0,47;	98,66;	98,11;	97,87;	96,15;	95,23;	93,97;	92,22;	90,99;	89,52;	86,92;	84,39;	84,24;	83,71;	83,2;	80,38;	79,01;	77,91;	76,76;	75,48;	75,29;	74,58;	74,11;	73,33;	69,94;	67,91;	63,76;	63,44;	58,2;	57,97;	56,51;	55,51;	54,76;	51,47;	50,04;	47,07;	46,39;	45,11;	43,09;	41,26;	39,82;	38,44;	36,98;	32,75;	32,35;	29,26;	27,49;	26,41;	22,97;	18,07;	14,04;	12,29;	10,96;	9,62;	9,27;	9,05;	6,78;	6,67;	1,86;	1,46;	0;	0;	0;	0;	0;	0;	0;	0;	0;	0;	0;	0;	0;	0;	0;	0;	0;	0;	0;	0;	0;	0;	0;	0;	0;	0;	0;	0;	0;	0;	0;	0;	0;	0;	0;	0;	0;	0;	0;	0;	0;	0
88;	6;	6;	0,99;	nan;	nan;	nan;	nan;	nan;	nan;	100,0;	99,97;	99,71;	99,11;	98,0;	97,21;	96,81;	96,48;	96,25;	94,95;	92,78;	91,12;	90,68;	86,49;	83,28;	82,1;	76,51;	75,8;	73,92;	70,75;	68,73;	64,99;	61,0;	59,62;	57,21;	53,72;	49,85;	49,56;	43,15;	39,86;	38,3;	37,2;	34,26;	32,83;	30,67;	29,4;	27,99;	22,71;	22,1;	20,05;	19,85;	15,1;	6,8;	4,75;	3,27;	0,0;	0,0;	0,0;	0,0;	0,0;	0,0;	0,0;	0,0;	0,0;	0,0;	0,0;	0,0;	0,0;	0,0;	0,0;	0,0;	0,0;	0,0;	0,0;	0,0;	0,0;	0,0;	0,0;	0,0;	0,0;	0,0;	0,0;	0,0;	0,0;	0,0;	0,0;	0,0;	0,0;	0,0;	0,0;	0,0;	0,0;	0,0;	0,0;	0,0;	0,0;	0,0;	0,0;	0,0;	0,0;	0,0;	0,0;	0,0;	0,0;	0,0
89;	6;	6;	0,98;	nan;	nan;	nan;	nan;	nan;	nan;	100,0;	99,3;	98,58;	98,38;	98,11;	97,68;	96,57;	94,27;	92,18;	91,11;	88,52;	86,95;	86,95;	86,14;	84,64;	84,4;	80,06;	78,66;	78,63;	73,05;	72,18;	69,73;	66,2;	61,29;	60,98;	58,89;	58,06;	53,23;	51,3;	50,45;	44,11;	41,48;	33,05;	24,5;	24,35;	22,84;	21,14;	16,61;	14,45;	11,25;	4,87;	3,96;	0,0;	0,0;	0,0;	0,0;	0,0;	0,0;	0,0;	0,0;	0,0;	0,0;	0,0;	0,0;	0,0;	0,0;	0,0;	0,0;	0,0;	0,0;	0,0;	0,0;	0,0;	0,0;	0,0;	0,0;	0,0;	0,0;	0,0;	0,0;	0,0;	0,0;	0,0;	0,0;	0,0;	0,0;	0,0;	0,0;	0,0;	0,0;	0,0;	0,0;	0,0;	0,0;	0,0;	0,0;	0,0;	0,0;	0,0;	0,0;	0,0;	0,0;	0,0;	0,0;	0,0
90;	-3;	6;	0,81;	99,41;	98,45;	98,18;	96,57;	95,74;	94,3;	93,8;	93,29;	91,59;	90,54;	88,94;	85,73;	84,79;	84,48;	82,58;	82,47;	81,86;	76,24;	74,16;	72,81;	72,55;	70,17;	69,25;	67,65;	65,44;	64,82;	63,95;	63,04;	59,51;	57,36;	52,43;	51,45;	51,11;	49,61;	49,53;	45,35;	43,61;	43,33;	33,16;	31,75;	26,93;	25,97;	25,61;	24,99;	23,14;	21,15;	17,63;	15,12;	12,11;	9,78;	9,27;	6,27;	3,06;	0,77;	0;	0;	0;	0;	0;	0;	0;	0;	0;	0;	0;	0;	0;	0;	0;	0;	0;	0;	0;	0;	0;	0;	0;	0;	0;	0;	0;	0;	0;	0;	0;	0;	0;	0;	0;	0;	0;	0;	0;	0;	0;	0;	0;	0;	0;	0;	0
91;	0;	6;	1,1;	100,0;	99,59;	99,33;	98,81;	98,77;	96,73;	95,99;	94,8;	94,19;	93,55;	88,44;	87,33;	86,48;	82,36;	80,74;	79,84;	77,43;	77,38;	76,48;	75,14;	73,5;	68,21;	64,37;	60,21;	52,47;	45,18;	41,29;	37,1;	36,99;	36,8;	31,58;	24,27;	19,19;	18,21;	16,46;	12,47;	11,94;	10,45;	8,67;	6,27;	3,76;	0,32;	0,24;	0;	0;	0;	0;	0;	0;	0;	0;	0;	0;	0;	0;	0;	0;	0;	0;	0;	0;	0;	0;	0;	0;	0;	0;	0;	0;	0;	0;	0;	0;	0;	0;	0;	0;	0;	0;	0;	0;	0;	0;	0;	0;	0;	0;	0;	0;	0;	0;	0;	0;	0;	0;	0;	0;	0;	0;	0;	0
92;	7;	6;	0,99;	nan;	nan;	nan;	nan;	nan;	nan;	nan;	100,0;	99,88;	99,17;	98,91;	98,47;	98,37;	97,11;	95,22;	94,08;	92,53;	90,62;	88,98;	88,81;	87,52;	80,73;	79,68;	78,7;	77,86;	76,06;	72,12;	71,93;	68,77;	64,31;	61,99;	60,7;	54,26;	52,48;	49,73;	48,0;	44,97;	43,38;	37,8;	35,76;	32,91;	29,11;	28,09;	26,23;	23,13;	22,95;	18,21;	13,54;	10,04;	6,56;	6,22;	0,0;	0,0;	0,0;	0,0;	0,0;	0,0;	0,0;	0,0;	0,0;	0,0;	0,0;	0,0;	0,0;	0,0;	0,0;	0,0;	0,0;	0,0;	0,0;	0,0;	0,0;	0,0;	0,0;	0,0;	0,0;	0,0;	0,0;	0,0;	0,0;	0,0;	0,0;	0,0;	0,0;	0,0;	0,0;	0,0;	0,0;	0,0;	0,0;	0,0;	0,0;	0,0;	0,0;	0,0;	0,0;	0,0;	0,0;	0,0;	0,0;	0,0
93;	1;	6;	1,09;	nan;	100,0;	99,93;	99,53;	98,4;	97,09;	95,94;	94,97;	93,92;	91,07;	88,22;	87,59;	85,87;	81,77;	80,69;	80,25;	79,66;	73,78;	71,24;	66,53;	62,58;	61,53;	57,14;	56,88;	54,65;	53,86;	49,9;	49,15;	48,22;	47,9;	45,21;	42,1;	40,59;	36,69;	32,14;	30,52;	28,5;	24,8;	23,17;	20,05;	19,79;	17,31;	14,84;	10,61;	8,9;	2,89;	0,0;	0,0;	0,0;	0,0;	0,0;	0,0;	0,0;	0,0;	0,0;	0,0;	0,0;	0,0;	0,0;	0,0;	0,0;	0,0;	0,0;	0,0;	0,0;	0,0;	0,0;	0,0;	0,0;	0,0;	0,0;	0,0;	0,0;	0,0;	0,0;	0,0;	0,0;	0,0;	0,0;	0,0;	0,0;	0,0;	0,0;	0,0;	0,0;	0,0;	0,0;	0,0;	0,0;	0,0;	0,0;	0,0;	0,0;	0,0;	0,0;	0,0;	0,0;	0,0;	0,0;	0,0;	0,0
94;	-10;	6;	1,15;	92,57;	91,11;	88,58;	83,79;	78,52;	76,6;	70,79;	68,51;	66,16;	64,95;	64,11;	59,85;	58,14;	54,16;	51,0;	42,62;	37,22;	34,27;	32,48;	28,11;	26,09;	24,92;	17,5;	10,98;	7,87;	4,99;	4,49;	0;	0;	0;	0;	0;	0;	0;	0;	0;	0;	0;	0;	0;	0;	0;	0;	0;	0;	0;	0;	0;	0;	0;	0;	0;	0;	0;	0;	0;	0;	0;	0;	0;	0;	0;	0;	0;	0;	0;	0;	0;	0;	0;	0;	0;	0;	0;	0;	0;	0;	0;	0;	0;	0;	0;	0;	0;	0;	0;	0;	0;	0;	0;	0;	0;	0;	0;	0;	0;	0;	0;	0;	0;	0
95;	11;	6;	1,5;	nan;	nan;	nan;	nan;	nan;	nan;	nan;	nan;	nan;	nan;	nan;	100,0;	99,68;	98,73;	98,17;	97,94;	96,22;	95,94;	95,66;	91,9;	91,12;	88,77;	85,23;	83,41;	81,08;	77,67;	74,82;	68,78;	67,57;	61,91;	57,85;	49,28;	48,97;	44,32;	39,19;	36,94;	36,76;	35,67;	33,19;	29,89;	15,97;	13,78;	10,56;	4,8;	0,0;	0,0;	0,0;	0,0;	0,0;	0,0;	0,0;	0,0;	0,0;	0,0;	0,0;	0,0;	0,0;	0,0;	0,0;	0,0;	0,0;	0,0;	0,0;	0,0;	0,0;	0,0;	0,0;	0,0;	0,0;	0,0;	0,0;	0,0;	0,0;	0,0;	0,0;	0,0;	0,0;	0,0;	0,0;	0,0;	0,0;	0,0;	0,0;	0,0;	0,0;	0,0;	0,0;	0,0;	0,0;	0,0;	0,0;	0,0;	0,0;	0,0;	0,0;	0,0;	0,0;	0,0;	0,0;	0,0;	0,0
96;	-9;	6;	0,76;	93,62;	92,87;	90,09;	88,9;	85,38;	85,3;	82,75;	78,89;	77,64;	76,18;	73,8;	71,19;	68,4;	67,54;	65,72;	65,25;	61,88;	57,51;	57,22;	54,29;	50,23;	45,22;	43,37;	42,76;	38,01;	35,58;	30,31;	29,41;	25,86;	20,63;	12,74;	9,04;	7,36;	6,79;	5,34;	1,21;	0;	0;	0;	0;	0;	0;	0;	0;	0;	0;	0;	0;	0;	0;	0;	0;	0;	0;	0;	0;	0;	0;	0;	0;	0;	0;	0;	0;	0;	0;	0;	0;	0;	0;	0;	0;	0;	0;	0;	0;	0;	0;	0;	0;	0;	0;	0;	0;	0;	0;	0;	0;	0;	0;	0;	0;	0;	0;	0;	0;	0;	0;	0;	0;	0
97;	-10;	6;	0,84;	91,63;	90,0;	85,98;	85,53;	83,17;	82,63;	82,37;	75,82;	73,97;	73,24;	70,26;	65,67;	65,65;	60,9;	58,11;	57,74;	53,92;	51,15;	49,09;	43,46;	39,84;	38,28;	36,27;	34,11;	32,68;	27,78;	27,29;	22,76;	21,35;	21,21;	20,46;	18,0;	17,59;	17,22;	14,69;	12,96;	5,63;	0;	0;	0;	0;	0;	0;	0;	0;	0;	0;	0;	0;	0;	0;	0;	0;	0;	0;	0;	0;	0;	0;	0;	0;	0;	0;	0;	0;	0;	0;	0;	0;	0;	0;	0;	0;	0;	0;	0;	0;	0;	0;	0;	0;	0;	0;	0;	0;	0;	0;	0;	0;	0;	0;	0;	0;	0;	0;	0;	0;	0;	0;	0;	0
98;	-5;	6;	0,88;	98,82;	98,62;	98,35;	96,55;	95,8;	94,94;	92,18;	87,88;	84,87;	83,96;	82,24;	82,18;	78,99;	75,84;	74,67;	73,43;	69,99;	68,72;	68,05;	67,46;	67,05;	65,79;	64,59;	61,71;	57,18;	55,0;	53,86;	50,45;	42,91;	41,58;	38,75;	35,63;	34,67;	33,46;	28,85;	28,62;	27,46;	19,94;	16,41;	13,16;	11,72;	10,07;	8,32;	4,01;	0,99;	0;	0;	0;	0;	0;	0;	0;	0;	0;	0;	0;	0;	0;	0;	0;	0;	0;	0;	0;	0;	0;	0;	0;	0;	0;	0;	0;	0;	0;	0;	0;	0;	0;	0;	0;	0;	0;	0;	0;	0;	0;	0;	0;	0;	0;	0;	0;	0;	0;	0;	0;	0;	0;	0;	0;	0
99;	-6;	6;	0,8;	97,21;	95,81;	95,73;	94,83;	94,04;	93,79;	92,59;	91,1;	84,75;	82,32;	80,6;	79,84;	75,31;	72,52;	69,74;	68,0;	67,43;	63,19;	61,61;	61,02;	56,94;	55,15;	51,75;	50,72;	45,37;	43,96;	43,71;	42,25;	41,99;	37,4;	34,51;	33,64;	30,07;	24,23;	22,6;	21,01;	20,02;	16,71;	16,05;	13,47;	7,9;	0;	0;	0;	0;	0;	0;	0;	0;	0;	0;	0;	0;	0;	0;	0;	0;	0;	0;	0;	0;	0;	0;	0;	0;	0;	0;	0;	0;	0;	0;	0;	0;	0;	0;	0;	0;	0;	0;	0;	0;	0;	0;	0;	0;	0;	0;	0;	0;	0;	0;	0;	0;	0;	0;	0;	0;	0;	0;	0;	0
