0;	-18;	5;	1,06;	89,54;	89,37;	88,94;	87,33;	85,41;	84,22;	83,01;	80,62;	80,02;	79,46;	78,63;	73,84;	73,26;	72,56;	71,42;	69,9;	69,18;	65,24;	65,23;	64,84;	64,55;	64,29;	63,71;	62,76;	59,1;	58,79;	55,31;	54,17;	51,43;	47,97;	45,57;	43,13;	38,34;	35,27;	27,0;	25,0;	24,15;	17,04;	16,02;	15,14;	14,21;	11,02;	8,8;	8,25;	7,58;	0,52;	0,31;	0;	0;	0;	0;	0;	0;	0;	0;	0;	0;	0;	0;	0;	0;	0;	0;	0;	0;	0;	0;	0;	0;	0;	0;	0;	0;	0;	0;	0;	0;	0;	0;	0;	0;	0;	0;	0;	0;	0;	0;	0;	0;	0;	0;	0;	0;	0;	0;	0;	0;	0;	0;	0;	0
1;	12;	5;	0,93;	nan;	nan;	nan;	nan;	nan;	nan;	nan;	nan;	nan;	nan;	nan;	nan;	100,0;	99,97;	99,97;	99,93;	99,66;	99,63;	99,41;	99,26;	99,19;	99,18;	99,09;	98,93;	98,18;	97,35;	96,54;	96,2;	95,67;	94,52;	93,01;	92,52;	91,49;	89,46;	89,06;	88,35;	86,99;	86,57;	84,7;	83,63;	82,54;	82,39;	82,23;	81,87;	80,46;	79,85;	79,77;	79,38;	77,69;	77,33;	75,43;	73,13;	72,56;	71,98;	68,51;	65,49;	61,44;	58,88;	58,04;	57,62;	54,01;	51,47;	49,37;	48,82;	46,9;	44,77;	44,37;	42,41;	39,46;	38,6;	35,6;	32,37;	30,41;	28,86;	23,94;	23,11;	15,66;	10,83;	10,48;	6,99;	3,24;	0,0;	0,0;	0,0;	0,0;	0,0;	0,0;	0,0;	0,0;	0,0;	0,0;	0,0;	0,0;	0,0;	0,0;	0,0;	0,0;	0,0;	0,0;	0,0;	0,0
2;	-4;	5;	0,99;	99,91;	99,79;	99,5;	99,37;	99,0;	98,97;	98,75;	98,6;	97,68;	96,85;	96,78;	96,59;	95,23;	94,57;	93,86;	92,42;	91,4;	89,26;	88,98;	88,53;	86,8;	86,17;	84,96;	82,42;	80,59;	79,61;	78,64;	78,55;	78,55;	76,75;	75,15;	74,27;	74,26;	73,67;	72,69;	70,23;	70,21;	69,55;	67,53;	67,16;	66,62;	66,32;	65,93;	64,66;	63,41;	61,22;	59,01;	56,33;	55,18;	53,33;	48,19;	46,74;	46,39;	44,03;	44,0;	42,53;	39,74;	37,29;	34,92;	34,61;	33,02;	30,57;	30,04;	24,15;	18,49;	13,19;	12,28;	9,09;	7,28;	6,89;	2,2;	0;	0;	0;	0;	0;	0;	0;	0;	0;	0;	0;	0;	0;	0;	0;	0;	0;	0;	0;	0;	0;	0;	0;	0;	0;	0;	0;	0;	0;	0
3;	11;	5;	1,03;	nan;	nan;	nan;	nan;	nan;	nan;	nan;	nan;	nan;	nan;	nan;	100,0;	99,95;	99,92;	99,86;	99,78;	99,49;	99,21;	99,02;	98,98;	98,52;	98,08;	96,89;	96,59;	96,27;	94,99;	94,76;	93,67;	93,64;	93,04;	91,36;	90,84;	89,78;	88,87;	88,14;	86,91;	86,79;	86,6;	86,24;	84,38;	81,58;	81,38;	79,78;	76,95;	75,46;	75,19;	72,82;	71,15;	70,87;	69,87;	69,58;	68,68;	68,02;	67,06;	63,79;	63,49;	61,51;	61,07;	59,33;	59,18;	53,97;	50,28;	49,02;	47,94;	46,21;	44,71;	43,1;	37,96;	35,86;	31,26;	29,58;	26,1;	24,39;	21,94;	20,47;	18,83;	17,85;	14,32;	14,04;	13,88;	12,74;	11,14;	9,69;	1,87;	0,0;	0,0;	0,0;	0,0;	0,0;	0,0;	0,0;	0,0;	0,0;	0,0;	0,0;	0,0;	0,0;	0,0;	0,0;	0,0;	0,0
4;	3;	5;	1,33;	nan;	nan;	nan;	100,0;	99,95;	99,91;	99,38;	98,98;	98,94;	98,92;	98,33;	97,91;	97,63;	97,2;	96,39;	95,83;	95,49;	94,86;	94,4;	94,2;	93,14;	93,0;	92,81;	90,44;	89,53;	86,99;	85,53;	85,27;	82,31;	79,92;	77,21;	76,49;	74,98;	74,35;	73,25;	73,2;	72,06;	71,3;	69,03;	68,8;	68,2;	64,11;	63,29;	61,64;	60,54;	60,42;	59,53;	58,41;	54,6;	52,11;	51,08;	43,21;	42,09;	42,08;	40,87;	40,06;	37,39;	36,16;	25,67;	20,42;	20,34;	20,24;	19,92;	15,77;	9,9;	8,87;	6,08;	0,0;	0,0;	0,0;	0,0;	0,0;	0,0;	0,0;	0,0;	0,0;	0,0;	0,0;	0,0;	0,0;	0,0;	0,0;	0,0;	0,0;	0,0;	0,0;	0,0;	0,0;	0,0;	0,0;	0,0;	0,0;	0,0;	0,0;	0,0;	0,0;	0,0;	0,0;	0,0;	0,0;	0,0
5;	19;	5;	0,69;	nan;	nan;	nan;	nan;	nan;	nan;	nan;	nan;	nan;	nan;	nan;	nan;	nan;	nan;	nan;	nan;	nan;	nan;	nan;	100,0;	99,98;	99,94;	99,92;	99,56;	99,35;	99,13;	98,98;	98,72;	98,11;	98,05;	97,41;	97,28;	97,02;	97,01;	96,47;	96,11;	95,9;	95,15;	94,73;	94,67;	94,59;	94,07;	93,7;	93,09;	93,05;	91,68;	91,63;	91,13;	90,62;	89,78;	86,51;	84,17;	83,3;	82,06;	79,78;	79,75;	79,51;	78,43;	77,36;	77,27;	76,37;	75,99;	75,73;	75,03;	73,06;	71,86;	71,03;	70,06;	68,91;	66,51;	65,93;	64,72;	61,57;	60,76;	58,91;	58,58;	57,36;	54,61;	53,39;	51,3;	50,73;	47,39;	47,23;	47,09;	45,35;	45,22;	42,17;	41,48;	41,48;	40,38;	39,74;	39,15;	35,79;	32,34;	30,63;	27,86;	26,37;	24,68;	22,63;	17,78;	16,24
6;	-2;	5;	1,06;	99,94;	99,7;	99,41;	99,3;	98,84;	98,05;	97,8;	96,86;	96,73;	96,39;	95,76;	94,79;	94,55;	94,32;	93,93;	93,14;	92,29;	91,55;	89,36;	88,1;	88,04;	85,92;	85,07;	83,82;	83,27;	82,87;	82,46;	81,18;	81,14;	79,72;	78,78;	76,82;	74,41;	73,26;	72,53;	71,81;	71,49;	70,78;	66,55;	65,72;	63,36;	57,27;	53,07;	51,6;	47,25;	46,0;	43,18;	42,75;	41,08;	35,1;	30,33;	28,14;	22,8;	20,96;	18,86;	16,58;	15,11;	14,08;	12,22;	10,46;	9,64;	8,91;	7,68;	2,79;	2,59;	0;	0;	0;	0;	0;	0;	0;	0;	0;	0;	0;	0;	0;	0;	0;	0;	0;	0;	0;	0;	0;	0;	0;	0;	0;	0;	0;	0;	0;	0;	0;	0;	0;	0;	0;	0
7;	-6;	5;	0,98;	99,44;	99,25;	99,05;	98,65;	98,45;	98,11;	97,77;	97,7;	96,28;	96,04;	95,35;	93,9;	93,37;	92,64;	91,45;	90,97;	89,32;	87,48;	85,53;	83,65;	83,64;	82,68;	82,65;	81,9;	81,39;	79,11;	78,31;	77,01;	74,91;	71,75;	71,65;	69,2;	68,03;	67,16;	63,31;	62,13;	61,48;	59,42;	58,25;	55,62;	53,34;	52,67;	49,58;	47,98;	47,7;	46,76;	43,08;	38,33;	37,85;	34,64;	34,46;	32,46;	30,51;	30,35;	28,95;	27,87;	27,3;	23,41;	22,28;	21,97;	21,02;	18,9;	18,53;	14,42;	12,18;	6,31;	0,61;	0;	0;	0;	0;	0;	0;	0;	0;	0;	0;	0;	0;	0;	0;	0;	0;	0;	0;	0;	0;	0;	0;	0;	0;	0;	0;	0;	0;	0;	0;	0;	0;	0;	0
8;	-3;	5;	1,16;	99,87;	99,7;	98,95;	98,83;	98,73;	98,47;	97,66;	96,85;	95,28;	95,1;	95,05;	93,47;	93,37;	93,14;	92,46;	92,19;	91,43;	89,98;	89,41;	88,47;	87,28;	85,08;	84,04;	83,44;	82,04;	82,02;	81,8;	79,82;	78,09;	75,61;	74,98;	73,53;	71,74;	71,03;	67,84;	63,41;	61,67;	58,92;	56,1;	54,38;	52,83;	51,29;	45,77;	43,46;	42,14;	41,36;	40,7;	40,63;	38,91;	36,13;	32,39;	31,89;	31,49;	31,41;	29,38;	24,36;	19,76;	17,77;	14,17;	13,35;	11,13;	9,12;	3,45;	0;	0;	0;	0;	0;	0;	0;	0;	0;	0;	0;	0;	0;	0;	0;	0;	0;	0;	0;	0;	0;	0;	0;	0;	0;	0;	0;	0;	0;	0;	0;	0;	0;	0;	0;	0;	0;	0
9;	-21;	5;	1,08;	89,97;	88,41;	87,47;	86,91;	85,93;	84,84;	83,59;	82,76;	81,72;	81,56;	80,49;	80,49;	78,96;	74,64;	73,09;	72,83;	72,4;	71,98;	70,32;	68,13;	65,72;	64,93;	61,61;	59,32;	57,09;	54,5;	53,76;	53,13;	51,29;	51,18;	49,55;	45,86;	44,44;	43,32;	42,91;	41,41;	38,94;	32,33;	29,55;	26,69;	24,42;	15,87;	14,8;	13,37;	9,35;	4,72;	0,47;	0;	0;	0;	0;	0;	0;	0;	0;	0;	0;	0;	0;	0;	0;	0;	0;	0;	0;	0;	0;	0;	0;	0;	0;	0;	0;	0;	0;	0;	0;	0;	0;	0;	0;	0;	0;	0;	0;	0;	0;	0;	0;	0;	0;	0;	0;	0;	0;	0;	0;	0;	0;	0;	0
10;	2;	5;	1,13;	nan;	nan;	100,0;	99,94;	99,94;	99,8;	99,76;	99,25;	98,53;	98,34;	98,27;	98,13;	98,11;	97,83;	97,49;	97,14;	95,82;	95,62;	95,04;	94,8;	93,31;	92,44;	91,07;	89,51;	89,16;	88,42;	87,62;	85,9;	84,25;	82,57;	82,07;	78,31;	76,07;	76,05;	73,54;	71,99;	71,48;	69,34;	69,2;	68,5;	64,0;	60,95;	59,16;	56,59;	55,78;	53,92;	52,77;	50,07;	45,35;	42,58;	42,13;	38,77;	37,99;	37,7;	34,03;	26,13;	23,65;	20,48;	16,83;	15,45;	14,06;	12,54;	10,82;	10,35;	4,62;	3,37;	0,66;	0,0;	0,0;	0,0;	0,0;	0,0;	0,0;	0,0;	0,0;	0,0;	0,0;	0,0;	0,0;	0,0;	0,0;	0,0;	0,0;	0,0;	0,0;	0,0;	0,0;	0,0;	0,0;	0,0;	0,0;	0,0;	0,0;	0,0;	0,0;	0,0;	0,0;	0,0;	0,0;	0,0;	0,0
11;	21;	5;	0,99;	nan;	nan;	nan;	nan;	nan;	nan;	nan;	nan;	nan;	nan;	nan;	nan;	nan;	nan;	nan;	nan;	nan;	nan;	nan;	nan;	nan;	100,0;	99,99;	99,95;	99,94;	99,78;	99,29;	99,18;	98,95;	98,31;	97,66;	97,56;	97,45;	97,43;	97,41;	97,07;	96,82;	95,12;	94,45;	94,15;	93,16;	91,54;	90,9;	90,61;	90,06;	88,17;	86,99;	86,4;	86,05;	84,74;	84,19;	83,19;	82,5;	82,02;	81,92;	78,74;	76,5;	73,91;	73,43;	71,01;	70,53;	70,46;	68,68;	67,68;	66,19;	64,5;	61,79;	60,02;	54,1;	52,1;	48,66;	48,4;	48,06;	42,66;	41,98;	36,38;	34,48;	32,92;	31,2;	29,56;	27,29;	26,81;	26,2;	24,02;	20,78;	18,65;	18,54;	15,01;	14,14;	9,22;	8,8;	3,76;	2,18;	0,0;	0,0;	0,0;	0,0;	0,0;	0,0;	0,0;	0,0
12;	-11;	5;	1,0;	97,1;	96,39;	96,22;	95,54;	95,29;	94,91;	94,73;	94,35;	93,24;	93,11;	92,88;	90,74;	89,88;	89,37;	88,94;	88,9;	88,38;	86,72;	86,16;	85,61;	84,05;	83,88;	82,81;	81,38;	81,33;	80,33;	79,24;	78,88;	78,55;	78,45;	77,37;	75,5;	75,27;	74,55;	70,68;	69,02;	64,22;	58,5;	56,56;	54,11;	52,54;	50,8;	47,26;	44,44;	41,02;	39,98;	36,19;	32,5;	30,99;	30,58;	26,02;	25,22;	24,63;	20,29;	19,43;	12,67;	10,08;	8,32;	7,04;	3,69;	3,41;	1,34;	0;	0;	0;	0;	0;	0;	0;	0;	0;	0;	0;	0;	0;	0;	0;	0;	0;	0;	0;	0;	0;	0;	0;	0;	0;	0;	0;	0;	0;	0;	0;	0;	0;	0;	0;	0;	0;	0;	0
13;	8;	5;	1,51;	nan;	nan;	nan;	nan;	nan;	nan;	nan;	nan;	100,0;	99,93;	99,89;	99,49;	99,32;	99,03;	98,79;	98,67;	98,27;	97,84;	97,19;	96,48;	94,6;	93,93;	93,0;	92,95;	92,29;	91,67;	91,49;	91,17;	90,4;	89,97;	89,1;	89,07;	85,64;	83,72;	83,52;	81,9;	81,56;	79,95;	77,12;	76,91;	76,63;	75,07;	73,77;	72,54;	71,16;	69,36;	66,81;	66,37;	63,49;	61,26;	61,03;	60,84;	54,48;	53,53;	51,28;	48,26;	46,98;	46,06;	45,35;	43,83;	43,05;	39,3;	38,94;	31,39;	27,36;	24,42;	22,3;	22,11;	20,18;	14,77;	11,28;	9,99;	1,9;	0,0;	0,0;	0,0;	0,0;	0,0;	0,0;	0,0;	0,0;	0,0;	0,0;	0,0;	0,0;	0,0;	0,0;	0,0;	0,0;	0,0;	0,0;	0,0;	0,0;	0,0;	0,0;	0,0;	0,0;	0,0;	0,0;	0,0;	0,0
14;	18;	5;	0,72;	nan;	nan;	nan;	nan;	nan;	nan;	nan;	nan;	nan;	nan;	nan;	nan;	nan;	nan;	nan;	nan;	nan;	nan;	100,0;	99,98;	99,97;	99,93;	99,86;	99,86;	99,81;	99,73;	99,53;	99,47;	99,32;	98,31;	97,63;	97,38;	96,49;	96,13;	95,87;	95,47;	93,71;	92,79;	92,05;	91,08;	89,58;	89,45;	88,88;	87,77;	87,44;	87,35;	86,33;	84,75;	82,92;	82,21;	80,93;	79,59;	77,82;	77,72;	77,49;	76,16;	73,88;	73,35;	69,74;	69,41;	67,64;	66,73;	64,83;	64,4;	64,03;	63,96;	61,53;	60,95;	57,99;	56,76;	54,19;	53,22;	50,11;	48,32;	47,5;	45,9;	45,82;	41,84;	40,25;	36,88;	32,02;	31,58;	29,05;	25,37;	22,78;	19,52;	18,1;	16,64;	16,28;	11,31;	6,95;	1,67;	0,0;	0,0;	0,0;	0,0;	0,0;	0,0;	0,0;	0,0;	0,0
15;	5;	5;	0,83;	nan;	nan;	nan;	nan;	nan;	100,0;	99,93;	99,9;	99,87;	99,86;	99,8;	99,66;	99,47;	99,23;	98,98;	98,66;	97,4;	97,13;	96,88;	96,83;	96,77;	96,43;	95,66;	95,49;	94,85;	94,33;	93,84;	93,13;	93,09;	91,84;	91,46;	90,16;	89,45;	88,92;	88,62;	87,93;	85,41;	84,83;	84,13;	81,6;	81,36;	81,33;	80,73;	78,47;	76,39;	73,79;	73,2;	72,53;	70,33;	70,23;	68,42;	68,35;	67,83;	67,23;	65,56;	63,78;	61,6;	58,4;	56,15;	55,63;	54,03;	51,18;	48,48;	44,75;	43,55;	41,86;	39,86;	39,13;	38,11;	37,04;	36,75;	34,2;	31,15;	30,63;	25,4;	21,91;	19,95;	19,67;	15,49;	14,99;	6,45;	5,34;	4,08;	1,08;	0,0;	0,0;	0,0;	0,0;	0,0;	0,0;	0,0;	0,0;	0,0;	0,0;	0,0;	0,0;	0,0;	0,0;	0,0;	0,0;	0,0
16;	2;	5;	1,14;	nan;	nan;	100,0;	99,93;	99,76;	99,69;	99,47;	99,23;	98,74;	98,52;	98,46;	98,08;	97,87;	97,16;	96,87;	95,94;	94,89;	94,41;	91,89;	91,72;	89,84;	88,99;	87,81;	87,55;	87,0;	86,55;	84,07;	82,47;	80,98;	79,63;	78,71;	78,24;	73,05;	69,46;	69,02;	65,33;	64,92;	61,76;	60,95;	60,34;	56,75;	55,9;	55,86;	52,99;	49,17;	48,12;	46,79;	44,28;	41,54;	40,67;	39,16;	37,62;	37,38;	34,86;	33,58;	32,24;	29,73;	27,89;	26,94;	26,1;	24,22;	16,65;	13,07;	9,31;	4,37;	2,0;	1,82;	0,67;	0,0;	0,0;	0,0;	0,0;	0,0;	0,0;	0,0;	0,0;	0,0;	0,0;	0,0;	0,0;	0,0;	0,0;	0,0;	0,0;	0,0;	0,0;	0,0;	0,0;	0,0;	0,0;	0,0;	0,0;	0,0;	0,0;	0,0;	0,0;	0,0;	0,0;	0,0;	0,0;	0,0
17;	-16;	5;	0,83;	95,75;	94,22;	93,87;	93,43;	93,14;	93,1;	92,58;	92,03;	91,93;	90,51;	89,47;	87,99;	86,96;	86,55;	85,61;	84,52;	83,61;	80,67;	79,98;	77,76;	75,33;	74,27;	72,82;	72,74;	71,58;	71,38;	69,99;	68,39;	68,17;	65,34;	62,64;	60,62;	59,59;	56,39;	54,66;	52,27;	49,66;	47,74;	44,18;	41,47;	41,03;	39,44;	36,71;	34,44;	33,6;	31,13;	26,59;	25,17;	22,74;	18,84;	17,68;	16,58;	16,45;	14,88;	13,03;	13,01;	11,42;	10,71;	10,47;	6,82;	5,6;	3,58;	2,02;	0,6;	0;	0;	0;	0;	0;	0;	0;	0;	0;	0;	0;	0;	0;	0;	0;	0;	0;	0;	0;	0;	0;	0;	0;	0;	0;	0;	0;	0;	0;	0;	0;	0;	0;	0;	0;	0;	0
18;	2;	5;	0,98;	nan;	nan;	100,0;	99,99;	99,98;	99,9;	99,7;	99,6;	99,39;	98,57;	98,37;	98,32;	97,97;	97,72;	97,67;	96,55;	96,16;	95,41;	94,5;	92,75;	91,98;	91,54;	89,16;	89,05;	86,97;	85,38;	84,3;	83,96;	83,35;	82,5;	82,33;	80,66;	80,06;	79,55;	78,95;	78,45;	77,85;	73,47;	73,32;	73,19;	72,54;	70,93;	69,83;	68,75;	67,48;	65,88;	62,42;	59,39;	58,19;	56,86;	56,57;	53,21;	51,99;	51,83;	51,7;	50,66;	47,24;	45,82;	42,45;	38,12;	32,67;	32,26;	29,97;	28,17;	27,03;	24,13;	20,33;	19,52;	14,44;	13,57;	10,19;	8,56;	7,77;	5,65;	4,0;	2,93;	0,0;	0,0;	0,0;	0,0;	0,0;	0,0;	0,0;	0,0;	0,0;	0,0;	0,0;	0,0;	0,0;	0,0;	0,0;	0,0;	0,0;	0,0;	0,0;	0,0;	0,0;	0,0;	0,0;	0,0;	0,0
19;	-11;	5;	0,88;	97,28;	97,26;	96,71;	96,04;	95,85;	95,71;	95,17;	94,51;	93,98;	93,97;	91,8;	90,75;	90,2;	89,17;	88,98;	88,96;	87,55;	87,32;	85,94;	84,33;	83,81;	81,32;	80,0;	79,86;	78,19;	77,68;	77,39;	76,67;	76,57;	73,88;	73,43;	72,61;	71,64;	70,14;	69,52;	68,8;	65,32;	63,46;	62,63;	61,48;	60,67;	58,71;	57,34;	55,66;	53,27;	49,01;	48,48;	48,3;	47,72;	46,04;	44,07;	42,6;	36,93;	35,45;	34,17;	31,36;	31,33;	25,44;	24,23;	23,91;	21,52;	19,22;	17,87;	13,45;	12,52;	9,97;	6,08;	3,16;	0,51;	0;	0;	0;	0;	0;	0;	0;	0;	0;	0;	0;	0;	0;	0;	0;	0;	0;	0;	0;	0;	0;	0;	0;	0;	0;	0;	0;	0;	0;	0;	0;	0
20;	-7;	5;	0,91;	98,97;	98,86;	98,62;	98,06;	97,64;	96,94;	96,66;	96,29;	95,53;	93,76;	93,51;	93,02;	91,57;	91,45;	89,95;	89,71;	89,57;	89,29;	87,13;	87,1;	86,3;	84,46;	83,23;	83,15;	81,34;	80,13;	79,91;	78,36;	76,46;	73,77;	72,11;	68,18;	67,75;	66,71;	65,99;	62,51;	61,07;	59,28;	56,44;	54,26;	52,71;	51,62;	50,28;	47,89;	45,33;	43,03;	40,81;	39,3;	37,86;	31,93;	30,71;	29,54;	28,34;	28,12;	25,4;	20,1;	17,54;	17,39;	16,35;	11,63;	8,55;	8,54;	6,81;	6,4;	6,11;	1,11;	0;	0;	0;	0;	0;	0;	0;	0;	0;	0;	0;	0;	0;	0;	0;	0;	0;	0;	0;	0;	0;	0;	0;	0;	0;	0;	0;	0;	0;	0;	0;	0;	0;	0;	0
21;	6;	5;	1,09;	nan;	nan;	nan;	nan;	nan;	nan;	100,0;	99,96;	99,85;	99,71;	99,57;	99,04;	98,81;	98,63;	98,35;	98,07;	97,42;	97,42;	97,4;	96,6;	96,0;	95,31;	94,49;	93,61;	93,47;	93,24;	93,01;	92,01;	90,3;	89,67;	87,35;	87,19;	85,7;	84,32;	82,78;	82,65;	80,04;	80,04;	79,2;	79,02;	78,81;	76,97;	76,42;	75,27;	75,02;	72,52;	71,8;	71,03;	69,02;	68,08;	64,52;	61,37;	60,78;	58,19;	57,84;	56,48;	53,06;	49,67;	48,94;	44,95;	42,28;	41,63;	37,96;	35,54;	34,7;	34,12;	31,35;	24,86;	20,91;	14,22;	11,75;	11,51;	9,04;	1,64;	0,0;	0,0;	0,0;	0,0;	0,0;	0,0;	0,0;	0,0;	0,0;	0,0;	0,0;	0,0;	0,0;	0,0;	0,0;	0,0;	0,0;	0,0;	0,0;	0,0;	0,0;	0,0;	0,0;	0,0;	0,0;	0,0;	0,0
22;	-12;	5;	0,79;	96,68;	96,34;	96,19;	95,33;	94,58;	93,93;	93,1;	92,38;	92,26;	91,97;	90,79;	89,52;	88,65;	86,93;	86,86;	86,7;	86,56;	85,33;	85,26;	83,24;	83,06;	82,84;	81,32;	79,44;	79,18;	76,16;	75,63;	74,28;	73,99;	72,64;	72,16;	68,48;	68,33;	67,4;	63,72;	62,4;	62,2;	61,35;	58,99;	56,85;	55,0;	54,03;	52,39;	51,81;	50,08;	48,65;	46,02;	46,0;	41,96;	41,08;	35,3;	34,72;	33,5;	29,79;	26,42;	25,91;	20,96;	19,03;	14,79;	12,63;	11,94;	10,55;	9,31;	9,1;	6,96;	1,49;	0;	0;	0;	0;	0;	0;	0;	0;	0;	0;	0;	0;	0;	0;	0;	0;	0;	0;	0;	0;	0;	0;	0;	0;	0;	0;	0;	0;	0;	0;	0;	0;	0;	0;	0
23;	-7;	5;	1,39;	98,55;	97,14;	96,84;	96,64;	96,47;	96,02;	95,78;	93,09;	92,41;	91,99;	91,23;	89,46;	88,17;	85,54;	83,65;	82,72;	81,96;	81,81;	81,52;	80,19;	79,54;	79,45;	79,16;	76,75;	73,39;	72,18;	71,64;	71,55;	66,57;	66,32;	64,81;	60,28;	58,4;	55,9;	55,05;	54,67;	54,36;	50,96;	50,33;	47,74;	45,2;	43,3;	39,94;	37,93;	33,97;	32,13;	26,04;	21,7;	21,54;	17,14;	12,73;	11,83;	11,78;	8,64;	4,7;	0;	0;	0;	0;	0;	0;	0;	0;	0;	0;	0;	0;	0;	0;	0;	0;	0;	0;	0;	0;	0;	0;	0;	0;	0;	0;	0;	0;	0;	0;	0;	0;	0;	0;	0;	0;	0;	0;	0;	0;	0;	0;	0;	0;	0;	0
24;	-4;	5;	1,22;	99,27;	99,09;	98,22;	97,9;	97,81;	97,59;	96,48;	96,3;	96,16;	95,45;	95,36;	94,32;	93,66;	93,42;	93,22;	91,44;	90,65;	90,0;	87,37;	85,2;	84,12;	83,22;	82,14;	79,54;	75,33;	75,29;	75,25;	73,68;	72,13;	68,7;	67,97;	63,53;	63,22;	63,06;	61,83;	61,13;	60,5;	56,86;	54,52;	52,53;	50,32;	49,39;	48,39;	45,7;	45,07;	43,77;	39,62;	39,38;	36,31;	35,57;	30,6;	26,47;	23,39;	19,91;	17,45;	12,8;	10,91;	8,33;	7,87;	4,76;	2,68;	0;	0;	0;	0;	0;	0;	0;	0;	0;	0;	0;	0;	0;	0;	0;	0;	0;	0;	0;	0;	0;	0;	0;	0;	0;	0;	0;	0;	0;	0;	0;	0;	0;	0;	0;	0;	0;	0;	0;	0
