0;	-6;	5;	1,1;	98,88;	98,7;	98,54;	97,8;	97,72;	97,22;	96,81;	96,02;	94,43;	94,08;	93,33;	93,22;	92,13;	91,17;	90,32;	89,64;	88,72;	86,87;	86,12;	85,25;	84,69;	84,66;	84,16;	83,56;	83,26;	81,39;	79,84;	77,63;	76,92;	76,38;	75,42;	74,7;	71,8;	71,38;	69,4;	69,0;	68,32;	68,27;	65,67;	63,03;	62,21;	54,89;	51,0;	50,39;	46,25;	42,87;	40,94;	40,82;	37,61;	31,91;	29,19;	28,53;	26,15;	24,17;	23,77;	22,14;	21,1;	17,53;	14,63;	12,83;	12,53;	10,57;	9,81;	5,35;	4,35;	0;	0;	0;	0;	0;	0;	0;	0;	0;	0;	0;	0;	0;	0;	0;	0;	0;	0;	0;	0;	0;	0;	0;	0;	0;	0;	0;	0;	0;	0;	0;	0;	0;	0;	0;	0
1;	17;	5;	0,96;	nan;	nan;	nan;	nan;	nan;	nan;	nan;	nan;	nan;	nan;	nan;	nan;	nan;	nan;	nan;	nan;	nan;	100,0;	99,97;	99,79;	99,74;	99,2;	99,14;	98,64;	98,07;	97,83;	97,75;	97,49;	97,3;	95,76;	95,68;	94,92;	94,07;	92,8;	90,88;	90,26;	90,1;	88,86;	88,28;	87,49;	87,26;	83,71;	82,82;	82,81;	80,6;	79,27;	77,98;	77,93;	77,85;	76,85;	74,74;	73,28;	73,22;	71,73;	70,83;	70,24;	68,79;	67,44;	65,2;	62,33;	59,83;	58,81;	58,12;	56,57;	54,18;	52,65;	51,11;	50,93;	45,66;	43,54;	40,06;	38,19;	36,12;	31,36;	28,8;	27,0;	25,75;	25,55;	23,6;	19,3;	18,19;	14,97;	10,74;	8,75;	6,57;	4,3;	1,79;	1,39;	0,0;	0,0;	0,0;	0,0;	0,0;	0,0;	0,0;	0,0;	0,0;	0,0;	0,0;	0,0;	0,0
2;	9;	5;	0,99;	nan;	nan;	nan;	nan;	nan;	nan;	nan;	nan;	nan;	100,0;	99,98;	99,82;	99,78;	99,53;	99,48;	99,29;	98,86;	98,81;	98,71;	98,64;	98,02;	97,7;	97,52;	97,33;	96,73;	96,28;	95,47;	95,36;	95,32;	94,79;	94,27;	93,6;	93,29;	93,17;	91,79;	91,53;	89,72;	88,95;	87,41;	85,37;	85,07;	83,97;	82,28;	80,34;	80,03;	78,84;	78,46;	76,86;	76,47;	75,32;	75,1;	73,74;	69,27;	64,01;	61,35;	60,69;	59,71;	58,77;	57,04;	52,59;	48,89;	47,2;	43,58;	41,18;	40,34;	37,89;	30,47;	28,82;	28,82;	28,56;	28,37;	26,53;	23,6;	20,62;	20,16;	19,03;	18,7;	15,73;	12,12;	9,25;	7,17;	2,39;	0,35;	0,0;	0,0;	0,0;	0,0;	0,0;	0,0;	0,0;	0,0;	0,0;	0,0;	0,0;	0,0;	0,0;	0,0;	0,0;	0,0;	0,0;	0,0
3;	0;	5;	0,97;	100,0;	99,95;	99,9;	99,79;	99,46;	99,21;	99,0;	98,85;	98,61;	97,98;	97,52;	97,31;	96,4;	96,34;	95,8;	95,63;	95,34;	93,72;	92,83;	92,82;	90,41;	90,36;	89,24;	88,48;	88,37;	88,04;	86,78;	86,61;	86,02;	85,38;	83,62;	82,12;	79,52;	78,15;	73,83;	72,76;	71,93;	71,54;	71,05;	68,34;	66,95;	66,87;	66,33;	65,87;	64,99;	61,92;	59,51;	56,2;	53,16;	48,36;	44,16;	42,03;	41,75;	40,05;	37,55;	37,04;	29,03;	28,34;	27,74;	27,39;	26,65;	24,6;	24,08;	22,4;	18,04;	14,22;	10,53;	7,76;	7,26;	6,68;	2,16;	1,21;	1,0;	0;	0;	0;	0;	0;	0;	0;	0;	0;	0;	0;	0;	0;	0;	0;	0;	0;	0;	0;	0;	0;	0;	0;	0;	0;	0;	0;	0
4;	-7;	5;	1,01;	98,63;	98,45;	97,96;	97,73;	97,45;	96,43;	96,03;	94,54;	92,99;	91,83;	91,34;	90,64;	89,76;	88,31;	87,86;	87,06;	85,12;	84,66;	83,82;	82,35;	82,13;	80,53;	78,77;	77,01;	76,9;	74,39;	72,57;	69,49;	66,87;	66,16;	64,21;	61,76;	61,67;	59,31;	55,55;	54,99;	52,14;	50,51;	43,98;	41,82;	40,18;	38,01;	33,63;	31,74;	31,12;	28,28;	26,52;	25,07;	24,65;	23,05;	15,84;	10,9;	7,23;	5,95;	2,94;	1,39;	0,48;	0;	0;	0;	0;	0;	0;	0;	0;	0;	0;	0;	0;	0;	0;	0;	0;	0;	0;	0;	0;	0;	0;	0;	0;	0;	0;	0;	0;	0;	0;	0;	0;	0;	0;	0;	0;	0;	0;	0;	0;	0;	0;	0;	0
5;	6;	5;	1,04;	nan;	nan;	nan;	nan;	nan;	nan;	100,0;	99,98;	99,93;	99,83;	99,74;	99,56;	99,38;	99,25;	99,22;	99,2;	99,05;	98,89;	98,44;	97,83;	96,48;	96,29;	95,93;	95,3;	95,05;	93,38;	91,83;	90,62;	90,17;	89,55;	87,7;	84,55;	82,47;	81,75;	81,02;	78,42;	77,17;	75,3;	74,3;	73,3;	72,33;	71,99;	68,64;	65,9;	65,51;	63,65;	60,25;	58,01;	55,38;	52,46;	50,86;	43,97;	43,32;	40,13;	39,03;	37,7;	37,04;	36,46;	34,69;	31,37;	29,5;	29,47;	25,83;	23,74;	23,03;	20,1;	17,38;	17,04;	16,08;	15,9;	14,56;	2,97;	0,0;	0,0;	0,0;	0,0;	0,0;	0,0;	0,0;	0,0;	0,0;	0,0;	0,0;	0,0;	0,0;	0,0;	0,0;	0,0;	0,0;	0,0;	0,0;	0,0;	0,0;	0,0;	0,0;	0,0;	0,0;	0,0;	0,0;	0,0;	0,0
6;	-13;	5;	0,98;	96,24;	96,05;	95,91;	95,14;	94,94;	94,3;	93,1;	92,29;	91,76;	90,69;	90,26;	90,01;	89,23;	89,13;	88,24;	87,98;	86,64;	85,67;	84,93;	83,74;	83,07;	79,35;	77,92;	76,71;	72,16;	71,76;	69,21;	66,95;	65,27;	64,96;	64,09;	62,99;	61,2;	59,7;	58,48;	57,41;	57,36;	55,34;	54,65;	53,19;	51,9;	49,98;	46,56;	44,81;	44,14;	42,54;	41,13;	40,74;	37,75;	37,43;	35,57;	34,95;	33,58;	32,65;	32,35;	27,98;	26,44;	26,26;	22,18;	20,59;	10,32;	7,86;	4,95;	1,89;	0;	0;	0;	0;	0;	0;	0;	0;	0;	0;	0;	0;	0;	0;	0;	0;	0;	0;	0;	0;	0;	0;	0;	0;	0;	0;	0;	0;	0;	0;	0;	0;	0;	0;	0;	0;	0
7;	-8;	5;	0,96;	98,6;	98,46;	98,02;	97,92;	97,65;	97,48;	97,35;	97,29;	96,33;	95,05;	94,24;	92,5;	91,85;	91,46;	90,77;	90,49;	88,48;	87,94;	87,68;	87,16;	84,57;	84,47;	84,43;	83,54;	82,41;	82,38;	80,98;	79,59;	76,24;	75,82;	74,51;	71,67;	70,68;	69,22;	69,16;	66,9;	66,72;	66,7;	64,52;	64,18;	60,88;	56,98;	55,79;	55,1;	53,19;	52,41;	51,6;	49,84;	46,86;	43,76;	42,25;	38,1;	36,23;	35,35;	34,39;	29,17;	27,32;	24,27;	23,6;	15,59;	12,3;	8,86;	5,78;	2,14;	0;	0;	0;	0;	0;	0;	0;	0;	0;	0;	0;	0;	0;	0;	0;	0;	0;	0;	0;	0;	0;	0;	0;	0;	0;	0;	0;	0;	0;	0;	0;	0;	0;	0;	0;	0;	0
8;	-4;	5;	1,02;	99,7;	99,59;	99,35;	99,32;	98,26;	98,1;	97,25;	96,84;	96,75;	95,77;	95,53;	95,0;	93,87;	92,26;	90,54;	88,87;	88,04;	87,85;	87,59;	86,69;	85,86;	84,12;	83,79;	82,94;	81,98;	79,82;	77,31;	73,31;	72,93;	71,79;	71,14;	70,8;	68,25;	67,65;	66,7;	65,43;	62,17;	62,12;	58,24;	52,56;	49,63;	47,82;	46,72;	46,21;	43,66;	43,28;	38,26;	36,35;	33,3;	31,22;	31,02;	27,66;	27,56;	27,12;	24,95;	24,86;	23,65;	21,7;	21,34;	19,89;	16,32;	11,0;	9,47;	8,44;	5,62;	3,85;	3,84;	0,08;	0;	0;	0;	0;	0;	0;	0;	0;	0;	0;	0;	0;	0;	0;	0;	0;	0;	0;	0;	0;	0;	0;	0;	0;	0;	0;	0;	0;	0;	0;	0;	0;	0
9;	-2;	5;	0,96;	99,88;	99,8;	99,79;	99,78;	99,61;	99,33;	99,04;	98,32;	97,74;	96,2;	95,83;	95,03;	94,24;	93,14;	93,02;	92,88;	92,55;	92,01;	90,17;	89,68;	89,67;	88,29;	87,23;	85,73;	84,98;	84,28;	83,73;	82,78;	82,7;	81,42;	79,68;	76,96;	75,29;	74,57;	72,87;	69,06;	65,94;	62,86;	62,78;	61,17;	59,45;	58,9;	58,75;	55,68;	55,37;	55,25;	54,28;	50,8;	48,29;	46,37;	44,11;	38,49;	33,89;	33,07;	31,64;	29,48;	28,62;	24,03;	22,83;	18,57;	17,98;	16,64;	13,32;	11,33;	8,03;	5,11;	2,48;	2,45;	0;	0;	0;	0;	0;	0;	0;	0;	0;	0;	0;	0;	0;	0;	0;	0;	0;	0;	0;	0;	0;	0;	0;	0;	0;	0;	0;	0;	0;	0;	0;	0;	0
10;	4;	5;	0,98;	nan;	nan;	nan;	nan;	100,0;	99,96;	99,9;	99,82;	99,76;	99,6;	99,24;	98,8;	98,26;	98,17;	97,69;	97,57;	97,49;	97,11;	96,89;	96,49;	95,7;	94,86;	94,44;	93,62;	93,52;	92,78;	91,79;	90,03;	89,46;	89,06;	86,76;	85,4;	85,19;	84,65;	82,3;	81,66;	78,84;	78,1;	76,69;	74,67;	74,37;	73,92;	72,79;	70,24;	65,26;	62,11;	59,88;	58,8;	55,55;	55,32;	54,39;	53,03;	51,83;	49,71;	48,92;	47,89;	41,77;	39,77;	38,62;	34,87;	34,6;	32,46;	25,28;	19,74;	17,62;	14,97;	12,15;	11,24;	8,01;	4,07;	1,84;	0,0;	0,0;	0,0;	0,0;	0,0;	0,0;	0,0;	0,0;	0,0;	0,0;	0,0;	0,0;	0,0;	0,0;	0,0;	0,0;	0,0;	0,0;	0,0;	0,0;	0,0;	0,0;	0,0;	0,0;	0,0;	0,0;	0,0;	0,0;	0,0;	0,0
11;	5;	5;	1,02;	nan;	nan;	nan;	nan;	nan;	100,0;	99,93;	99,91;	99,83;	99,66;	99,48;	99,29;	99,15;	98,68;	98,46;	98,18;	97,88;	96,84;	96,78;	95,5;	95,02;	94,53;	94,03;	92,81;	92,53;	91,14;	90,52;	89,58;	88,3;	87,54;	86,91;	86,69;	86,55;	84,57;	83,85;	82,79;	81,62;	80,09;	79,01;	78,44;	76,21;	75,38;	74,4;	73,7;	73,64;	72,34;	70,69;	68,6;	67,55;	65,38;	61,38;	61,13;	60,94;	60,06;	59,12;	58,59;	56,05;	54,8;	46,76;	45,45;	42,65;	39,87;	37,02;	32,05;	31,06;	26,54;	22,19;	20,23;	19,48;	18,46;	16,69;	15,49;	13,4;	7,47;	7,31;	5,26;	0,0;	0,0;	0,0;	0,0;	0,0;	0,0;	0,0;	0,0;	0,0;	0,0;	0,0;	0,0;	0,0;	0,0;	0,0;	0,0;	0,0;	0,0;	0,0;	0,0;	0,0;	0,0;	0,0;	0,0;	0,0
12;	-2;	5;	1,08;	99,97;	99,82;	99,75;	99,74;	99,63;	99,3;	98,64;	98,34;	98,11;	98,02;	98,01;	97,64;	97,28;	96,85;	96,78;	96,58;	95,25;	95,17;	93,45;	91,32;	91,16;	90,6;	88,39;	85,95;	85,67;	84,34;	82,41;	79,65;	78,65;	77,5;	76,74;	74,87;	74,03;	72,46;	70,69;	68,02;	66,95;	64,36;	63,22;	61,28;	61,12;	60,11;	59,2;	58,35;	56,66;	53,23;	53,15;	51,34;	47,56;	40,58;	40,36;	38,69;	38,47;	37,33;	32,92;	28,84;	27,63;	27,33;	24,26;	18,12;	14,84;	10,94;	7,33;	6,72;	5,93;	3,44;	0,76;	0;	0;	0;	0;	0;	0;	0;	0;	0;	0;	0;	0;	0;	0;	0;	0;	0;	0;	0;	0;	0;	0;	0;	0;	0;	0;	0;	0;	0;	0;	0;	0;	0;	0
13;	-4;	5;	0,99;	99,82;	99,82;	99,69;	98,93;	98,86;	98,06;	97,75;	97,71;	96,19;	95,44;	95,14;	94,31;	93,45;	92,66;	92,4;	91,08;	90,78;	89,38;	88,84;	88,19;	86,04;	85,54;	85,04;	84,79;	81,61;	80,22;	79,41;	79,19;	78,64;	78,15;	76,61;	74,88;	72,33;	71,58;	68,1;	67,26;	66,75;	64,58;	63,09;	61,95;	58,42;	56,66;	54,3;	50,04;	47,64;	45,74;	44,53;	41,09;	36,95;	35,21;	33,12;	32,41;	30,37;	29,41;	27,92;	27,83;	27,43;	24,69;	23,87;	21,83;	19,42;	19,26;	18,0;	13,59;	13,14;	12,98;	10,74;	5,7;	2,22;	0;	0;	0;	0;	0;	0;	0;	0;	0;	0;	0;	0;	0;	0;	0;	0;	0;	0;	0;	0;	0;	0;	0;	0;	0;	0;	0;	0;	0;	0;	0;	0
14;	5;	5;	0,99;	nan;	nan;	nan;	nan;	nan;	100,0;	99,96;	99,68;	99,51;	99,48;	99,46;	99,37;	99,28;	98,78;	98,6;	98,16;	98,15;	97,75;	97,21;	95,95;	95,44;	94,52;	93,18;	93,06;	92,11;	91,97;	91,3;	91,12;	90,8;	89,78;	89,61;	86,72;	85,92;	85,86;	83,98;	81,78;	81,02;	79,47;	78,93;	78,28;	77,73;	76,18;	75,0;	70,93;	69,74;	69,36;	68,15;	66,17;	63,12;	59,64;	57,54;	57,43;	56,66;	52,09;	51,73;	51,53;	47,5;	45,02;	42,89;	41,66;	32,85;	31,78;	31,27;	30,69;	26,85;	25,05;	25,03;	17,46;	11,76;	9,96;	9,91;	9,48;	8,33;	6,11;	2,16;	0,0;	0,0;	0,0;	0,0;	0,0;	0,0;	0,0;	0,0;	0,0;	0,0;	0,0;	0,0;	0,0;	0,0;	0,0;	0,0;	0,0;	0,0;	0,0;	0,0;	0,0;	0,0;	0,0;	0,0;	0,0;	0,0
15;	-2;	5;	1,01;	99,78;	99,76;	99,53;	99,3;	98,92;	98,87;	98,33;	98,15;	98,12;	97,79;	96,5;	96,18;	95,01;	94,79;	94,09;	93,94;	93,33;	91,48;	91,48;	91,39;	90,68;	89,74;	87,49;	85,73;	84,08;	83,39;	82,6;	81,06;	79,46;	78,38;	76,97;	76,46;	74,31;	71,08;	69,54;	68,13;	64,85;	62,56;	58,89;	57,8;	57,29;	55,05;	52,71;	52,57;	52,27;	49,76;	46,41;	44,47;	41,1;	40,64;	39,82;	36,91;	36,34;	35,41;	33,13;	31,5;	30,64;	28,44;	26,2;	25,52;	20,73;	15,19;	15,14;	13,45;	12,62;	11,01;	9,59;	9,04;	6,55;	4,01;	0;	0;	0;	0;	0;	0;	0;	0;	0;	0;	0;	0;	0;	0;	0;	0;	0;	0;	0;	0;	0;	0;	0;	0;	0;	0;	0;	0;	0;	0;	0
16;	10;	5;	0,97;	nan;	nan;	nan;	nan;	nan;	nan;	nan;	nan;	nan;	nan;	100,0;	99,96;	99,91;	99,85;	99,69;	99,5;	99,1;	98,8;	98,46;	98,36;	97,95;	97,66;	97,33;	96,52;	96,2;	95,41;	95,2;	94,74;	94,11;	92,25;	92,19;	91,47;	90,89;	89,98;	87,66;	87,49;	87,09;	86,66;	85,82;	83,81;	79,8;	78,72;	77,53;	77,38;	75,75;	74,32;	74,11;	73,82;	71,54;	69,53;	69,02;	66,42;	62,44;	60,79;	59,58;	56,83;	54,98;	51,46;	49,25;	49,23;	48,29;	45,42;	45,26;	40,3;	37,88;	37,33;	36,42;	34,24;	32,09;	27,81;	22,66;	17,1;	14,96;	14,91;	14,62;	14,07;	13,21;	9,51;	2,49;	2,11;	1,82;	0,07;	0,0;	0,0;	0,0;	0,0;	0,0;	0,0;	0,0;	0,0;	0,0;	0,0;	0,0;	0,0;	0,0;	0,0;	0,0;	0,0;	0,0;	0,0;	0,0
17;	-8;	5;	0,99;	98,24;	98,21;	97,9;	97,38;	96,86;	96,27;	96,1;	95,95;	95,21;	94,32;	93,33;	92,23;	92,21;	90,69;	90,68;	90,0;	89,84;	87,85;	86,68;	85,52;	84,65;	84,25;	83,98;	81,97;	79,21;	79,16;	78,28;	76,9;	75,98;	75,55;	75,05;	74,03;	73,81;	70,63;	68,68;	66,61;	65,57;	65,4;	63,56;	62,46;	59,03;	57,0;	56,73;	56,61;	56,27;	52,87;	50,07;	46,4;	46,24;	44,48;	42,26;	42,17;	42,05;	40,61;	33,46;	30,81;	29,91;	26,82;	26,72;	22,4;	20,47;	17,62;	13,77;	13,13;	12,34;	10,32;	2,07;	0,74;	0,63;	0,49;	0;	0;	0;	0;	0;	0;	0;	0;	0;	0;	0;	0;	0;	0;	0;	0;	0;	0;	0;	0;	0;	0;	0;	0;	0;	0;	0;	0;	0;	0;	0
18;	-9;	5;	0,92;	98,88;	98,15;	97,81;	97,55;	97,15;	97,03;	96,84;	96,04;	95,28;	94,71;	94,35;	92,88;	92,55;	91,76;	90,48;	88,25;	87,81;	87,77;	86,83;	85,82;	84,44;	84,11;	82,89;	80,25;	79,77;	79,58;	77,77;	75,69;	72,67;	72,31;	71,96;	71,47;	70,49;	68,03;	67,38;	67,0;	65,83;	65,62;	65,61;	64,31;	63,93;	63,72;	62,87;	60,25;	58,35;	56,77;	56,5;	55,95;	54,25;	52,37;	48,62;	46,47;	42,19;	38,48;	33,96;	30,25;	28,17;	25,71;	22,61;	17,46;	15,64;	11,36;	6,36;	2,21;	0,27;	0;	0;	0;	0;	0;	0;	0;	0;	0;	0;	0;	0;	0;	0;	0;	0;	0;	0;	0;	0;	0;	0;	0;	0;	0;	0;	0;	0;	0;	0;	0;	0;	0;	0;	0;	0
19;	28;	5;	1,02;	nan;	nan;	nan;	nan;	nan;	nan;	nan;	nan;	nan;	nan;	nan;	nan;	nan;	nan;	nan;	nan;	nan;	nan;	nan;	nan;	nan;	nan;	nan;	nan;	nan;	nan;	nan;	nan;	100,0;	100,0;	99,82;	99,76;	99,7;	99,56;	99,45;	98,75;	98,04;	97,02;	96,67;	96,44;	95,68;	94,43;	93,2;	93,05;	91,86;	90,76;	89,76;	89,11;	87,63;	87,41;	85,84;	83,85;	83,37;	82,68;	80,54;	78,2;	76,87;	75,8;	74,34;	72,66;	69,77;	66,52;	65,23;	63,99;	60,25;	59,14;	58,05;	56,92;	55,43;	52,75;	52,02;	51,68;	49,01;	45,07;	42,03;	41,87;	40,44;	35,09;	33,38;	32,59;	29,5;	28,52;	26,42;	25,73;	24,65;	20,96;	20,08;	16,52;	15,41;	13,2;	12,47;	9,57;	8,78;	5,72;	4,03;	3,34;	0,28;	0,0;	0,0;	0,0;	0,0
20;	-3;	5;	1,04;	99,76;	99,71;	99,61;	99,28;	98,92;	98,7;	98,16;	97,72;	97,53;	97,49;	96,88;	95,34;	94,81;	94,34;	94,09;	93,91;	92,44;	91,38;	91,35;	91,24;	90,32;	89,43;	89,3;	89,13;	88,06;	87,24;	87,17;	84,98;	83,59;	83,31;	82,96;	82,84;	81,04;	78,87;	78,52;	76,39;	75,82;	73,5;	69,96;	68,86;	67,99;	64,36;	63,49;	60,04;	57,35;	56,03;	49,57;	47,8;	41,3;	39,91;	39,06;	36,32;	33,32;	31,33;	29,24;	26,96;	20,97;	20,05;	12,99;	9,47;	9,44;	5,77;	5,73;	2,69;	0;	0;	0;	0;	0;	0;	0;	0;	0;	0;	0;	0;	0;	0;	0;	0;	0;	0;	0;	0;	0;	0;	0;	0;	0;	0;	0;	0;	0;	0;	0;	0;	0;	0;	0;	0;	0
21;	-9;	5;	1,07;	97,16;	96,89;	96,85;	96,64;	96,04;	95,86;	95,18;	93,05;	91,66;	90,54;	90,37;	89,0;	87,13;	85,51;	85,35;	83,08;	82,46;	81,76;	80,17;	79,69;	78,67;	78,01;	75,59;	75,4;	72,61;	71,97;	70,99;	69,09;	68,22;	63,56;	60,92;	60,63;	58,03;	55,74;	55,07;	54,62;	53,89;	47,4;	46,41;	43,16;	42,08;	38,53;	33,44;	33,19;	32,71;	32,33;	29,99;	28,31;	26,48;	23,33;	19,11;	18,01;	12,54;	10,06;	6,19;	5,55;	2,66;	0,98;	0;	0;	0;	0;	0;	0;	0;	0;	0;	0;	0;	0;	0;	0;	0;	0;	0;	0;	0;	0;	0;	0;	0;	0;	0;	0;	0;	0;	0;	0;	0;	0;	0;	0;	0;	0;	0;	0;	0;	0;	0;	0;	0
22;	12;	5;	1,08;	nan;	nan;	nan;	nan;	nan;	nan;	nan;	nan;	nan;	nan;	nan;	nan;	100,0;	99,95;	99,94;	99,81;	99,72;	99,51;	99,42;	98,89;	98,41;	97,32;	97,12;	96,07;	95,67;	94,81;	94,48;	93,2;	92,25;	92,07;	91,79;	89,98;	88,81;	85,56;	83,69;	82,01;	79,56;	79,07;	78,14;	75,67;	73,66;	73,36;	71,52;	69,56;	68,18;	66,89;	64,52;	61,32;	57,05;	55,71;	52,9;	51,94;	49,38;	45,63;	42,16;	41,23;	39,13;	37,99;	36,29;	34,34;	33,15;	31,28;	29,38;	28,57;	28,38;	25,0;	24,51;	24,43;	17,3;	12,69;	11,43;	10,7;	9,91;	7,42;	2,41;	0,04;	0,0;	0,0;	0,0;	0,0;	0,0;	0,0;	0,0;	0,0;	0,0;	0,0;	0,0;	0,0;	0,0;	0,0;	0,0;	0,0;	0,0;	0,0;	0,0;	0,0;	0,0;	0,0;	0,0;	0,0;	0,0
23;	-22;	5;	1,01;	88,97;	86,73;	84,82;	83,55;	83,34;	81,59;	80,38;	79,5;	78,7;	76,01;	74,73;	73,45;	73,0;	72,77;	72,59;	71,02;	68,42;	66,78;	66,61;	62,29;	58,11;	57,17;	55,18;	52,27;	51,91;	50,56;	49,54;	48,18;	43,35;	41,48;	38,65;	33,71;	32,15;	31,22;	30,43;	30,2;	27,84;	24,76;	23,99;	23,75;	23,45;	19,13;	15,01;	12,77;	10,92;	7,72;	0;	0;	0;	0;	0;	0;	0;	0;	0;	0;	0;	0;	0;	0;	0;	0;	0;	0;	0;	0;	0;	0;	0;	0;	0;	0;	0;	0;	0;	0;	0;	0;	0;	0;	0;	0;	0;	0;	0;	0;	0;	0;	0;	0;	0;	0;	0;	0;	0;	0;	0;	0;	0;	0;	0
24;	-3;	5;	0,96;	99,65;	99,64;	99,5;	99,34;	99,32;	98,87;	98,15;	98,03;	97,86;	97,68;	97,6;	97,35;	97,33;	97,11;	95,92;	94,5;	94,23;	93,26;	93,11;	91,62;	90,57;	90,25;	89,78;	89,67;	88,29;	86,96;	86,49;	83,99;	82,19;	80,79;	79,16;	75,02;	69,92;	68,73;	68,19;	67,84;	67,61;	64,99;	64,49;	62,54;	61,22;	60,03;	59,35;	56,36;	56,06;	52,21;	49,42;	48,92;	48,18;	47,58;	45,98;	44,95;	38,16;	37,88;	33,96;	30,1;	29,81;	28,65;	27,94;	23,46;	23,19;	18,91;	15,43;	13,94;	12,99;	12,08;	10,24;	6,37;	4,23;	0,34;	0;	0;	0;	0;	0;	0;	0;	0;	0;	0;	0;	0;	0;	0;	0;	0;	0;	0;	0;	0;	0;	0;	0;	0;	0;	0;	0;	0;	0;	0;	0
25;	-6;	5;	1,05;	99,0;	98,74;	97,91;	97,55;	97,28;	96,72;	96,0;	95,53;	95,38;	94,59;	94,13;	93,45;	92,9;	91,91;	91,48;	91,1;	89,2;	88,25;	86,44;	86,31;	84,07;	83,02;	80,72;	79,42;	79,19;	75,66;	75,07;	73,92;	73,66;	71,54;	68,87;	68,55;	65,18;	64,29;	59,78;	58,94;	58,08;	56,25;	55,09;	53,59;	52,81;	52,29;	50,11;	48,02;	46,0;	44,79;	43,14;	42,36;	39,48;	39,23;	33,53;	33,06;	29,68;	27,93;	27,22;	23,93;	23,68;	20,92;	20,09;	15,82;	12,47;	10,26;	3,54;	2,21;	1,37;	0,43;	0;	0;	0;	0;	0;	0;	0;	0;	0;	0;	0;	0;	0;	0;	0;	0;	0;	0;	0;	0;	0;	0;	0;	0;	0;	0;	0;	0;	0;	0;	0;	0;	0;	0;	0
26;	14;	5;	1,02;	nan;	nan;	nan;	nan;	nan;	nan;	nan;	nan;	nan;	nan;	nan;	nan;	nan;	nan;	100,0;	100,0;	99,85;	99,83;	99,81;	99,64;	99,18;	99,1;	98,92;	98,86;	98,57;	98,38;	97,68;	96,84;	96,37;	94,94;	94,33;	93,82;	92,65;	92,62;	91,58;	90,87;	89,92;	87,72;	86,43;	85,37;	84,32;	84,09;	82,03;	78,91;	78,43;	78,24;	77,17;	77,16;	75,47;	75,13;	73,04;	69,41;	68,46;	68,23;	64,93;	61,14;	56,04;	55,71;	55,17;	51,26;	49,86;	49,4;	47,6;	45,71;	43,29;	40,0;	35,06;	32,68;	30,84;	30,67;	29,92;	27,67;	27,44;	22,13;	19,8;	19,63;	17,23;	16,8;	16,25;	15,69;	13,75;	11,29;	10,9;	4,0;	3,3;	0,0;	0,0;	0,0;	0,0;	0,0;	0,0;	0,0;	0,0;	0,0;	0,0;	0,0;	0,0;	0,0;	0,0;	0,0;	0,0
27;	-16;	5;	0,96;	94,29;	93,18;	91,87;	91,79;	90,86;	89,63;	89,25;	88,06;	87,31;	85,15;	83,94;	83,35;	81,52;	81,44;	80,24;	79,86;	79,08;	77,25;	76,43;	76,26;	74,32;	73,35;	72,21;	71,91;	71,82;	71,2;	71,02;	70,18;	68,73;	68,07;	66,12;	64,55;	58,34;	53,96;	51,95;	49,87;	47,23;	45,23;	42,21;	38,65;	35,67;	34,81;	32,07;	31,32;	30,58;	30,26;	26,49;	21,94;	16,0;	13,45;	10,79;	10,4;	9,96;	9,92;	8,09;	5,63;	4,0;	2,21;	0;	0;	0;	0;	0;	0;	0;	0;	0;	0;	0;	0;	0;	0;	0;	0;	0;	0;	0;	0;	0;	0;	0;	0;	0;	0;	0;	0;	0;	0;	0;	0;	0;	0;	0;	0;	0;	0;	0;	0;	0;	0;	0
28;	20;	5;	1,01;	nan;	nan;	nan;	nan;	nan;	nan;	nan;	nan;	nan;	nan;	nan;	nan;	nan;	nan;	nan;	nan;	nan;	nan;	nan;	nan;	100,0;	99,97;	99,95;	99,86;	99,8;	99,46;	99,39;	99,37;	99,18;	99,11;	98,83;	98,21;	97,2;	96,93;	96,57;	96,18;	96,16;	94,54;	92,97;	92,97;	91,22;	88,62;	88,05;	87,74;	87,11;	86,17;	84,67;	81,71;	79,94;	79,61;	79,15;	76,4;	74,41;	74,32;	74,08;	72,77;	72,35;	72,17;	69,51;	68,78;	68,2;	66,88;	64,28;	62,9;	62,39;	62,07;	61,04;	56,22;	54,27;	53,58;	52,31;	49,64;	47,11;	43,08;	39,48;	36,41;	35,27;	31,89;	30,41;	26,62;	21,31;	16,87;	11,57;	4,66;	4,16;	3,14;	2,62;	2,03;	0,0;	0,0;	0,0;	0,0;	0,0;	0,0;	0,0;	0,0;	0,0;	0,0;	0,0;	0,0;	0,0
29;	-2;	5;	0,99;	99,96;	99,75;	99,38;	99,36;	99,18;	99,07;	98,56;	98,36;	97,46;	97,45;	97,3;	95,9;	95,55;	95,2;	93,23;	92,36;	90,9;	90,27;	89,49;	89,12;	88,65;	87,54;	87,49;	87,0;	85,72;	83,87;	82,31;	79,06;	78,11;	78,09;	77,93;	76,89;	76,58;	75,34;	75,17;	73,19;	72,74;	72,43;	67,76;	67,69;	66,67;	64,24;	61,84;	59,97;	56,82;	55,77;	54,96;	51,44;	49,77;	49,64;	48,93;	47,83;	45,86;	44,2;	43,91;	43,14;	36,36;	34,2;	31,0;	29,74;	26,95;	21,46;	18,82;	18,28;	17,22;	15,2;	12,42;	11,01;	4,24;	0;	0;	0;	0;	0;	0;	0;	0;	0;	0;	0;	0;	0;	0;	0;	0;	0;	0;	0;	0;	0;	0;	0;	0;	0;	0;	0;	0;	0;	0;	0;	0
30;	11;	5;	0,97;	nan;	nan;	nan;	nan;	nan;	nan;	nan;	nan;	nan;	nan;	nan;	100,0;	99,96;	99,96;	99,91;	99,85;	99,63;	99,35;	99,19;	98,52;	97,74;	96,86;	96,01;	95,69;	95,34;	95,34;	92,68;	91,38;	90,66;	89,15;	87,47;	85,33;	84,4;	84,17;	84,07;	83,74;	82,73;	81,49;	79,38;	78,7;	76,34;	75,48;	73,7;	73,15;	73,02;	70,49;	69,31;	68,22;	64,97;	64,46;	62,0;	61,33;	58,07;	55,72;	54,78;	54,03;	52,28;	48,72;	46,65;	43,87;	42,53;	38,85;	35,57;	33,47;	30,07;	23,25;	20,91;	18,84;	12,0;	11,91;	10,11;	5,24;	3,7;	0,0;	0,0;	0,0;	0,0;	0,0;	0,0;	0,0;	0,0;	0,0;	0,0;	0,0;	0,0;	0,0;	0,0;	0,0;	0,0;	0,0;	0,0;	0,0;	0,0;	0,0;	0,0;	0,0;	0,0;	0,0;	0,0;	0,0;	0,0
31;	-11;	5;	1,05;	96,61;	95,55;	94,79;	94,54;	94,39;	94,09;	93,92;	93,49;	93,3;	92,27;	89,64;	89,47;	88,96;	88,46;	86,13;	84,51;	83,28;	81,94;	79,32;	77,36;	76,56;	72,21;	71,34;	69,47;	66,7;	66,05;	64,88;	62,01;	60,59;	59,55;	58,42;	57,88;	55,3;	55,05;	54,13;	53,36;	52,22;	48,32;	47,24;	45,43;	42,52;	41,99;	38,83;	38,8;	38,05;	35,37;	34,78;	29,06;	27,78;	22,7;	18,64;	13,64;	12,74;	9,38;	7,04;	0,83;	0,23;	0;	0;	0;	0;	0;	0;	0;	0;	0;	0;	0;	0;	0;	0;	0;	0;	0;	0;	0;	0;	0;	0;	0;	0;	0;	0;	0;	0;	0;	0;	0;	0;	0;	0;	0;	0;	0;	0;	0;	0;	0;	0;	0;	0
32;	4;	5;	1,03;	nan;	nan;	nan;	nan;	100,0;	99,94;	99,85;	99,83;	99,82;	99,78;	99,53;	99,03;	99,01;	98,33;	98,21;	98,11;	97,58;	97,21;	96,92;	96,45;	95,82;	94,53;	94,23;	93,96;	93,76;	93,57;	92,6;	91,41;	90,71;	90,39;	89,01;	88,15;	87,11;	86,11;	85,75;	85,18;	84,72;	84,52;	84,0;	83,81;	82,16;	81,7;	80,79;	80,07;	75,33;	74,71;	74,62;	73,29;	71,15;	70,5;	66,75;	62,94;	61,43;	60,51;	57,67;	57,05;	53,61;	45,32;	42,19;	41,36;	34,99;	33,98;	31,11;	26,44;	22,05;	18,95;	15,44;	10,45;	9,86;	7,74;	4,32;	2,53;	0,0;	0,0;	0,0;	0,0;	0,0;	0,0;	0,0;	0,0;	0,0;	0,0;	0,0;	0,0;	0,0;	0,0;	0,0;	0,0;	0,0;	0,0;	0,0;	0,0;	0,0;	0,0;	0,0;	0,0;	0,0;	0,0;	0,0;	0,0;	0,0
33;	10;	5;	0,93;	nan;	nan;	nan;	nan;	nan;	nan;	nan;	nan;	nan;	nan;	100,0;	99,99;	99,85;	99,83;	99,64;	99,39;	99,28;	99,25;	99,24;	98,96;	98,81;	98,71;	98,6;	98,21;	96,99;	96,71;	96,1;	95,58;	95,54;	94,26;	92,91;	91,74;	91,38;	90,11;	89,9;	88,89;	88,86;	88,8;	86,24;	85,4;	85,11;	84,71;	84,22;	83,49;	83,18;	82,35;	82,29;	81,9;	80,85;	79,78;	78,18;	76,91;	76,74;	75,53;	74,11;	71,66;	69,94;	68,33;	68,03;	66,36;	63,85;	59,58;	58,82;	57,32;	53,96;	53,65;	52,33;	51,04;	50,64;	48,48;	43,31;	42,6;	39,0;	36,39;	33,98;	33,76;	32,41;	30,59;	25,05;	23,0;	21,52;	21,5;	20,74;	19,7;	18,44;	10,4;	7,79;	7,69;	6,9;	3,37;	0,95;	0,0;	0,0;	0,0;	0,0;	0,0;	0,0;	0,0;	0,0;	0,0;	0,0
34;	-6;	5;	0,99;	98,85;	98,39;	98,23;	98,16;	97,17;	96,92;	96,25;	95,56;	95,15;	94,76;	93,62;	92,91;	92,54;	92,36;	91,78;	91,51;	90,21;	90,21;	88,62;	87,91;	86,48;	85,8;	84,58;	83,01;	82,48;	81,81;	81,64;	80,31;	80,03;	77,49;	76,76;	74,5;	71,75;	70,53;	69,67;	68,63;	66,49;	65,82;	62,28;	61,36;	60,95;	58,47;	57,78;	57,35;	54,87;	50,88;	49,21;	44,96;	43,27;	42,63;	41,72;	38,08;	38,05;	36,89;	35,63;	34,29;	33,07;	31,2;	30,11;	27,12;	22,96;	19,74;	19,08;	17,53;	15,48;	12,21;	12,19;	8,64;	8,35;	1,7;	0;	0;	0;	0;	0;	0;	0;	0;	0;	0;	0;	0;	0;	0;	0;	0;	0;	0;	0;	0;	0;	0;	0;	0;	0;	0;	0;	0;	0;	0;	0
35;	-1;	5;	0,96;	99,93;	99,83;	99,78;	99,64;	99,48;	98,85;	98,46;	98,31;	98,25;	98,16;	97,6;	97,33;	96,7;	96,33;	95,57;	94,46;	94,12;	94,02;	93,93;	93,44;	93,42;	92,07;	91,99;	91,9;	91,78;	89,75;	89,75;	89,56;	88,71;	87,72;	86,92;	86,62;	85,87;	84,52;	83,39;	82,96;	82,57;	78,46;	77,51;	74,38;	71,61;	70,98;	70,9;	70,89;	68,82;	65,23;	63,59;	62,78;	62,23;	59,11;	56,38;	56,31;	52,68;	51,79;	49,03;	48,84;	43,64;	39,76;	36,49;	33,37;	30,53;	28,29;	26,68;	26,1;	24,57;	23,24;	16,05;	9,39;	8,11;	4,8;	1,49;	0;	0;	0;	0;	0;	0;	0;	0;	0;	0;	0;	0;	0;	0;	0;	0;	0;	0;	0;	0;	0;	0;	0;	0;	0;	0;	0;	0;	0;	0
36;	-8;	5;	1,02;	98,58;	98,15;	97,93;	97,43;	96,81;	96,59;	96,4;	94,36;	92,75;	91,4;	90,23;	89,37;	88,57;	87,49;	87,28;	86,6;	85,93;	83,65;	83,57;	82,47;	81,03;	80,44;	80,04;	78,08;	78,05;	75,73;	73,75;	73,21;	69,56;	68,99;	68,47;	68,25;	65,69;	65,32;	62,06;	62,06;	61,21;	59,17;	57,26;	54,3;	53,64;	52,76;	52,4;	51,94;	51,43;	48,94;	47,42;	46,42;	43,24;	42,35;	39,64;	37,09;	35,15;	34,59;	33,87;	32,14;	30,08;	26,12;	24,86;	23,59;	22,66;	18,39;	17,16;	16,14;	12,58;	10,43;	8,02;	1,52;	0,17;	0;	0;	0;	0;	0;	0;	0;	0;	0;	0;	0;	0;	0;	0;	0;	0;	0;	0;	0;	0;	0;	0;	0;	0;	0;	0;	0;	0;	0;	0;	0;	0
37;	-13;	5;	1,0;	96,91;	96,31;	95,98;	94,99;	94,9;	94,89;	93,83;	93,39;	93,1;	92,63;	90,82;	89,92;	87,42;	87,0;	85,22;	84,82;	84,12;	82,53;	79,44;	78,01;	76,83;	76,76;	76,69;	76,12;	74,84;	74,52;	74,0;	69,16;	68,3;	67,86;	65,28;	64,88;	62,93;	59,53;	59,3;	55,65;	53,4;	52,95;	50,57;	48,63;	45,6;	44,38;	39,81;	38,82;	36,91;	36,2;	32,63;	29,93;	29,46;	25,75;	24,43;	23,25;	20,31;	14,83;	9,58;	6,63;	5,42;	4,92;	0;	0;	0;	0;	0;	0;	0;	0;	0;	0;	0;	0;	0;	0;	0;	0;	0;	0;	0;	0;	0;	0;	0;	0;	0;	0;	0;	0;	0;	0;	0;	0;	0;	0;	0;	0;	0;	0;	0;	0;	0;	0;	0
38;	9;	5;	0,98;	nan;	nan;	nan;	nan;	nan;	nan;	nan;	nan;	nan;	100,0;	99,96;	99,82;	99,78;	99,62;	99,58;	99,27;	99,14;	99,04;	98,41;	98,13;	97,12;	96,35;	95,98;	95,64;	95,07;	94,56;	93,93;	92,9;	92,51;	92,21;	92,14;	91,66;	90,25;	89,96;	86,8;	86,55;	86,44;	85,27;	84,92;	83,36;	83,06;	83,03;	81,6;	80,17;	79,39;	78,7;	77,41;	76,27;	73,04;	71,37;	70,99;	70,37;	69,42;	69,41;	68,97;	65,76;	64,21;	60,1;	59,8;	58,93;	56,88;	54,77;	52,96;	52,42;	52,39;	49,54;	44,5;	43,56;	43,3;	38,94;	32,57;	28,64;	28,03;	24,66;	20,94;	19,31;	17,78;	16,11;	12,73;	11,73;	9,64;	8,75;	7,52;	7,34;	0,0;	0,0;	0,0;	0,0;	0,0;	0,0;	0,0;	0,0;	0,0;	0,0;	0,0;	0,0;	0,0;	0,0;	0,0;	0,0;	0,0
39;	14;	5;	1,04;	nan;	nan;	nan;	nan;	nan;	nan;	nan;	nan;	nan;	nan;	nan;	nan;	nan;	nan;	100,0;	99,96;	99,86;	99,86;	99,74;	99,32;	99,3;	98,43;	97,95;	97,39;	96,93;	96,88;	96,65;	95,74;	95,51;	94,78;	93,71;	92,95;	91,18;	91,15;	91,13;	88,82;	87,88;	86,81;	85,29;	85,13;	84,56;	83,98;	82,81;	82,29;	81,69;	81,53;	79,06;	78,86;	77,82;	77,71;	75,47;	75,04;	74,8;	73,84;	73,17;	72,24;	66,27;	63,98;	63,55;	62,43;	60,96;	55,67;	52,41;	52,1;	50,41;	47,62;	45,75;	43,15;	40,58;	39,53;	36,4;	32,83;	30,22;	28,13;	26,3;	25,29;	23,04;	22,48;	20,33;	17,5;	14,63;	14,44;	11,87;	9,93;	8,18;	4,47;	0,0;	0,0;	0,0;	0,0;	0,0;	0,0;	0,0;	0,0;	0,0;	0,0;	0,0;	0,0;	0,0;	0,0;	0,0
40;	-19;	5;	0,96;	91,65;	91,3;	88,76;	87,74;	86,94;	85,96;	84,88;	84,37;	83,27;	82,99;	82,88;	81,55;	80,65;	78,48;	78,38;	77,7;	77,11;	74,79;	74,44;	73,59;	72,73;	72,25;	68,55;	65,19;	61,24;	60,39;	59,16;	57,74;	56,85;	55,89;	54,14;	52,31;	50,59;	50,54;	48,65;	47,95;	43,87;	38,83;	36,79;	36,47;	33,68;	31,19;	26,14;	23,41;	20,86;	19,33;	17,41;	13,23;	8,31;	0;	0;	0;	0;	0;	0;	0;	0;	0;	0;	0;	0;	0;	0;	0;	0;	0;	0;	0;	0;	0;	0;	0;	0;	0;	0;	0;	0;	0;	0;	0;	0;	0;	0;	0;	0;	0;	0;	0;	0;	0;	0;	0;	0;	0;	0;	0;	0;	0;	0;	0;	0
41;	4;	5;	1,04;	nan;	nan;	nan;	nan;	100,0;	99,95;	99,78;	99,6;	99,39;	99,09;	99,07;	98,92;	98,18;	98,12;	97,93;	97,11;	96,67;	96,67;	95,33;	95,24;	94,83;	93,27;	93,16;	92,83;	91,87;	90,96;	89,67;	88,01;	87,73;	85,92;	82,86;	82,41;	79,93;	79,27;	78,21;	77,81;	77,52;	73,11;	72,5;	70,4;	69,91;	68,78;	66,51;	63,92;	62,83;	62,65;	58,21;	56,71;	56,38;	56,23;	55,42;	53,12;	50,17;	47,61;	45,23;	41,26;	39,64;	36,35;	36,35;	35,15;	33,49;	30,08;	27,01;	22,83;	22,79;	18,63;	16,59;	12,97;	6,27;	3,12;	0,61;	0,0;	0,0;	0,0;	0,0;	0,0;	0,0;	0,0;	0,0;	0,0;	0,0;	0,0;	0,0;	0,0;	0,0;	0,0;	0,0;	0,0;	0,0;	0,0;	0,0;	0,0;	0,0;	0,0;	0,0;	0,0;	0,0;	0,0;	0,0;	0,0;	0,0
42;	5;	5;	1,01;	nan;	nan;	nan;	nan;	nan;	100,0;	99,92;	99,88;	99,73;	99,62;	99,25;	99,07;	98,63;	98,03;	97,72;	97,25;	97,24;	96,88;	96,55;	96,04;	95,24;	94,85;	94,38;	93,86;	92,63;	92,04;	91,61;	90,73;	90,39;	89,39;	88,72;	88,4;	88,33;	87,27;	85,52;	84,79;	82,53;	81,48;	81,45;	79,94;	78,27;	77,27;	74,06;	69,36;	68,03;	67,08;	64,86;	61,86;	61,05;	61,04;	59,97;	59,37;	58,86;	57,4;	57,33;	56,98;	56,7;	55,35;	54,43;	53,49;	52,53;	51,02;	47,99;	42,89;	41,6;	38,35;	36,29;	31,1;	29,5;	28,94;	20,99;	18,12;	12,64;	9,42;	7,24;	5,95;	4,3;	1,61;	0,0;	0,0;	0,0;	0,0;	0,0;	0,0;	0,0;	0,0;	0,0;	0,0;	0,0;	0,0;	0,0;	0,0;	0,0;	0,0;	0,0;	0,0;	0,0;	0,0;	0,0;	0,0;	0,0
43;	-1;	5;	1,11;	99,94;	99,87;	99,7;	99,62;	99,35;	99,2;	99,04;	98,94;	97,67;	97,57;	96,7;	95,55;	94,32;	94,23;	94,17;	91,99;	89,88;	88,64;	87,93;	86,91;	86,37;	85,82;	85,55;	83,21;	82,99;	82,03;	81,68;	80,74;	79,91;	77,93;	77,19;	74,92;	73,2;	72,37;	71,19;	71,19;	69,42;	67,38;	64,04;	63,76;	60,65;	59,56;	56,29;	54,09;	53,04;	51,96;	48,58;	46,94;	45,92;	44,8;	44,73;	41,34;	38,67;	37,91;	35,17;	34,27;	34,25;	34,21;	31,92;	29,11;	24,74;	20,96;	20,22;	19,71;	17,52;	15,45;	10,56;	8,31;	2,84;	0;	0;	0;	0;	0;	0;	0;	0;	0;	0;	0;	0;	0;	0;	0;	0;	0;	0;	0;	0;	0;	0;	0;	0;	0;	0;	0;	0;	0;	0;	0;	0
44;	0;	5;	0,96;	100,0;	99,96;	99,93;	99,58;	99,46;	99,27;	99,15;	98,93;	98,55;	98,24;	97,7;	96,85;	96,71;	95,67;	94,98;	93,8;	93,48;	93,01;	92,63;	92,63;	90,95;	89,97;	88,32;	87,98;	87,01;	86,78;	86,12;	85,49;	83,25;	82,93;	81,76;	81,05;	78,66;	77,97;	77,1;	75,45;	74,5;	73,68;	72,47;	71,72;	70,88;	68,18;	67,7;	67,6;	67,09;	64,64;	63,7;	63,18;	62,9;	62,73;	62,37;	59,81;	56,48;	54,13;	52,56;	46,76;	45,57;	41,47;	41,07;	36,35;	33,23;	33,07;	31,71;	28,96;	25,03;	21,16;	18,0;	16,2;	14,68;	12,21;	11,82;	11,07;	8,3;	4,33;	0;	0;	0;	0;	0;	0;	0;	0;	0;	0;	0;	0;	0;	0;	0;	0;	0;	0;	0;	0;	0;	0;	0;	0;	0;	0;	0
45;	13;	5;	0,98;	nan;	nan;	nan;	nan;	nan;	nan;	nan;	nan;	nan;	nan;	nan;	nan;	nan;	100,0;	99,99;	99,95;	99,93;	99,72;	99,46;	99,3;	98,65;	97,45;	97,25;	96,89;	96,38;	96,2;	96,1;	95,28;	94,29;	93,76;	93,22;	91,85;	91,18;	90,1;	89,52;	88,75;	88,25;	86,66;	85,86;	85,48;	85,04;	83,91;	83,79;	83,73;	83,51;	81,91;	79,86;	79,79;	75,84;	75,01;	74,93;	72,95;	71,07;	70,15;	69,66;	66,57;	65,46;	64,55;	62,37;	61,94;	60,58;	59,92;	56,96;	55,13;	54,35;	52,14;	51,25;	49,9;	46,49;	45,27;	43,79;	40,4;	35,86;	33,01;	31,93;	30,16;	27,27;	27,12;	21,37;	14,52;	13,3;	11,4;	9,23;	7,78;	5,49;	1,52;	0,0;	0,0;	0,0;	0,0;	0,0;	0,0;	0,0;	0,0;	0,0;	0,0;	0,0;	0,0;	0,0;	0,0;	0,0
46;	0;	5;	0,98;	100,0;	99,99;	99,92;	99,69;	99,58;	99,26;	99,14;	98,58;	98,46;	97,96;	97,83;	97,2;	96,17;	95,86;	95,83;	95,09;	95,01;	94,59;	93,26;	93,03;	92,67;	92,4;	92,38;	90,97;	90,46;	89,88;	89,87;	89,22;	87,62;	87,1;	85,93;	83,51;	83,24;	81,28;	79,9;	77,76;	77,39;	75,71;	75,08;	74,5;	71,98;	71,9;	71,35;	69,93;	68,58;	64,09;	63,77;	59,99;	59,52;	57,56;	56,98;	54,89;	54,76;	52,5;	48,07;	42,54;	40,16;	36,53;	35,64;	34,52;	29,56;	29,39;	26,47;	25,96;	22,61;	18,29;	17,85;	16,97;	14,11;	13,09;	10,86;	8,05;	2,52;	2,09;	1,78;	1,33;	0,73;	0;	0;	0;	0;	0;	0;	0;	0;	0;	0;	0;	0;	0;	0;	0;	0;	0;	0;	0;	0;	0;	0;	0;	0
47;	-9;	5;	1,03;	98,37;	98,21;	98,13;	97,66;	97,26;	95,94;	95,64;	94,21;	93,41;	91,6;	91,22;	90,24;	89,97;	89,75;	87,76;	86,49;	86,32;	85,96;	84,51;	82,32;	80,02;	75,44;	71,21;	70,49;	70,39;	68,88;	67,46;	64,88;	64,53;	62,99;	61,36;	60,41;	58,65;	53,71;	52,8;	50,49;	47,11;	46,3;	46,18;	44,48;	38,28;	35,24;	29,76;	27,12;	26,15;	23,87;	23,85;	23,38;	22,6;	22,37;	20,3;	18,39;	17,24;	16,93;	13,08;	6,98;	6,36;	4,02;	0,68;	0,16;	0;	0;	0;	0;	0;	0;	0;	0;	0;	0;	0;	0;	0;	0;	0;	0;	0;	0;	0;	0;	0;	0;	0;	0;	0;	0;	0;	0;	0;	0;	0;	0;	0;	0;	0;	0;	0;	0;	0;	0;	0
48;	-6;	5;	0,98;	99,62;	99,4;	99,19;	98,71;	98,53;	98,12;	97,5;	97,48;	97,44;	96,52;	96,14;	95,08;	94,8;	93,67;	92,6;	91,74;	91,2;	90,58;	90,43;	89,68;	88,6;	85,79;	85,79;	84,66;	83,23;	82,97;	81,55;	80,37;	79,39;	78,06;	77,33;	76,81;	76,01;	75,14;	74,3;	70,86;	69,11;	68,83;	66,02;	64,94;	62,57;	59,36;	57,71;	55,31;	53,51;	49,87;	47,77;	44,56;	43,15;	37,48;	36,99;	34,58;	32,82;	27,62;	24,23;	22,14;	20,87;	20,75;	20,38;	19,42;	18,78;	18,56;	17,55;	15,4;	11,79;	6,82;	5,79;	0;	0;	0;	0;	0;	0;	0;	0;	0;	0;	0;	0;	0;	0;	0;	0;	0;	0;	0;	0;	0;	0;	0;	0;	0;	0;	0;	0;	0;	0;	0;	0;	0;	0
49;	0;	5;	0,95;	100,0;	99,97;	99,86;	99,63;	99,46;	99,07;	98,77;	98,12;	97,9;	97,69;	97,64;	97,54;	97,08;	96,61;	96,15;	96,14;	95,08;	92,4;	92,29;	91,72;	90,37;	87,13;	84,39;	83,61;	82,23;	81,97;	80,89;	79,52;	77,17;	76,8;	76,64;	73,84;	72,89;	70,65;	70,18;	69,92;	68,84;	66,63;	64,78;	61,45;	59,88;	57,67;	56,36;	53,59;	50,56;	50,16;	49,73;	49,05;	46,99;	45,91;	41,96;	38,52;	38,06;	35,79;	33,89;	31,79;	30,56;	29,01;	27,84;	25,07;	21,29;	17,21;	13,35;	10,47;	10,24;	8,38;	6,56;	1,8;	0,79;	0;	0;	0;	0;	0;	0;	0;	0;	0;	0;	0;	0;	0;	0;	0;	0;	0;	0;	0;	0;	0;	0;	0;	0;	0;	0;	0;	0;	0;	0;	0;	0
