0;	8;	6;	0,68;	nan;	nan;	nan;	nan;	nan;	nan;	nan;	nan;	100,0;	99,7;	98,84;	98,47;	98,4;	98,1;	97,53;	96,87;	95,91;	94,94;	94,67;	93,81;	93,4;	91,13;	90,11;	89,16;	88,01;	84,3;	83,09;	80,35;	79,06;	77,92;	77,33;	76,69;	74,75;	73,52;	73,01;	69,78;	68,58;	68,18;	65,82;	65,4;	62,34;	61,82;	58,99;	56,4;	54,58;	49,78;	48,45;	46,67;	43,08;	40,83;	38,14;	36,56;	35,61;	33,48;	28,13;	23,76;	22,43;	22,28;	21,75;	20,04;	19,17;	18,36;	13,45;	11,37;	5,2;	4,02;	0,0;	0,0;	0,0;	0,0;	0,0;	0,0;	0,0;	0,0;	0,0;	0,0;	0,0;	0,0;	0,0;	0,0;	0,0;	0,0;	0,0;	0,0;	0,0;	0,0;	0,0;	0,0;	0,0;	0,0;	0,0;	0,0;	0,0;	0,0;	0,0;	0,0;	0,0;	0,0;	0,0;	0,0;	0,0
1;	8;	6;	1,02;	nan;	nan;	nan;	nan;	nan;	nan;	nan;	nan;	100,0;	99,55;	99,03;	98,81;	98,34;	97,45;	96,1;	95,75;	94,65;	92,73;	90,75;	90,47;	84,4;	81,76;	80,91;	78,4;	75,26;	71,47;	70,25;	70,09;	69,88;	67,13;	61,57;	61,52;	60,5;	57,24;	56,05;	51,25;	46,76;	43,4;	42,03;	41,91;	38,63;	38,5;	33,59;	25,12;	19,61;	13,13;	13,08;	11,91;	7,07;	1,7;	1,58;	0,0;	0,0;	0,0;	0,0;	0,0;	0,0;	0,0;	0,0;	0,0;	0,0;	0,0;	0,0;	0,0;	0,0;	0,0;	0,0;	0,0;	0,0;	0,0;	0,0;	0,0;	0,0;	0,0;	0,0;	0,0;	0,0;	0,0;	0,0;	0,0;	0,0;	0,0;	0,0;	0,0;	0,0;	0,0;	0,0;	0,0;	0,0;	0,0;	0,0;	0,0;	0,0;	0,0;	0,0;	0,0;	0,0;	0,0;	0,0;	0,0;	0,0
2;	12;	6;	1,22;	nan;	nan;	nan;	nan;	nan;	nan;	nan;	nan;	nan;	nan;	nan;	nan;	100,0;	99,74;	99,62;	99,06;	98,18;	96,49;	96,32;	92,31;	91,91;	91,72;	90,62;	88,17;	87,58;	87,01;	86,31;	83,91;	82,96;	78,78;	75,0;	73,91;	68,82;	66,83;	65,72;	65,44;	61,41;	56,46;	55,35;	45,94;	38,76;	34,82;	28,0;	25,71;	22,61;	20,61;	16,5;	13,64;	9,46;	2,02;	0,0;	0,0;	0,0;	0,0;	0,0;	0,0;	0,0;	0,0;	0,0;	0,0;	0,0;	0,0;	0,0;	0,0;	0,0;	0,0;	0,0;	0,0;	0,0;	0,0;	0,0;	0,0;	0,0;	0,0;	0,0;	0,0;	0,0;	0,0;	0,0;	0,0;	0,0;	0,0;	0,0;	0,0;	0,0;	0,0;	0,0;	0,0;	0,0;	0,0;	0,0;	0,0;	0,0;	0,0;	0,0;	0,0;	0,0;	0,0;	0,0;	0,0;	0,0
3;	1;	6;	1,04;	nan;	100,0;	99,85;	99,83;	98,9;	97,62;	97,49;	95,72;	95,43;	95,42;	93,57;	92,28;	91,53;	88,09;	81,52;	79,19;	77,62;	76,15;	71,92;	69,38;	68,04;	65,86;	63,89;	62,08;	61,19;	58,54;	57,65;	49,64;	46,5;	46,44;	38,27;	36,67;	35,64;	27,96;	22,55;	18,63;	16,11;	14,16;	14,13;	7,73;	4,25;	3,94;	0,0;	0,0;	0,0;	0,0;	0,0;	0,0;	0,0;	0,0;	0,0;	0,0;	0,0;	0,0;	0,0;	0,0;	0,0;	0,0;	0,0;	0,0;	0,0;	0,0;	0,0;	0,0;	0,0;	0,0;	0,0;	0,0;	0,0;	0,0;	0,0;	0,0;	0,0;	0,0;	0,0;	0,0;	0,0;	0,0;	0,0;	0,0;	0,0;	0,0;	0,0;	0,0;	0,0;	0,0;	0,0;	0,0;	0,0;	0,0;	0,0;	0,0;	0,0;	0,0;	0,0;	0,0;	0,0;	0,0;	0,0;	0,0;	0,0
4;	13;	6;	0,75;	nan;	nan;	nan;	nan;	nan;	nan;	nan;	nan;	nan;	nan;	nan;	nan;	nan;	100,0;	99,76;	99,19;	98,64;	97,54;	96,71;	96,64;	95,03;	94,4;	93,77;	93,1;	91,43;	90,58;	87,42;	86,09;	85,06;	82,51;	80,89;	79,75;	75,13;	74,4;	73,2;	70,96;	70,24;	68,13;	64,77;	64,66;	62,41;	61,36;	57,84;	57,45;	55,3;	54,79;	54,11;	50,78;	44,49;	43,09;	42,23;	39,5;	38,63;	31,16;	25,74;	24,58;	24,16;	21,52;	18,04;	16,84;	16,26;	15,13;	10,63;	9,57;	8,02;	5,89;	4,42;	3,61;	1,61;	1,14;	0,0;	0,0;	0,0;	0,0;	0,0;	0,0;	0,0;	0,0;	0,0;	0,0;	0,0;	0,0;	0,0;	0,0;	0,0;	0,0;	0,0;	0,0;	0,0;	0,0;	0,0;	0,0;	0,0;	0,0;	0,0;	0,0;	0,0;	0,0;	0,0;	0,0;	0,0
5;	-1;	6;	0,91;	99,93;	99,66;	98,9;	97,85;	97,41;	97,0;	96,02;	94,05;	92,83;	91,87;	91,06;	88,64;	85,91;	84,57;	83,61;	78,17;	75,69;	73,76;	65,47;	61,65;	59,24;	55,48;	54,08;	48,9;	43,87;	40,6;	40,54;	37,33;	34,48;	32,15;	31,71;	29,69;	24,1;	21,81;	18,93;	17,77;	15,95;	15,29;	14,55;	12,94;	8,74;	3,48;	2,6;	0;	0;	0;	0;	0;	0;	0;	0;	0;	0;	0;	0;	0;	0;	0;	0;	0;	0;	0;	0;	0;	0;	0;	0;	0;	0;	0;	0;	0;	0;	0;	0;	0;	0;	0;	0;	0;	0;	0;	0;	0;	0;	0;	0;	0;	0;	0;	0;	0;	0;	0;	0;	0;	0;	0;	0;	0;	0
6;	-11;	6;	1,11;	86,06;	81,9;	80,42;	77,7;	74,42;	71,89;	70,16;	68,91;	67,0;	65,97;	65,44;	61,14;	57,3;	51,95;	47,65;	42,12;	38,69;	38,41;	35,43;	33,97;	28,3;	24,82;	20,06;	17,8;	15,3;	12,09;	6,37;	0;	0;	0;	0;	0;	0;	0;	0;	0;	0;	0;	0;	0;	0;	0;	0;	0;	0;	0;	0;	0;	0;	0;	0;	0;	0;	0;	0;	0;	0;	0;	0;	0;	0;	0;	0;	0;	0;	0;	0;	0;	0;	0;	0;	0;	0;	0;	0;	0;	0;	0;	0;	0;	0;	0;	0;	0;	0;	0;	0;	0;	0;	0;	0;	0;	0;	0;	0;	0;	0;	0;	0;	0;	0
7;	5;	6;	0,75;	nan;	nan;	nan;	nan;	nan;	100,0;	99,51;	99,18;	98,59;	98,56;	97,38;	96,79;	94,6;	94,26;	94,09;	92,64;	92,37;	90,94;	90,13;	88,62;	88,25;	84,51;	80,7;	78,83;	76,67;	74,14;	73,66;	73,14;	71,87;	69,12;	68,51;	67,61;	62,55;	62,42;	61,23;	59,42;	57,56;	56,51;	54,15;	48,5;	45,85;	44,03;	42,29;	37,5;	36,88;	30,07;	25,49;	25,44;	21,05;	17,53;	11,23;	9,89;	6,66;	6,3;	1,99;	1,25;	0,84;	0,0;	0,0;	0,0;	0,0;	0,0;	0,0;	0,0;	0,0;	0,0;	0,0;	0,0;	0,0;	0,0;	0,0;	0,0;	0,0;	0,0;	0,0;	0,0;	0,0;	0,0;	0,0;	0,0;	0,0;	0,0;	0,0;	0,0;	0,0;	0,0;	0,0;	0,0;	0,0;	0,0;	0,0;	0,0;	0,0;	0,0;	0,0;	0,0;	0,0;	0,0;	0,0;	0,0;	0,0
8;	-2;	6;	0,95;	99,62;	98,94;	98,49;	97,73;	97,46;	97,41;	96,18;	96,03;	93,92;	93,34;	92,09;	90,61;	86,69;	86,34;	84,4;	84,0;	82,53;	78,6;	76,71;	74,61;	72,56;	70,81;	68,06;	63,88;	61,41;	59,27;	58,82;	58,27;	58,03;	50,73;	48,98;	43,75;	40,38;	33,83;	28,28;	25,83;	24,92;	19,78;	17,39;	17,22;	17,09;	13,94;	12,78;	7,61;	1,81;	0;	0;	0;	0;	0;	0;	0;	0;	0;	0;	0;	0;	0;	0;	0;	0;	0;	0;	0;	0;	0;	0;	0;	0;	0;	0;	0;	0;	0;	0;	0;	0;	0;	0;	0;	0;	0;	0;	0;	0;	0;	0;	0;	0;	0;	0;	0;	0;	0;	0;	0;	0;	0;	0;	0;	0
9;	18;	6;	1,2;	nan;	nan;	nan;	nan;	nan;	nan;	nan;	nan;	nan;	nan;	nan;	nan;	nan;	nan;	nan;	nan;	nan;	nan;	100,0;	99,6;	98,37;	97,86;	97,63;	96,35;	96,05;	95,3;	94,7;	93,19;	88,82;	84,18;	80,62;	76,54;	74,58;	68,52;	67,63;	64,93;	61,18;	57,2;	50,26;	46,19;	45,45;	39,83;	38,9;	37,39;	34,5;	23,81;	22,48;	20,39;	14,43;	11,07;	9,05;	6,07;	1,73;	0,0;	0,0;	0,0;	0,0;	0,0;	0,0;	0,0;	0,0;	0,0;	0,0;	0,0;	0,0;	0,0;	0,0;	0,0;	0,0;	0,0;	0,0;	0,0;	0,0;	0,0;	0,0;	0,0;	0,0;	0,0;	0,0;	0,0;	0,0;	0,0;	0,0;	0,0;	0,0;	0,0;	0,0;	0,0;	0,0;	0,0;	0,0;	0,0;	0,0;	0,0;	0,0;	0,0;	0,0;	0,0;	0,0;	0,0;	0,0
10;	-6;	6;	1,06;	96,99;	95,94;	95,86;	95,64;	92,82;	88,66;	85,39;	81,26;	78,46;	77,69;	76,86;	72,66;	70,56;	68,17;	62,79;	62,24;	61,08;	55,19;	53,2;	53,01;	51,2;	49,73;	43,04;	42,49;	37,01;	32,14;	24,86;	22,9;	21,56;	19,27;	17,62;	11,13;	10,17;	5,58;	0,06;	0;	0;	0;	0;	0;	0;	0;	0;	0;	0;	0;	0;	0;	0;	0;	0;	0;	0;	0;	0;	0;	0;	0;	0;	0;	0;	0;	0;	0;	0;	0;	0;	0;	0;	0;	0;	0;	0;	0;	0;	0;	0;	0;	0;	0;	0;	0;	0;	0;	0;	0;	0;	0;	0;	0;	0;	0;	0;	0;	0;	0;	0;	0;	0;	0;	0
11;	-6;	6;	0,75;	95,8;	95,33;	94,89;	92,98;	92,39;	92,06;	91,81;	89,66;	87,53;	86,92;	85,38;	83,98;	81,45;	79,52;	77,94;	76,39;	74,34;	68,5;	67,67;	66,73;	62,52;	61,32;	57,77;	56,57;	52,52;	49,94;	47,33;	44,38;	44,07;	39,49;	36,91;	33,74;	33,73;	27,4;	26,64;	23,01;	16,72;	14,98;	14,38;	12,56;	10,12;	9,97;	4,99;	2,03;	0,78;	0;	0;	0;	0;	0;	0;	0;	0;	0;	0;	0;	0;	0;	0;	0;	0;	0;	0;	0;	0;	0;	0;	0;	0;	0;	0;	0;	0;	0;	0;	0;	0;	0;	0;	0;	0;	0;	0;	0;	0;	0;	0;	0;	0;	0;	0;	0;	0;	0;	0;	0;	0;	0;	0;	0;	0
12;	-1;	6;	1,2;	99,87;	99,05;	98,21;	97,85;	96,2;	96,15;	95,37;	93,77;	91,48;	89,26;	89,04;	87,96;	85,85;	84,24;	78,83;	74,66;	71,38;	68,11;	66,25;	65,81;	65,58;	60,43;	59,36;	59,09;	56,63;	56,18;	52,55;	50,24;	49,79;	47,74;	45,82;	44,82;	44,81;	37,97;	32,17;	31,68;	28,48;	20,23;	15,83;	6,49;	4,52;	1,43;	0;	0;	0;	0;	0;	0;	0;	0;	0;	0;	0;	0;	0;	0;	0;	0;	0;	0;	0;	0;	0;	0;	0;	0;	0;	0;	0;	0;	0;	0;	0;	0;	0;	0;	0;	0;	0;	0;	0;	0;	0;	0;	0;	0;	0;	0;	0;	0;	0;	0;	0;	0;	0;	0;	0;	0;	0;	0;	0
13;	21;	6;	0,84;	nan;	nan;	nan;	nan;	nan;	nan;	nan;	nan;	nan;	nan;	nan;	nan;	nan;	nan;	nan;	nan;	nan;	nan;	nan;	nan;	nan;	100,0;	99,91;	99,88;	99,24;	97,77;	97,11;	96,05;	95,54;	94,72;	93,92;	89,62;	87,08;	84,87;	82,98;	82,33;	79,6;	76,46;	75,52;	75,46;	74,92;	72,86;	71,81;	71,53;	67,66;	66,12;	65,84;	63,51;	59,68;	55,89;	53,77;	45,59;	37,67;	31,59;	30,83;	27,02;	18,58;	14,75;	9,55;	7,61;	1,21;	0,75;	0,11;	0,0;	0,0;	0,0;	0,0;	0,0;	0,0;	0,0;	0,0;	0,0;	0,0;	0,0;	0,0;	0,0;	0,0;	0,0;	0,0;	0,0;	0,0;	0,0;	0,0;	0,0;	0,0;	0,0;	0,0;	0,0;	0,0;	0,0;	0,0;	0,0;	0,0;	0,0;	0,0;	0,0;	0,0;	0,0;	0,0;	0,0;	0,0
14;	-11;	6;	0,97;	89,32;	89,32;	86,31;	83,97;	82,0;	79,92;	79,49;	78,75;	75,0;	72,3;	68,35;	64,24;	62,15;	57,31;	56,92;	55,05;	52,76;	47,51;	45,77;	43,23;	39,76;	32,95;	29,25;	25,73;	17,61;	17,28;	15,11;	13,42;	12,97;	12,41;	3,76;	0;	0;	0;	0;	0;	0;	0;	0;	0;	0;	0;	0;	0;	0;	0;	0;	0;	0;	0;	0;	0;	0;	0;	0;	0;	0;	0;	0;	0;	0;	0;	0;	0;	0;	0;	0;	0;	0;	0;	0;	0;	0;	0;	0;	0;	0;	0;	0;	0;	0;	0;	0;	0;	0;	0;	0;	0;	0;	0;	0;	0;	0;	0;	0;	0;	0;	0;	0;	0;	0
15;	2;	6;	1,45;	nan;	nan;	100,0;	99,95;	99,57;	98,36;	97,89;	97,75;	97,21;	96,84;	96,69;	93,32;	89,7;	86,34;	83,78;	82,23;	80,85;	80,31;	79,81;	78,14;	74,9;	71,57;	69,75;	66,72;	62,22;	60,8;	57,64;	51,97;	50,1;	44,84;	37,12;	36,32;	30,63;	29,96;	29,24;	27,64;	26,8;	24,58;	22,42;	16,78;	8,54;	7,13;	5,88;	1,97;	0,0;	0,0;	0,0;	0,0;	0,0;	0,0;	0,0;	0,0;	0,0;	0,0;	0,0;	0,0;	0,0;	0,0;	0,0;	0,0;	0,0;	0,0;	0,0;	0,0;	0,0;	0,0;	0,0;	0,0;	0,0;	0,0;	0,0;	0,0;	0,0;	0,0;	0,0;	0,0;	0,0;	0,0;	0,0;	0,0;	0,0;	0,0;	0,0;	0,0;	0,0;	0,0;	0,0;	0,0;	0,0;	0,0;	0,0;	0,0;	0,0;	0,0;	0,0;	0,0;	0,0;	0,0;	0,0;	0,0;	0,0
16;	6;	6;	1,3;	nan;	nan;	nan;	nan;	nan;	nan;	100,0;	99,67;	99,66;	98,09;	97,6;	95,93;	95,79;	95,29;	93,91;	91,56;	89,33;	85,77;	84,66;	81,21;	80,39;	78,83;	76,59;	75,29;	75,0;	68,0;	67,95;	65,81;	64,24;	64,2;	62,61;	61,9;	57,33;	54,11;	50,36;	47,57;	41,34;	34,51;	31,98;	20,72;	18,42;	12,45;	11,66;	8,49;	1,46;	0,0;	0,0;	0,0;	0,0;	0,0;	0,0;	0,0;	0,0;	0,0;	0,0;	0,0;	0,0;	0,0;	0,0;	0,0;	0,0;	0,0;	0,0;	0,0;	0,0;	0,0;	0,0;	0,0;	0,0;	0,0;	0,0;	0,0;	0,0;	0,0;	0,0;	0,0;	0,0;	0,0;	0,0;	0,0;	0,0;	0,0;	0,0;	0,0;	0,0;	0,0;	0,0;	0,0;	0,0;	0,0;	0,0;	0,0;	0,0;	0,0;	0,0;	0,0;	0,0;	0,0;	0,0;	0,0;	0,0
17;	-10;	6;	1,05;	88,03;	82,66;	82,08;	78,96;	78,95;	73,9;	71,43;	64,24;	60,6;	58,1;	55,64;	52,41;	51,66;	51,11;	48,32;	44,49;	44,28;	39,03;	34,3;	34,17;	30,95;	26,21;	23,9;	20,14;	13,49;	11,67;	8,43;	6,84;	2,94;	0;	0;	0;	0;	0;	0;	0;	0;	0;	0;	0;	0;	0;	0;	0;	0;	0;	0;	0;	0;	0;	0;	0;	0;	0;	0;	0;	0;	0;	0;	0;	0;	0;	0;	0;	0;	0;	0;	0;	0;	0;	0;	0;	0;	0;	0;	0;	0;	0;	0;	0;	0;	0;	0;	0;	0;	0;	0;	0;	0;	0;	0;	0;	0;	0;	0;	0;	0;	0;	0;	0;	0
18;	29;	6;	1,19;	nan;	nan;	nan;	nan;	nan;	nan;	nan;	nan;	nan;	nan;	nan;	nan;	nan;	nan;	nan;	nan;	nan;	nan;	nan;	nan;	nan;	nan;	nan;	nan;	nan;	nan;	nan;	nan;	nan;	100,0;	99,75;	99,03;	97,29;	95,95;	95,7;	93,65;	93,62;	93,03;	90,25;	88,65;	86,31;	84,8;	82,37;	78,06;	75,14;	69,33;	68,96;	67,6;	64,33;	57,81;	57,22;	53,32;	49,65;	45,3;	44,31;	40,99;	40,25;	34,07;	33,0;	32,15;	28,68;	24,14;	21,58;	20,7;	17,31;	12,4;	3,73;	1,35;	0,0;	0,0;	0,0;	0,0;	0,0;	0,0;	0,0;	0,0;	0,0;	0,0;	0,0;	0,0;	0,0;	0,0;	0,0;	0,0;	0,0;	0,0;	0,0;	0,0;	0,0;	0,0;	0,0;	0,0;	0,0;	0,0;	0,0;	0,0;	0,0;	0,0;	0,0;	0,0;	0,0
19;	-6;	6;	1,08;	96,31;	95,73;	95,65;	93,02;	92,61;	91,69;	89,9;	87,06;	85,57;	83,73;	82,9;	79,38;	79,14;	73,57;	68,56;	66,32;	62,18;	60,62;	58,35;	56,87;	52,96;	50,02;	49,96;	46,14;	44,74;	41,26;	40,88;	37,61;	30,57;	26,91;	24,48;	20,84;	19,95;	10,91;	7,3;	3,41;	1,33;	0;	0;	0;	0;	0;	0;	0;	0;	0;	0;	0;	0;	0;	0;	0;	0;	0;	0;	0;	0;	0;	0;	0;	0;	0;	0;	0;	0;	0;	0;	0;	0;	0;	0;	0;	0;	0;	0;	0;	0;	0;	0;	0;	0;	0;	0;	0;	0;	0;	0;	0;	0;	0;	0;	0;	0;	0;	0;	0;	0;	0;	0;	0;	0
20;	-4;	6;	0,99;	98,03;	97,37;	96,26;	94,29;	93,54;	91,43;	90,4;	89,95;	85,65;	85,0;	81,58;	81,57;	77,13;	75,74;	74,67;	72,51;	66,95;	65,26;	61,88;	58,77;	55,52;	50,74;	47,84;	44,3;	41,7;	40,44;	35,74;	34,9;	33,38;	30,0;	28,82;	20,96;	20,28;	13,83;	8,75;	1,18;	0;	0;	0;	0;	0;	0;	0;	0;	0;	0;	0;	0;	0;	0;	0;	0;	0;	0;	0;	0;	0;	0;	0;	0;	0;	0;	0;	0;	0;	0;	0;	0;	0;	0;	0;	0;	0;	0;	0;	0;	0;	0;	0;	0;	0;	0;	0;	0;	0;	0;	0;	0;	0;	0;	0;	0;	0;	0;	0;	0;	0;	0;	0;	0;	0
21;	-12;	6;	0,75;	94,88;	93,38;	93,3;	90,14;	89,99;	89,59;	88,03;	86,4;	81,79;	75,99;	72,34;	69,79;	66,53;	64,02;	57,56;	53,95;	51,27;	49,15;	47,48;	45,76;	43,83;	39,2;	32,86;	31,41;	27,64;	24,46;	24,04;	21,23;	16,02;	15,59;	11,39;	9,98;	8,72;	3,47;	2,37;	1,69;	0,8;	0;	0;	0;	0;	0;	0;	0;	0;	0;	0;	0;	0;	0;	0;	0;	0;	0;	0;	0;	0;	0;	0;	0;	0;	0;	0;	0;	0;	0;	0;	0;	0;	0;	0;	0;	0;	0;	0;	0;	0;	0;	0;	0;	0;	0;	0;	0;	0;	0;	0;	0;	0;	0;	0;	0;	0;	0;	0;	0;	0;	0;	0;	0;	0
22;	9;	6;	0,87;	nan;	nan;	nan;	nan;	nan;	nan;	nan;	nan;	nan;	100,0;	99,98;	99,61;	99,16;	98,89;	98,09;	96,43;	95,47;	95,14;	93,66;	93,45;	93,06;	91,86;	88,95;	88,59;	88,24;	82,39;	80,57;	76,55;	71,2;	69,67;	69,31;	65,74;	63,41;	62,9;	59,69;	58,9;	54,87;	50,1;	48,48;	46,45;	44,99;	42,74;	38,04;	33,36;	29,36;	25,64;	25,55;	20,97;	12,76;	11,64;	11,52;	8,45;	4,14;	0,0;	0,0;	0,0;	0,0;	0,0;	0,0;	0,0;	0,0;	0,0;	0,0;	0,0;	0,0;	0,0;	0,0;	0,0;	0,0;	0,0;	0,0;	0,0;	0,0;	0,0;	0,0;	0,0;	0,0;	0,0;	0,0;	0,0;	0,0;	0,0;	0,0;	0,0;	0,0;	0,0;	0,0;	0,0;	0,0;	0,0;	0,0;	0,0;	0,0;	0,0;	0,0;	0,0;	0,0;	0,0;	0,0;	0,0;	0,0
23;	6;	6;	1,05;	nan;	nan;	nan;	nan;	nan;	nan;	100,0;	99,77;	99,33;	99,13;	98,25;	97,83;	95,62;	95,3;	94,19;	92,85;	89,67;	89,45;	87,61;	87,44;	86,94;	80,85;	80,48;	80,17;	75,24;	70,94;	69,16;	68,26;	68,2;	62,99;	61,59;	59,32;	55,45;	54,91;	47,04;	43,2;	43,07;	40,57;	39,42;	35,22;	32,91;	30,88;	30,56;	22,81;	22,35;	22,06;	17,01;	11,73;	10,37;	7,07;	6,49;	3,72;	0,0;	0,0;	0,0;	0,0;	0,0;	0,0;	0,0;	0,0;	0,0;	0,0;	0,0;	0,0;	0,0;	0,0;	0,0;	0,0;	0,0;	0,0;	0,0;	0,0;	0,0;	0,0;	0,0;	0,0;	0,0;	0,0;	0,0;	0,0;	0,0;	0,0;	0,0;	0,0;	0,0;	0,0;	0,0;	0,0;	0,0;	0,0;	0,0;	0,0;	0,0;	0,0;	0,0;	0,0;	0,0;	0,0;	0,0;	0,0;	0,0
24;	0;	6;	0,92;	100,0;	99,88;	99,73;	99,55;	99,34;	99,12;	98,92;	98,69;	96,85;	93,56;	92,46;	89,77;	89,03;	88,25;	88,05;	86,88;	79,85;	79,08;	76,51;	75,48;	75,23;	72,58;	71,87;	69,12;	62,66;	58,46;	55,83;	46,95;	44,25;	41,32;	34,47;	33,84;	30,98;	29,19;	28,88;	25,59;	17,39;	14,49;	11,03;	5,44;	0,08;	0;	0;	0;	0;	0;	0;	0;	0;	0;	0;	0;	0;	0;	0;	0;	0;	0;	0;	0;	0;	0;	0;	0;	0;	0;	0;	0;	0;	0;	0;	0;	0;	0;	0;	0;	0;	0;	0;	0;	0;	0;	0;	0;	0;	0;	0;	0;	0;	0;	0;	0;	0;	0;	0;	0;	0;	0;	0;	0;	0
25;	3;	6;	1,0;	nan;	nan;	nan;	100,0;	99,82;	99,79;	98,3;	97,24;	96,04;	96,03;	95,08;	93,39;	92,95;	90,68;	90,54;	90,52;	88,32;	86,63;	81,36;	81,35;	78,61;	75,99;	75,62;	74,9;	73,78;	70,17;	66,37;	65,46;	62,65;	59,67;	54,67;	51,02;	47,63;	47,1;	40,81;	39,85;	33,52;	33,33;	26,78;	21,8;	18,94;	16,44;	6,96;	5,94;	0,34;	0,0;	0,0;	0,0;	0,0;	0,0;	0,0;	0,0;	0,0;	0,0;	0,0;	0,0;	0,0;	0,0;	0,0;	0,0;	0,0;	0,0;	0,0;	0,0;	0,0;	0,0;	0,0;	0,0;	0,0;	0,0;	0,0;	0,0;	0,0;	0,0;	0,0;	0,0;	0,0;	0,0;	0,0;	0,0;	0,0;	0,0;	0,0;	0,0;	0,0;	0,0;	0,0;	0,0;	0,0;	0,0;	0,0;	0,0;	0,0;	0,0;	0,0;	0,0;	0,0;	0,0;	0,0;	0,0;	0,0
26;	2;	6;	0,7;	nan;	nan;	100,0;	99,61;	99,15;	99,06;	98,14;	97,15;	96,57;	96,33;	96,26;	96,08;	96,0;	93,49;	92,65;	92,37;	92,28;	90,37;	89,59;	88,68;	87,63;	86,53;	83,52;	81,91;	81,81;	79,48;	76,55;	73,92;	73,6;	69,59;	68,82;	68,73;	62,57;	59,8;	58,12;	56,66;	52,72;	51,37;	51,25;	46,8;	45,89;	45,09;	41,04;	39,37;	35,9;	32,81;	30,25;	26,74;	25,55;	17,17;	16,25;	13,48;	10,09;	4,46;	2,88;	0,17;	0,0;	0,0;	0,0;	0,0;	0,0;	0,0;	0,0;	0,0;	0,0;	0,0;	0,0;	0,0;	0,0;	0,0;	0,0;	0,0;	0,0;	0,0;	0,0;	0,0;	0,0;	0,0;	0,0;	0,0;	0,0;	0,0;	0,0;	0,0;	0,0;	0,0;	0,0;	0,0;	0,0;	0,0;	0,0;	0,0;	0,0;	0,0;	0,0;	0,0;	0,0;	0,0;	0,0;	0,0;	0,0
27;	-6;	6;	1,04;	96,12;	95,89;	92,16;	89,07;	84,52;	83,72;	81,17;	80,03;	77,3;	75,78;	74,95;	74,14;	69,43;	62,9;	55,64;	50,46;	46,37;	44,51;	43,03;	36,08;	34,3;	32,91;	29,73;	28,41;	18,14;	15,77;	13,72;	9,71;	4,7;	1,65;	0;	0;	0;	0;	0;	0;	0;	0;	0;	0;	0;	0;	0;	0;	0;	0;	0;	0;	0;	0;	0;	0;	0;	0;	0;	0;	0;	0;	0;	0;	0;	0;	0;	0;	0;	0;	0;	0;	0;	0;	0;	0;	0;	0;	0;	0;	0;	0;	0;	0;	0;	0;	0;	0;	0;	0;	0;	0;	0;	0;	0;	0;	0;	0;	0;	0;	0;	0;	0;	0;	0
28;	5;	6;	1,2;	nan;	nan;	nan;	nan;	nan;	100,0;	99,96;	99,95;	99,14;	98,57;	97,88;	95,83;	92,98;	92,83;	92,12;	90,88;	88,64;	86,36;	86,05;	84,43;	74,55;	73,97;	72,73;	68,53;	65,43;	61,67;	58,18;	53,68;	52,04;	44,04;	37,84;	34,91;	33,13;	32,11;	27,22;	19,31;	15,4;	11,7;	8,28;	3,55;	0,0;	0,0;	0,0;	0,0;	0,0;	0,0;	0,0;	0,0;	0,0;	0,0;	0,0;	0,0;	0,0;	0,0;	0,0;	0,0;	0,0;	0,0;	0,0;	0,0;	0,0;	0,0;	0,0;	0,0;	0,0;	0,0;	0,0;	0,0;	0,0;	0,0;	0,0;	0,0;	0,0;	0,0;	0,0;	0,0;	0,0;	0,0;	0,0;	0,0;	0,0;	0,0;	0,0;	0,0;	0,0;	0,0;	0,0;	0,0;	0,0;	0,0;	0,0;	0,0;	0,0;	0,0;	0,0;	0,0;	0,0;	0,0;	0,0;	0,0;	0,0
29;	0;	6;	0,87;	100,0;	99,97;	99,52;	99,52;	98,06;	98,06;	96,52;	95,96;	93,82;	90,68;	89,03;	88,84;	86,86;	84,28;	81,32;	80,19;	79,33;	79,08;	77,97;	74,41;	72,63;	70,37;	69,03;	65,43;	63,99;	60,46;	55,11;	53,34;	51,48;	50,73;	49,66;	48,56;	46,54;	44,1;	41,43;	41,12;	36,69;	33,73;	30,67;	29,47;	25,45;	23,12;	19,87;	16,22;	13,47;	6,78;	3,16;	0,43;	0;	0;	0;	0;	0;	0;	0;	0;	0;	0;	0;	0;	0;	0;	0;	0;	0;	0;	0;	0;	0;	0;	0;	0;	0;	0;	0;	0;	0;	0;	0;	0;	0;	0;	0;	0;	0;	0;	0;	0;	0;	0;	0;	0;	0;	0;	0;	0;	0;	0;	0;	0;	0
30;	7;	6;	1,07;	nan;	nan;	nan;	nan;	nan;	nan;	nan;	100,0;	99,66;	99,28;	99,16;	98,37;	97,76;	97,21;	94,21;	93,79;	92,44;	88,3;	83,14;	81,11;	79,42;	75,91;	74,61;	71,67;	67,89;	67,04;	66,62;	62,37;	59,32;	54,25;	53,85;	46,48;	41,58;	38,1;	29,7;	28,94;	23,79;	21,33;	17,89;	15,77;	12,23;	9,23;	5,74;	4,52;	0,0;	0,0;	0,0;	0,0;	0,0;	0,0;	0,0;	0,0;	0,0;	0,0;	0,0;	0,0;	0,0;	0,0;	0,0;	0,0;	0,0;	0,0;	0,0;	0,0;	0,0;	0,0;	0,0;	0,0;	0,0;	0,0;	0,0;	0,0;	0,0;	0,0;	0,0;	0,0;	0,0;	0,0;	0,0;	0,0;	0,0;	0,0;	0,0;	0,0;	0,0;	0,0;	0,0;	0,0;	0,0;	0,0;	0,0;	0,0;	0,0;	0,0;	0,0;	0,0;	0,0;	0,0;	0,0;	0,0;	0,0
31;	-7;	6;	0,94;	97,59;	95,31;	94,52;	94,11;	93,99;	93,58;	92,07;	90,69;	89,12;	87,48;	86,01;	81,08;	79,17;	78,77;	75,61;	72,99;	72,2;	70,43;	67,93;	66,67;	64,0;	57,45;	53,93;	51,58;	51,41;	47,98;	42,54;	41,78;	37,2;	31,69;	26,89;	19,57;	18,53;	17,4;	10,93;	9,57;	4,25;	1,71;	0;	0;	0;	0;	0;	0;	0;	0;	0;	0;	0;	0;	0;	0;	0;	0;	0;	0;	0;	0;	0;	0;	0;	0;	0;	0;	0;	0;	0;	0;	0;	0;	0;	0;	0;	0;	0;	0;	0;	0;	0;	0;	0;	0;	0;	0;	0;	0;	0;	0;	0;	0;	0;	0;	0;	0;	0;	0;	0;	0;	0;	0;	0
32;	24;	6;	0,9;	nan;	nan;	nan;	nan;	nan;	nan;	nan;	nan;	nan;	nan;	nan;	nan;	nan;	nan;	nan;	nan;	nan;	nan;	nan;	nan;	nan;	nan;	nan;	nan;	100,0;	99,74;	99,4;	99,11;	98,29;	98,23;	96,58;	94,61;	94,12;	94,06;	93,08;	91,25;	88,26;	87,48;	84,91;	83,72;	80,05;	74,14;	71,05;	69,15;	68,09;	64,69;	59,76;	57,64;	53,28;	51,98;	46,76;	45,23;	39,66;	37,17;	30,27;	30,11;	26,33;	16,92;	14,88;	10,2;	5,49;	5,06;	3,05;	2,48;	1,22;	0,0;	0,0;	0,0;	0,0;	0,0;	0,0;	0,0;	0,0;	0,0;	0,0;	0,0;	0,0;	0,0;	0,0;	0,0;	0,0;	0,0;	0,0;	0,0;	0,0;	0,0;	0,0;	0,0;	0,0;	0,0;	0,0;	0,0;	0,0;	0,0;	0,0;	0,0;	0,0;	0,0;	0,0;	0,0;	0,0
33;	5;	6;	1,34;	nan;	nan;	nan;	nan;	nan;	100,0;	99,85;	99,63;	99,15;	98,45;	96,57;	95,85;	95,59;	94,77;	93,8;	92,76;	91,33;	91,14;	90,16;	88,25;	87,71;	84,21;	81,04;	79,62;	74,13;	69,97;	67,08;	60,52;	56,94;	54,54;	53,3;	53,23;	46,37;	44,08;	37,16;	33,16;	32,23;	20,83;	11,83;	8,35;	6,9;	6,38;	1,39;	0,0;	0,0;	0,0;	0,0;	0,0;	0,0;	0,0;	0,0;	0,0;	0,0;	0,0;	0,0;	0,0;	0,0;	0,0;	0,0;	0,0;	0,0;	0,0;	0,0;	0,0;	0,0;	0,0;	0,0;	0,0;	0,0;	0,0;	0,0;	0,0;	0,0;	0,0;	0,0;	0,0;	0,0;	0,0;	0,0;	0,0;	0,0;	0,0;	0,0;	0,0;	0,0;	0,0;	0,0;	0,0;	0,0;	0,0;	0,0;	0,0;	0,0;	0,0;	0,0;	0,0;	0,0;	0,0;	0,0;	0,0;	0,0
34;	-4;	6;	0,82;	97,81;	97,23;	95,84;	95,19;	95,06;	93,2;	91,45;	90,41;	89,5;	87,37;	85,46;	82,63;	82,39;	81,14;	80,02;	79,82;	75,05;	73,99;	72,99;	68,37;	68,22;	60,05;	58,71;	55,63;	49,52;	46,18;	42,79;	41,29;	37,77;	34,45;	30,91;	29,25;	25,01;	19,28;	12,32;	5,52;	2,87;	1,54;	0;	0;	0;	0;	0;	0;	0;	0;	0;	0;	0;	0;	0;	0;	0;	0;	0;	0;	0;	0;	0;	0;	0;	0;	0;	0;	0;	0;	0;	0;	0;	0;	0;	0;	0;	0;	0;	0;	0;	0;	0;	0;	0;	0;	0;	0;	0;	0;	0;	0;	0;	0;	0;	0;	0;	0;	0;	0;	0;	0;	0;	0;	0
35;	-11;	6;	1,12;	88,68;	88,61;	86,93;	84,97;	84,56;	83,01;	81,24;	79,17;	75,11;	70,12;	69,37;	63,83;	62,47;	56,15;	54,45;	50,17;	47,04;	46,2;	39,91;	36,29;	31,75;	30,32;	29,27;	23,97;	21,81;	18,86;	11,45;	4,22;	0;	0;	0;	0;	0;	0;	0;	0;	0;	0;	0;	0;	0;	0;	0;	0;	0;	0;	0;	0;	0;	0;	0;	0;	0;	0;	0;	0;	0;	0;	0;	0;	0;	0;	0;	0;	0;	0;	0;	0;	0;	0;	0;	0;	0;	0;	0;	0;	0;	0;	0;	0;	0;	0;	0;	0;	0;	0;	0;	0;	0;	0;	0;	0;	0;	0;	0;	0;	0;	0;	0;	0;	0
36;	20;	6;	1,26;	nan;	nan;	nan;	nan;	nan;	nan;	nan;	nan;	nan;	nan;	nan;	nan;	nan;	nan;	nan;	nan;	nan;	nan;	nan;	nan;	100,0;	99,62;	99,42;	98,94;	98,07;	97,06;	96,34;	94,13;	91,24;	90,95;	89,78;	89,09;	87,98;	82,75;	75,02;	70,41;	67,08;	58,37;	51,25;	50,72;	47,7;	45,64;	36,58;	35,73;	34,76;	31,56;	29,61;	26,11;	25,47;	25,2;	21,39;	17,52;	12,35;	8,21;	7,14;	5,15;	4,27;	2,3;	0,0;	0,0;	0,0;	0,0;	0,0;	0,0;	0,0;	0,0;	0,0;	0,0;	0,0;	0,0;	0,0;	0,0;	0,0;	0,0;	0,0;	0,0;	0,0;	0,0;	0,0;	0,0;	0,0;	0,0;	0,0;	0,0;	0,0;	0,0;	0,0;	0,0;	0,0;	0,0;	0,0;	0,0;	0,0;	0,0;	0,0;	0,0;	0,0;	0,0;	0,0;	0,0;	0,0
37;	-3;	6;	0,89;	99,56;	98,54;	97,23;	96,92;	96,48;	94,68;	92,52;	92,44;	91,36;	89,73;	89,68;	87,75;	84,04;	81,89;	80,89;	77,37;	76,01;	69,13;	66,26;	65,72;	62,7;	60,53;	57,25;	55,3;	51,95;	50,82;	48,79;	47,24;	44,21;	40,47;	37,53;	33,0;	31,48;	26,34;	26,22;	23,69;	15,02;	8,89;	7,1;	6,76;	0,99;	0;	0;	0;	0;	0;	0;	0;	0;	0;	0;	0;	0;	0;	0;	0;	0;	0;	0;	0;	0;	0;	0;	0;	0;	0;	0;	0;	0;	0;	0;	0;	0;	0;	0;	0;	0;	0;	0;	0;	0;	0;	0;	0;	0;	0;	0;	0;	0;	0;	0;	0;	0;	0;	0;	0;	0;	0;	0;	0;	0
38;	13;	6;	1,03;	nan;	nan;	nan;	nan;	nan;	nan;	nan;	nan;	nan;	nan;	nan;	nan;	nan;	100,0;	99,78;	99,47;	98,7;	97,88;	97,34;	96,86;	96,04;	95,63;	94,05;	91,81;	91,25;	89,64;	88,92;	87,73;	85,26;	84,94;	82,64;	78,77;	78,13;	74,33;	74,08;	73,34;	71,75;	68,34;	66,81;	64,8;	63,86;	63,06;	62,99;	62,83;	59,18;	56,77;	54,55;	47,05;	43,44;	40,39;	36,13;	32,21;	23,31;	18,68;	6,15;	2,33;	0,0;	0,0;	0,0;	0,0;	0,0;	0,0;	0,0;	0,0;	0,0;	0,0;	0,0;	0,0;	0,0;	0,0;	0,0;	0,0;	0,0;	0,0;	0,0;	0,0;	0,0;	0,0;	0,0;	0,0;	0,0;	0,0;	0,0;	0,0;	0,0;	0,0;	0,0;	0,0;	0,0;	0,0;	0,0;	0,0;	0,0;	0,0;	0,0;	0,0;	0,0;	0,0;	0,0;	0,0;	0,0
39;	-10;	6;	0,88;	91,3;	91,23;	90,48;	89,08;	88,38;	86,96;	86,81;	84,38;	83,93;	79,77;	76,41;	68,23;	65,87;	65,41;	62,27;	57,62;	55,0;	50,48;	41,61;	37,15;	33,33;	28,73;	25,94;	24,55;	19,45;	14,11;	11,79;	6,2;	5,91;	5,66;	2,69;	0;	0;	0;	0;	0;	0;	0;	0;	0;	0;	0;	0;	0;	0;	0;	0;	0;	0;	0;	0;	0;	0;	0;	0;	0;	0;	0;	0;	0;	0;	0;	0;	0;	0;	0;	0;	0;	0;	0;	0;	0;	0;	0;	0;	0;	0;	0;	0;	0;	0;	0;	0;	0;	0;	0;	0;	0;	0;	0;	0;	0;	0;	0;	0;	0;	0;	0;	0;	0;	0
40;	6;	6;	0,98;	nan;	nan;	nan;	nan;	nan;	nan;	100,0;	99,79;	99,75;	99,63;	99,18;	98,05;	97,14;	95,53;	95,21;	94,49;	92,03;	89,05;	86,66;	86,64;	85,98;	84,25;	81,58;	76,94;	76,51;	69,99;	69,4;	69,05;	63,61;	63,09;	53,74;	53,7;	48,21;	45,94;	41,46;	38,09;	33,72;	32,15;	27,75;	23,93;	22,05;	13,75;	12,7;	10,52;	4,03;	1,83;	0,0;	0,0;	0,0;	0,0;	0,0;	0,0;	0,0;	0,0;	0,0;	0,0;	0,0;	0,0;	0,0;	0,0;	0,0;	0,0;	0,0;	0,0;	0,0;	0,0;	0,0;	0,0;	0,0;	0,0;	0,0;	0,0;	0,0;	0,0;	0,0;	0,0;	0,0;	0,0;	0,0;	0,0;	0,0;	0,0;	0,0;	0,0;	0,0;	0,0;	0,0;	0,0;	0,0;	0,0;	0,0;	0,0;	0,0;	0,0;	0,0;	0,0;	0,0;	0,0;	0,0;	0,0;	0,0
41;	2;	6;	0,86;	nan;	nan;	100,0;	99,93;	99,41;	99,28;	99,25;	98,44;	95,65;	94,93;	93,87;	91,56;	90,17;	89,26;	87,23;	85,3;	83,77;	82,89;	81,85;	81,63;	80,37;	79,77;	79,67;	77,03;	75,03;	73,25;	71,46;	67,31;	60,97;	60,34;	60,24;	58,3;	51,33;	45,15;	44,32;	43,89;	41,97;	36,89;	36,03;	33,39;	33,04;	29,24;	23,59;	22,98;	22,61;	20,3;	15,65;	8,92;	5,48;	5,28;	2,15;	0,0;	0,0;	0,0;	0,0;	0,0;	0,0;	0,0;	0,0;	0,0;	0,0;	0,0;	0,0;	0,0;	0,0;	0,0;	0,0;	0,0;	0,0;	0,0;	0,0;	0,0;	0,0;	0,0;	0,0;	0,0;	0,0;	0,0;	0,0;	0,0;	0,0;	0,0;	0,0;	0,0;	0,0;	0,0;	0,0;	0,0;	0,0;	0,0;	0,0;	0,0;	0,0;	0,0;	0,0;	0,0;	0,0;	0,0;	0,0;	0,0;	0,0
42;	0;	6;	0,58;	100,0;	99,6;	99,51;	99,05;	98,77;	98,47;	98,29;	98,18;	97,35;	95,2;	94,67;	93,26;	93,07;	92,27;	92,24;	90,29;	89,19;	87,72;	86,95;	86,04;	84,77;	83,11;	82,75;	82,32;	81,17;	80,81;	77,72;	77,52;	76,94;	76,16;	73,66;	70,53;	69,95;	67,74;	63,97;	63,1;	62,94;	61,06;	57,24;	55,31;	53,18;	52,12;	50,41;	50,36;	48,83;	46,8;	46,67;	43,16;	42,13;	38,81;	36,66;	35,14;	34,63;	33,78;	31,68;	30,96;	29,78;	28,15;	23,8;	23,53;	20,7;	15,75;	14,51;	13,9;	9,1;	4,79;	2,98;	2,88;	1,72;	0;	0;	0;	0;	0;	0;	0;	0;	0;	0;	0;	0;	0;	0;	0;	0;	0;	0;	0;	0;	0;	0;	0;	0;	0;	0;	0;	0;	0;	0;	0;	0
43;	0;	6;	0,83;	100,0;	99,94;	99,84;	99,51;	99,32;	97,74;	97,13;	95,98;	95,33;	93,3;	93,07;	92,23;	91,34;	90,67;	90,21;	89,0;	86,92;	86,5;	82,97;	79,08;	75,07;	71,26;	68,33;	63,91;	61,85;	56,19;	51,45;	48,98;	47,37;	45,26;	42,28;	37,21;	34,41;	34,34;	33,89;	33,12;	32,33;	31,41;	26,03;	22,54;	21,75;	21,64;	21,57;	17,85;	17,53;	14,72;	13,79;	11,92;	10,69;	9,76;	7,46;	6,12;	1,84;	0;	0;	0;	0;	0;	0;	0;	0;	0;	0;	0;	0;	0;	0;	0;	0;	0;	0;	0;	0;	0;	0;	0;	0;	0;	0;	0;	0;	0;	0;	0;	0;	0;	0;	0;	0;	0;	0;	0;	0;	0;	0;	0;	0;	0;	0;	0;	0
44;	-2;	6;	1,09;	98,19;	97,48;	96,89;	96,16;	96,04;	95,61;	94,51;	93,71;	92,74;	91,88;	91,31;	88,46;	86,93;	86,58;	85,06;	81,85;	71,07;	70,71;	62,56;	61,99;	61,1;	59,19;	57,39;	56,72;	54,55;	51,88;	51,36;	49,0;	42,07;	38,56;	37,97;	36,78;	35,49;	34,69;	29,54;	26,41;	22,67;	18,46;	16,67;	8,71;	7,17;	0;	0;	0;	0;	0;	0;	0;	0;	0;	0;	0;	0;	0;	0;	0;	0;	0;	0;	0;	0;	0;	0;	0;	0;	0;	0;	0;	0;	0;	0;	0;	0;	0;	0;	0;	0;	0;	0;	0;	0;	0;	0;	0;	0;	0;	0;	0;	0;	0;	0;	0;	0;	0;	0;	0;	0;	0;	0;	0;	0
45;	-15;	6;	1,22;	73,5;	68,75;	66,78;	66,0;	65,64;	63,96;	62,61;	50,42;	47,59;	44,32;	39,35;	30,74;	18,82;	16,58;	12,53;	10,05;	9,51;	9,01;	5,54;	3,98;	2,88;	0;	0;	0;	0;	0;	0;	0;	0;	0;	0;	0;	0;	0;	0;	0;	0;	0;	0;	0;	0;	0;	0;	0;	0;	0;	0;	0;	0;	0;	0;	0;	0;	0;	0;	0;	0;	0;	0;	0;	0;	0;	0;	0;	0;	0;	0;	0;	0;	0;	0;	0;	0;	0;	0;	0;	0;	0;	0;	0;	0;	0;	0;	0;	0;	0;	0;	0;	0;	0;	0;	0;	0;	0;	0;	0;	0;	0;	0;	0;	0
46;	-10;	6;	0,85;	90,18;	86,97;	84,33;	83,34;	81,8;	79,73;	78,37;	73,71;	72,29;	67,46;	64,93;	64,49;	62,94;	62,6;	61,98;	59,27;	58,16;	53,64;	49,61;	44,45;	38,54;	37,21;	32,47;	28,37;	25,86;	24,31;	21,16;	18,83;	7,5;	6,58;	2,95;	0,48;	0;	0;	0;	0;	0;	0;	0;	0;	0;	0;	0;	0;	0;	0;	0;	0;	0;	0;	0;	0;	0;	0;	0;	0;	0;	0;	0;	0;	0;	0;	0;	0;	0;	0;	0;	0;	0;	0;	0;	0;	0;	0;	0;	0;	0;	0;	0;	0;	0;	0;	0;	0;	0;	0;	0;	0;	0;	0;	0;	0;	0;	0;	0;	0;	0;	0;	0;	0;	0
47;	-21;	6;	1,22;	63,94;	62,59;	58,3;	56,27;	50,42;	46,83;	41,08;	34,58;	30,28;	27,78;	27,71;	20,61;	14,18;	9,52;	9,11;	8,21;	8,11;	0;	0;	0;	0;	0;	0;	0;	0;	0;	0;	0;	0;	0;	0;	0;	0;	0;	0;	0;	0;	0;	0;	0;	0;	0;	0;	0;	0;	0;	0;	0;	0;	0;	0;	0;	0;	0;	0;	0;	0;	0;	0;	0;	0;	0;	0;	0;	0;	0;	0;	0;	0;	0;	0;	0;	0;	0;	0;	0;	0;	0;	0;	0;	0;	0;	0;	0;	0;	0;	0;	0;	0;	0;	0;	0;	0;	0;	0;	0;	0;	0;	0;	0;	0
48;	1;	6;	0,81;	nan;	100,0;	99,89;	99,57;	98,81;	98,55;	98,27;	97,81;	96,63;	96,63;	96,28;	94,69;	93,28;	92,7;	90,31;	89,93;	85,72;	81,13;	80,65;	77,63;	73,88;	73,46;	71,37;	70,79;	65,95;	62,25;	57,26;	56,37;	50,66;	48,45;	46,87;	46,12;	43,65;	42,08;	38,4;	29,99;	24,53;	24,48;	17,25;	15,69;	13,31;	9,42;	7,89;	7,24;	4,36;	3,92;	2,26;	1,72;	0,2;	0,0;	0,0;	0,0;	0,0;	0,0;	0,0;	0,0;	0,0;	0,0;	0,0;	0,0;	0,0;	0,0;	0,0;	0,0;	0,0;	0,0;	0,0;	0,0;	0,0;	0,0;	0,0;	0,0;	0,0;	0,0;	0,0;	0,0;	0,0;	0,0;	0,0;	0,0;	0,0;	0,0;	0,0;	0,0;	0,0;	0,0;	0,0;	0,0;	0,0;	0,0;	0,0;	0,0;	0,0;	0,0;	0,0;	0,0;	0,0;	0,0;	0,0;	0,0;	0,0
49;	-8;	6;	1,29;	91,92;	87,39;	85,57;	80,39;	79,18;	78,95;	77,24;	69,49;	64,98;	56,51;	56,31;	56,07;	53,02;	46,96;	37,73;	34,18;	31,08;	30,26;	23,77;	18,21;	18,16;	16,59;	6,87;	0;	0;	0;	0;	0;	0;	0;	0;	0;	0;	0;	0;	0;	0;	0;	0;	0;	0;	0;	0;	0;	0;	0;	0;	0;	0;	0;	0;	0;	0;	0;	0;	0;	0;	0;	0;	0;	0;	0;	0;	0;	0;	0;	0;	0;	0;	0;	0;	0;	0;	0;	0;	0;	0;	0;	0;	0;	0;	0;	0;	0;	0;	0;	0;	0;	0;	0;	0;	0;	0;	0;	0;	0;	0;	0;	0;	0;	0
