0;	7;	6;	0,95;	nan;	nan;	nan;	nan;	nan;	nan;	nan;	100,0;	99,79;	99,75;	99,46;	98,81;	98,17;	96,73;	96,36;	96,06;	95,64;	94,19;	93,15;	92,62;	91,22;	91,2;	89,81;	87,22;	85,7;	85,01;	78,21;	75,12;	68,88;	67,76;	67,48;	66,96;	63,03;	59,86;	58,85;	51,17;	44,45;	43,43;	41,29;	41,19;	40,98;	36,45;	34,12;	32,39;	31,64;	25,7;	23,32;	18,87;	16,34;	12,75;	2,61;	0,55;	0,16;	0,0;	0,0;	0,0;	0,0;	0,0;	0,0;	0,0;	0,0;	0,0;	0,0;	0,0;	0,0;	0,0;	0,0;	0,0;	0,0;	0,0;	0,0;	0,0;	0,0;	0,0;	0,0;	0,0;	0,0;	0,0;	0,0;	0,0;	0,0;	0,0;	0,0;	0,0;	0,0;	0,0;	0,0;	0,0;	0,0;	0,0;	0,0;	0,0;	0,0;	0,0;	0,0;	0,0;	0,0;	0,0;	0,0;	0,0;	0,0
1;	-11;	6;	1,02;	88,43;	85,71;	85,47;	82,26;	80,68;	79,24;	78,72;	75,63;	73,77;	68,52;	68,35;	68,34;	68,3;	64,87;	63,94;	63,17;	62,37;	56,73;	56,36;	49,99;	45,79;	37,2;	31,83;	31,47;	28,27;	24,01;	21,8;	20,25;	14,04;	13,21;	10,09;	7,81;	5,04;	1,43;	0;	0;	0;	0;	0;	0;	0;	0;	0;	0;	0;	0;	0;	0;	0;	0;	0;	0;	0;	0;	0;	0;	0;	0;	0;	0;	0;	0;	0;	0;	0;	0;	0;	0;	0;	0;	0;	0;	0;	0;	0;	0;	0;	0;	0;	0;	0;	0;	0;	0;	0;	0;	0;	0;	0;	0;	0;	0;	0;	0;	0;	0;	0;	0;	0;	0;	0
2;	-7;	6;	1,05;	95,08;	94,24;	91,84;	91,33;	90,39;	89,26;	89,05;	86,1;	84,96;	84,69;	82,62;	80,23;	79,12;	78,68;	77,35;	74,18;	68,53;	66,32;	65,63;	63,86;	63,28;	60,27;	60,13;	59,37;	53,87;	46,28;	42,76;	42,37;	42,32;	42,03;	41,25;	38,28;	35,15;	32,56;	32,38;	28,8;	27,81;	27,65;	20,97;	13,39;	7,13;	4,62;	3,57;	0;	0;	0;	0;	0;	0;	0;	0;	0;	0;	0;	0;	0;	0;	0;	0;	0;	0;	0;	0;	0;	0;	0;	0;	0;	0;	0;	0;	0;	0;	0;	0;	0;	0;	0;	0;	0;	0;	0;	0;	0;	0;	0;	0;	0;	0;	0;	0;	0;	0;	0;	0;	0;	0;	0;	0;	0;	0
3;	-6;	6;	1,06;	95,54;	95,46;	95,24;	92,07;	91,6;	88,48;	88,46;	87,65;	81,2;	78,17;	77,71;	75,46;	74,22;	67,01;	61,29;	60,26;	57,34;	55,15;	52,75;	50,93;	42,97;	39,66;	37,21;	34,88;	34,53;	33,82;	30,15;	27,93;	24,99;	23,23;	22,92;	17,71;	14,56;	11,52;	7,87;	2,76;	1,99;	0;	0;	0;	0;	0;	0;	0;	0;	0;	0;	0;	0;	0;	0;	0;	0;	0;	0;	0;	0;	0;	0;	0;	0;	0;	0;	0;	0;	0;	0;	0;	0;	0;	0;	0;	0;	0;	0;	0;	0;	0;	0;	0;	0;	0;	0;	0;	0;	0;	0;	0;	0;	0;	0;	0;	0;	0;	0;	0;	0;	0;	0;	0;	0
4;	15;	6;	0,9;	nan;	nan;	nan;	nan;	nan;	nan;	nan;	nan;	nan;	nan;	nan;	nan;	nan;	nan;	nan;	100,0;	100,0;	100,0;	99,8;	99,56;	99,3;	97,93;	97,55;	96,0;	93,02;	92,49;	92,28;	92,12;	89,67;	88,29;	82,35;	81,98;	81,53;	74,87;	71,46;	71,17;	70,95;	69,41;	66,7;	65,68;	64,31;	61,03;	58,9;	57,84;	54,74;	52,9;	52,87;	50,82;	48,63;	43,37;	38,18;	34,03;	32,37;	25,5;	23,75;	21,58;	19,51;	11,16;	8,25;	1,65;	0,0;	0,0;	0,0;	0,0;	0,0;	0,0;	0,0;	0,0;	0,0;	0,0;	0,0;	0,0;	0,0;	0,0;	0,0;	0,0;	0,0;	0,0;	0,0;	0,0;	0,0;	0,0;	0,0;	0,0;	0,0;	0,0;	0,0;	0,0;	0,0;	0,0;	0,0;	0,0;	0,0;	0,0;	0,0;	0,0;	0,0;	0,0;	0,0;	0,0;	0,0
5;	5;	6;	0,98;	nan;	nan;	nan;	nan;	nan;	100,0;	99,88;	98,35;	97,56;	97,48;	97,18;	95,41;	93,95;	92,47;	90,79;	89,42;	85,83;	84,44;	83,14;	79,38;	74,34;	71,3;	70,28;	69,51;	69,36;	61,78;	56,53;	50,55;	47,66;	44,01;	43,87;	43,15;	39,09;	38,09;	38,08;	32,57;	28,56;	26,1;	24,99;	24,65;	22,06;	21,18;	16,32;	13,02;	7,51;	4,58;	2,25;	0,0;	0,0;	0,0;	0,0;	0,0;	0,0;	0,0;	0,0;	0,0;	0,0;	0,0;	0,0;	0,0;	0,0;	0,0;	0,0;	0,0;	0,0;	0,0;	0,0;	0,0;	0,0;	0,0;	0,0;	0,0;	0,0;	0,0;	0,0;	0,0;	0,0;	0,0;	0,0;	0,0;	0,0;	0,0;	0,0;	0,0;	0,0;	0,0;	0,0;	0,0;	0,0;	0,0;	0,0;	0,0;	0,0;	0,0;	0,0;	0,0;	0,0;	0,0;	0,0;	0,0;	0,0
6;	3;	6;	0,96;	nan;	nan;	nan;	100,0;	99,87;	99,76;	99,08;	97,78;	97,3;	96,27;	93,75;	90,63;	89,42;	89,2;	87,71;	86,95;	86,3;	85,68;	82,3;	81,47;	80,04;	78,39;	74,42;	67,51;	65,56;	61,03;	58,76;	57,3;	55,13;	53,28;	51,81;	47,72;	47,41;	42,97;	38,91;	38,03;	34,52;	33,05;	23,1;	21,47;	18,79;	13,48;	12,32;	10,59;	6,92;	6,69;	4,41;	0,0;	0,0;	0,0;	0,0;	0,0;	0,0;	0,0;	0,0;	0,0;	0,0;	0,0;	0,0;	0,0;	0,0;	0,0;	0,0;	0,0;	0,0;	0,0;	0,0;	0,0;	0,0;	0,0;	0,0;	0,0;	0,0;	0,0;	0,0;	0,0;	0,0;	0,0;	0,0;	0,0;	0,0;	0,0;	0,0;	0,0;	0,0;	0,0;	0,0;	0,0;	0,0;	0,0;	0,0;	0,0;	0,0;	0,0;	0,0;	0,0;	0,0;	0,0;	0,0;	0,0;	0,0
7;	-14;	6;	0,95;	87,57;	85,24;	81,19;	79,15;	77,59;	76,28;	72,25;	68,36;	65,22;	63,58;	59,45;	50,68;	43,39;	43,04;	42,54;	42,32;	38,81;	33,44;	31,27;	27,5;	24,17;	23,55;	20,91;	18,51;	15,84;	13,94;	8,46;	1,74;	0;	0;	0;	0;	0;	0;	0;	0;	0;	0;	0;	0;	0;	0;	0;	0;	0;	0;	0;	0;	0;	0;	0;	0;	0;	0;	0;	0;	0;	0;	0;	0;	0;	0;	0;	0;	0;	0;	0;	0;	0;	0;	0;	0;	0;	0;	0;	0;	0;	0;	0;	0;	0;	0;	0;	0;	0;	0;	0;	0;	0;	0;	0;	0;	0;	0;	0;	0;	0;	0;	0;	0;	0
8;	0;	6;	0,95;	100,0;	99,97;	99,91;	99,64;	99,16;	98,19;	97,13;	95,34;	94,95;	93,53;	93,17;	92,34;	92,04;	89,46;	86,98;	84,78;	82,12;	79,83;	78,96;	78,64;	76,04;	71,61;	65,71;	65,65;	60,02;	59,27;	57,34;	52,97;	48,58;	45,86;	42,79;	38,98;	33,49;	29,69;	27,61;	26,51;	22,88;	19,63;	19,02;	16,09;	14,8;	11,71;	7,67;	5,38;	0;	0;	0;	0;	0;	0;	0;	0;	0;	0;	0;	0;	0;	0;	0;	0;	0;	0;	0;	0;	0;	0;	0;	0;	0;	0;	0;	0;	0;	0;	0;	0;	0;	0;	0;	0;	0;	0;	0;	0;	0;	0;	0;	0;	0;	0;	0;	0;	0;	0;	0;	0;	0;	0;	0;	0;	0
9;	-2;	6;	1,02;	99,59;	99,42;	98,36;	98,01;	96,24;	93,89;	93,88;	92,7;	91,33;	89,33;	87,89;	84,24;	82,24;	79,01;	78,38;	78,11;	78,09;	75,82;	69,86;	67,18;	64,09;	58,79;	58,51;	55,97;	50,74;	43,02;	37,16;	35,69;	35,08;	28,44;	26,29;	25,9;	24,46;	18,95;	16,72;	16,33;	5,42;	3,7;	0,68;	0;	0;	0;	0;	0;	0;	0;	0;	0;	0;	0;	0;	0;	0;	0;	0;	0;	0;	0;	0;	0;	0;	0;	0;	0;	0;	0;	0;	0;	0;	0;	0;	0;	0;	0;	0;	0;	0;	0;	0;	0;	0;	0;	0;	0;	0;	0;	0;	0;	0;	0;	0;	0;	0;	0;	0;	0;	0;	0;	0;	0;	0
10;	21;	6;	0,93;	nan;	nan;	nan;	nan;	nan;	nan;	nan;	nan;	nan;	nan;	nan;	nan;	nan;	nan;	nan;	nan;	nan;	nan;	nan;	nan;	nan;	100,0;	99,98;	99,65;	99,25;	97,17;	96,78;	95,34;	94,42;	94,02;	93,9;	93,71;	93,22;	90,02;	89,69;	87,67;	86,41;	84,93;	77,8;	77,22;	76,13;	74,36;	72,27;	71,3;	66,02;	64,44;	63,04;	60,82;	59,92;	59,37;	57,84;	56,58;	52,7;	50,89;	48,0;	47,0;	45,43;	44,63;	43,33;	42,97;	38,8;	37,59;	36,37;	33,95;	29,2;	28,09;	19,55;	12,85;	7,29;	6,27;	0,83;	0,0;	0,0;	0,0;	0,0;	0,0;	0,0;	0,0;	0,0;	0,0;	0,0;	0,0;	0,0;	0,0;	0,0;	0,0;	0,0;	0,0;	0,0;	0,0;	0,0;	0,0;	0,0;	0,0;	0,0;	0,0;	0,0;	0,0;	0,0;	0,0;	0,0
11;	5;	6;	1,1;	nan;	nan;	nan;	nan;	nan;	100,0;	99,81;	99,56;	99,2;	99,19;	98,94;	97,93;	97,75;	95,97;	95,32;	93,94;	93,6;	92,81;	90,04;	88,84;	88,26;	83,82;	82,83;	80,01;	77,75;	74,88;	73,34;	70,25;	63,68;	57,01;	51,5;	45,68;	42,02;	37,15;	35,59;	34,25;	31,88;	30,74;	27,6;	21,92;	19,07;	15,16;	13,49;	13,26;	7,8;	4,5;	2,27;	1,42;	0,0;	0,0;	0,0;	0,0;	0,0;	0,0;	0,0;	0,0;	0,0;	0,0;	0,0;	0,0;	0,0;	0,0;	0,0;	0,0;	0,0;	0,0;	0,0;	0,0;	0,0;	0,0;	0,0;	0,0;	0,0;	0,0;	0,0;	0,0;	0,0;	0,0;	0,0;	0,0;	0,0;	0,0;	0,0;	0,0;	0,0;	0,0;	0,0;	0,0;	0,0;	0,0;	0,0;	0,0;	0,0;	0,0;	0,0;	0,0;	0,0;	0,0;	0,0;	0,0;	0,0
12;	-17;	6;	0,95;	86,12;	82,55;	80,84;	79,0;	77,89;	77,82;	77,25;	74,36;	72,3;	71,26;	68,16;	66,88;	60,82;	58,77;	57,5;	54,05;	52,26;	47,42;	42,94;	35,55;	25,08;	24,28;	19,85;	19,65;	18,96;	16,97;	16,85;	8,44;	3,03;	0;	0;	0;	0;	0;	0;	0;	0;	0;	0;	0;	0;	0;	0;	0;	0;	0;	0;	0;	0;	0;	0;	0;	0;	0;	0;	0;	0;	0;	0;	0;	0;	0;	0;	0;	0;	0;	0;	0;	0;	0;	0;	0;	0;	0;	0;	0;	0;	0;	0;	0;	0;	0;	0;	0;	0;	0;	0;	0;	0;	0;	0;	0;	0;	0;	0;	0;	0;	0;	0;	0;	0
13;	-19;	6;	0,99;	70,1;	68,7;	66,16;	66,06;	64,75;	63,34;	62,8;	58,38;	55,89;	50,05;	41,97;	34,9;	32,98;	26,17;	23,69;	20,9;	19,37;	14,55;	12,08;	7,58;	3,34;	0;	0;	0;	0;	0;	0;	0;	0;	0;	0;	0;	0;	0;	0;	0;	0;	0;	0;	0;	0;	0;	0;	0;	0;	0;	0;	0;	0;	0;	0;	0;	0;	0;	0;	0;	0;	0;	0;	0;	0;	0;	0;	0;	0;	0;	0;	0;	0;	0;	0;	0;	0;	0;	0;	0;	0;	0;	0;	0;	0;	0;	0;	0;	0;	0;	0;	0;	0;	0;	0;	0;	0;	0;	0;	0;	0;	0;	0;	0;	0
14;	3;	6;	0,92;	nan;	nan;	nan;	100,0;	99,95;	99,34;	99,31;	99,28;	99,27;	98,31;	97,61;	96,87;	95,97;	94,08;	92,82;	90,96;	88,66;	85,86;	85,62;	84,02;	78,9;	76,47;	75,76;	72,95;	72,38;	64,62;	64,45;	57,45;	54,39;	52,97;	49,17;	45,3;	45,12;	42,99;	40,89;	33,08;	32,13;	24,92;	23,95;	22,87;	21,83;	18,25;	14,95;	9,02;	4,67;	0,0;	0,0;	0,0;	0,0;	0,0;	0,0;	0,0;	0,0;	0,0;	0,0;	0,0;	0,0;	0,0;	0,0;	0,0;	0,0;	0,0;	0,0;	0,0;	0,0;	0,0;	0,0;	0,0;	0,0;	0,0;	0,0;	0,0;	0,0;	0,0;	0,0;	0,0;	0,0;	0,0;	0,0;	0,0;	0,0;	0,0;	0,0;	0,0;	0,0;	0,0;	0,0;	0,0;	0,0;	0,0;	0,0;	0,0;	0,0;	0,0;	0,0;	0,0;	0,0;	0,0;	0,0;	0,0;	0,0
15;	2;	6;	0,94;	nan;	nan;	100,0;	99,86;	99,73;	99,57;	99,18;	98,77;	98,19;	97,6;	97,27;	97,26;	95,67;	94,63;	92,54;	91,4;	88,13;	87,48;	85,92;	82,54;	81,26;	79,98;	77,52;	74,16;	73,01;	71,8;	65,65;	64,59;	59,8;	58,22;	56,07;	54,96;	53,77;	48,22;	44,85;	44,14;	44,09;	43,7;	41,57;	32,96;	32,54;	32,27;	29,41;	23,5;	21,46;	19,68;	15,55;	14,57;	14,31;	10,24;	9,44;	7,79;	5,07;	0,0;	0,0;	0,0;	0,0;	0,0;	0,0;	0,0;	0,0;	0,0;	0,0;	0,0;	0,0;	0,0;	0,0;	0,0;	0,0;	0,0;	0,0;	0,0;	0,0;	0,0;	0,0;	0,0;	0,0;	0,0;	0,0;	0,0;	0,0;	0,0;	0,0;	0,0;	0,0;	0,0;	0,0;	0,0;	0,0;	0,0;	0,0;	0,0;	0,0;	0,0;	0,0;	0,0;	0,0;	0,0;	0,0;	0,0;	0,0
16;	7;	6;	0,96;	nan;	nan;	nan;	nan;	nan;	nan;	nan;	100,0;	99,93;	99,68;	98,53;	97,8;	96,85;	96,58;	96,08;	95,7;	93,01;	89,94;	86,35;	83,79;	82,95;	82,49;	80,48;	76,45;	74,0;	72,82;	66,74;	66,22;	63,38;	61,86;	58,44;	57,77;	55,63;	55,58;	52,76;	48,84;	46,99;	45,38;	40,74;	39,59;	34,33;	30,9;	24,84;	22,56;	16,95;	13,91;	10,92;	4,49;	0,46;	0,0;	0,0;	0,0;	0,0;	0,0;	0,0;	0,0;	0,0;	0,0;	0,0;	0,0;	0,0;	0,0;	0,0;	0,0;	0,0;	0,0;	0,0;	0,0;	0,0;	0,0;	0,0;	0,0;	0,0;	0,0;	0,0;	0,0;	0,0;	0,0;	0,0;	0,0;	0,0;	0,0;	0,0;	0,0;	0,0;	0,0;	0,0;	0,0;	0,0;	0,0;	0,0;	0,0;	0,0;	0,0;	0,0;	0,0;	0,0;	0,0;	0,0;	0,0;	0,0
17;	5;	6;	0,98;	nan;	nan;	nan;	nan;	nan;	100,0;	99,96;	99,24;	98,98;	98,66;	97,9;	96,48;	95,97;	95,58;	95,39;	94,24;	93,31;	93,15;	90,38;	89,11;	87,65;	86,54;	81,63;	75,73;	71,82;	70,85;	68,28;	65,43;	64,32;	58,46;	48,42;	48,21;	45,85;	40,06;	37,02;	32,49;	30,13;	29,55;	28,96;	26,66;	25,13;	24,1;	23,98;	19,63;	18,84;	15,45;	13,69;	12,44;	10,79;	6,24;	4,82;	3,4;	0,0;	0,0;	0,0;	0,0;	0,0;	0,0;	0,0;	0,0;	0,0;	0,0;	0,0;	0,0;	0,0;	0,0;	0,0;	0,0;	0,0;	0,0;	0,0;	0,0;	0,0;	0,0;	0,0;	0,0;	0,0;	0,0;	0,0;	0,0;	0,0;	0,0;	0,0;	0,0;	0,0;	0,0;	0,0;	0,0;	0,0;	0,0;	0,0;	0,0;	0,0;	0,0;	0,0;	0,0;	0,0;	0,0;	0,0;	0,0;	0,0
18;	6;	6;	1,02;	nan;	nan;	nan;	nan;	nan;	nan;	100,0;	99,84;	99,27;	98,61;	97,72;	96,53;	95,39;	92,6;	92,05;	88,06;	87,21;	86,2;	84,24;	81,44;	79,39;	74,93;	73,16;	67,8;	67,44;	65,96;	65,63;	58,42;	56,27;	52,82;	50,88;	47,25;	41,07;	38,44;	33,18;	28,67;	24,83;	16,73;	14,88;	10,95;	10,55;	10,17;	7,84;	6,01;	3,04;	0,87;	0,0;	0,0;	0,0;	0,0;	0,0;	0,0;	0,0;	0,0;	0,0;	0,0;	0,0;	0,0;	0,0;	0,0;	0,0;	0,0;	0,0;	0,0;	0,0;	0,0;	0,0;	0,0;	0,0;	0,0;	0,0;	0,0;	0,0;	0,0;	0,0;	0,0;	0,0;	0,0;	0,0;	0,0;	0,0;	0,0;	0,0;	0,0;	0,0;	0,0;	0,0;	0,0;	0,0;	0,0;	0,0;	0,0;	0,0;	0,0;	0,0;	0,0;	0,0;	0,0;	0,0;	0,0;	0,0
19;	0;	6;	0,9;	100,0;	99,94;	99,42;	98,42;	97,88;	97,06;	95,87;	93,87;	93,0;	90,8;	90,58;	89,93;	85,25;	83,55;	82,6;	77,75;	76,64;	74,45;	73,62;	72,68;	71,1;	66,43;	64,74;	62,37;	58,39;	56,08;	55,22;	53,72;	49,33;	48,4;	46,13;	46,11;	45,94;	43,98;	41,44;	37,59;	30,63;	27,32;	21,04;	19,42;	18,34;	17,78;	12,67;	12,31;	12,28;	10,33;	8,82;	4,33;	0;	0;	0;	0;	0;	0;	0;	0;	0;	0;	0;	0;	0;	0;	0;	0;	0;	0;	0;	0;	0;	0;	0;	0;	0;	0;	0;	0;	0;	0;	0;	0;	0;	0;	0;	0;	0;	0;	0;	0;	0;	0;	0;	0;	0;	0;	0;	0;	0;	0;	0;	0;	0
20;	-1;	6;	1,03;	99,54;	99,43;	98,6;	97,91;	96,82;	94,6;	94,52;	92,35;	91,57;	91,02;	90,73;	88,76;	88,57;	85,82;	85,09;	81,56;	80,79;	72,4;	70,26;	70,0;	65,92;	64,95;	64,73;	56,95;	53,26;	46,39;	45,0;	44,06;	42,46;	40,69;	38,42;	37,17;	30,46;	29,87;	27,88;	22,43;	21,46;	17,81;	9,49;	5,03;	1,94;	0;	0;	0;	0;	0;	0;	0;	0;	0;	0;	0;	0;	0;	0;	0;	0;	0;	0;	0;	0;	0;	0;	0;	0;	0;	0;	0;	0;	0;	0;	0;	0;	0;	0;	0;	0;	0;	0;	0;	0;	0;	0;	0;	0;	0;	0;	0;	0;	0;	0;	0;	0;	0;	0;	0;	0;	0;	0;	0;	0
21;	1;	6;	1,04;	nan;	100,0;	99,95;	99,29;	98,37;	97,37;	97,27;	96,27;	95,44;	94,09;	92,91;	92,43;	92,3;	89,31;	87,11;	86,33;	85,72;	85,14;	85,02;	83,89;	81,57;	78,8;	76,57;	75,9;	74,51;	72,44;	63,64;	61,75;	59,68;	56,1;	52,0;	45,66;	41,78;	35,75;	32,13;	31,04;	17,85;	14,97;	10,4;	8,24;	2,58;	2,48;	1,17;	0,0;	0,0;	0,0;	0,0;	0,0;	0,0;	0,0;	0,0;	0,0;	0,0;	0,0;	0,0;	0,0;	0,0;	0,0;	0,0;	0,0;	0,0;	0,0;	0,0;	0,0;	0,0;	0,0;	0,0;	0,0;	0,0;	0,0;	0,0;	0,0;	0,0;	0,0;	0,0;	0,0;	0,0;	0,0;	0,0;	0,0;	0,0;	0,0;	0,0;	0,0;	0,0;	0,0;	0,0;	0,0;	0,0;	0,0;	0,0;	0,0;	0,0;	0,0;	0,0;	0,0;	0,0;	0,0;	0,0;	0,0;	0,0
22;	2;	6;	0,96;	nan;	nan;	100,0;	99,8;	99,58;	98,71;	97,64;	96,73;	96,09;	93,93;	92,72;	91,95;	90,18;	86,8;	84,51;	82,09;	78,95;	77,34;	75,67;	71,92;	71,81;	70,57;	68,76;	68,27;	61,93;	59,3;	52,55;	51,57;	46,25;	45,74;	41,9;	41,19;	38,26;	37,25;	34,57;	29,49;	25,19;	21,44;	18,01;	14,76;	10,51;	7,98;	5,39;	4,37;	4,06;	3,41;	0,97;	0,0;	0,0;	0,0;	0,0;	0,0;	0,0;	0,0;	0,0;	0,0;	0,0;	0,0;	0,0;	0,0;	0,0;	0,0;	0,0;	0,0;	0,0;	0,0;	0,0;	0,0;	0,0;	0,0;	0,0;	0,0;	0,0;	0,0;	0,0;	0,0;	0,0;	0,0;	0,0;	0,0;	0,0;	0,0;	0,0;	0,0;	0,0;	0,0;	0,0;	0,0;	0,0;	0,0;	0,0;	0,0;	0,0;	0,0;	0,0;	0,0;	0,0;	0,0;	0,0;	0,0;	0,0
23;	6;	6;	0,95;	nan;	nan;	nan;	nan;	nan;	nan;	100,0;	99,88;	99,84;	99,25;	98,09;	96,78;	94,74;	93,06;	91,41;	90,17;	90,12;	86,36;	85,76;	84,97;	84,49;	83,68;	81,15;	80,65;	79,07;	76,6;	72,04;	70,44;	68,68;	66,58;	62,85;	59,01;	57,41;	57,38;	52,71;	50,0;	48,2;	41,51;	40,24;	38,88;	32,7;	28,33;	21,16;	19,81;	18,17;	16,16;	13,42;	11,75;	10,62;	9,59;	8,5;	3,35;	0,0;	0,0;	0,0;	0,0;	0,0;	0,0;	0,0;	0,0;	0,0;	0,0;	0,0;	0,0;	0,0;	0,0;	0,0;	0,0;	0,0;	0,0;	0,0;	0,0;	0,0;	0,0;	0,0;	0,0;	0,0;	0,0;	0,0;	0,0;	0,0;	0,0;	0,0;	0,0;	0,0;	0,0;	0,0;	0,0;	0,0;	0,0;	0,0;	0,0;	0,0;	0,0;	0,0;	0,0;	0,0;	0,0;	0,0;	0,0;	0,0
24;	1;	6;	0,98;	nan;	100,0;	99,99;	99,76;	99,54;	99,06;	98,97;	98,11;	97,54;	96,56;	94,63;	93,86;	93,69;	91,7;	91,65;	89,21;	85,78;	85,76;	84,86;	81,95;	77,22;	76,61;	70,88;	69,09;	68,37;	66,94;	64,75;	58,39;	51,54;	49,49;	45,82;	39,82;	35,52;	33,71;	33,42;	31,88;	28,13;	26,25;	25,51;	24,01;	15,61;	11,09;	8,69;	6,42;	5,75;	0,0;	0,0;	0,0;	0,0;	0,0;	0,0;	0,0;	0,0;	0,0;	0,0;	0,0;	0,0;	0,0;	0,0;	0,0;	0,0;	0,0;	0,0;	0,0;	0,0;	0,0;	0,0;	0,0;	0,0;	0,0;	0,0;	0,0;	0,0;	0,0;	0,0;	0,0;	0,0;	0,0;	0,0;	0,0;	0,0;	0,0;	0,0;	0,0;	0,0;	0,0;	0,0;	0,0;	0,0;	0,0;	0,0;	0,0;	0,0;	0,0;	0,0;	0,0;	0,0;	0,0;	0,0;	0,0;	0,0
25;	-16;	6;	0,91;	82,27;	80,86;	75,81;	72,28;	68,84;	68,29;	63,54;	62,43;	56,75;	55,36;	49,81;	46,89;	45,87;	42,88;	41,75;	41,26;	35,59;	33,66;	30,49;	25,75;	25,29;	22,91;	14,38;	13,05;	10,79;	9,53;	4,96;	2,32;	0;	0;	0;	0;	0;	0;	0;	0;	0;	0;	0;	0;	0;	0;	0;	0;	0;	0;	0;	0;	0;	0;	0;	0;	0;	0;	0;	0;	0;	0;	0;	0;	0;	0;	0;	0;	0;	0;	0;	0;	0;	0;	0;	0;	0;	0;	0;	0;	0;	0;	0;	0;	0;	0;	0;	0;	0;	0;	0;	0;	0;	0;	0;	0;	0;	0;	0;	0;	0;	0;	0;	0;	0
26;	-1;	6;	1,09;	99,84;	99,72;	99,31;	99,05;	97,98;	95,64;	95,52;	94,24;	94,21;	94,2;	89,02;	88,39;	86,18;	83,58;	80,48;	78,5;	76,6;	71,07;	66,8;	66,75;	64,13;	63,02;	62,42;	61,71;	59,82;	57,05;	52,57;	51,06;	45,85;	44,68;	40,92;	39,36;	36,62;	32,76;	29,61;	25,44;	22,5;	21,05;	14,62;	8,58;	2,16;	0,59;	0;	0;	0;	0;	0;	0;	0;	0;	0;	0;	0;	0;	0;	0;	0;	0;	0;	0;	0;	0;	0;	0;	0;	0;	0;	0;	0;	0;	0;	0;	0;	0;	0;	0;	0;	0;	0;	0;	0;	0;	0;	0;	0;	0;	0;	0;	0;	0;	0;	0;	0;	0;	0;	0;	0;	0;	0;	0;	0
27;	5;	6;	1,0;	nan;	nan;	nan;	nan;	nan;	100,0;	99,64;	98,67;	98,2;	97,64;	96,99;	95,02;	93,48;	93,24;	92,13;	91,5;	88,05;	86,61;	86,58;	83,52;	81,24;	78,1;	72,91;	63,97;	62,91;	62,44;	61,82;	57,62;	53,7;	51,6;	48,92;	45,66;	45,07;	38,68;	30,48;	27,47;	26,42;	20,22;	17,89;	17,33;	16,86;	11,44;	10,83;	6,79;	1,8;	0,03;	0,0;	0,0;	0,0;	0,0;	0,0;	0,0;	0,0;	0,0;	0,0;	0,0;	0,0;	0,0;	0,0;	0,0;	0,0;	0,0;	0,0;	0,0;	0,0;	0,0;	0,0;	0,0;	0,0;	0,0;	0,0;	0,0;	0,0;	0,0;	0,0;	0,0;	0,0;	0,0;	0,0;	0,0;	0,0;	0,0;	0,0;	0,0;	0,0;	0,0;	0,0;	0,0;	0,0;	0,0;	0,0;	0,0;	0,0;	0,0;	0,0;	0,0;	0,0;	0,0;	0,0;	0,0;	0,0
28;	2;	6;	1,0;	nan;	nan;	100,0;	99,98;	99,23;	98,87;	98,41;	98,34;	97,25;	94,56;	94,39;	94,28;	94,0;	92,78;	91,44;	89,01;	87,01;	82,89;	82,85;	79,79;	75,12;	74,4;	70,11;	64,89;	64,08;	62,51;	60,89;	56,54;	50,81;	50,57;	44,23;	41,43;	38,63;	38,33;	32,77;	28,87;	28,51;	24,65;	22,65;	22,47;	20,11;	14,68;	7,85;	2,79;	1,08;	0,0;	0,0;	0,0;	0,0;	0,0;	0,0;	0,0;	0,0;	0,0;	0,0;	0,0;	0,0;	0,0;	0,0;	0,0;	0,0;	0,0;	0,0;	0,0;	0,0;	0,0;	0,0;	0,0;	0,0;	0,0;	0,0;	0,0;	0,0;	0,0;	0,0;	0,0;	0,0;	0,0;	0,0;	0,0;	0,0;	0,0;	0,0;	0,0;	0,0;	0,0;	0,0;	0,0;	0,0;	0,0;	0,0;	0,0;	0,0;	0,0;	0,0;	0,0;	0,0;	0,0;	0,0;	0,0;	0,0
29;	0;	6;	1,02;	100,0;	99,81;	99,52;	99,17;	98,57;	98,55;	98,04;	97,51;	97,43;	96,29;	93,75;	93,53;	88,62;	83,84;	82,49;	80,1;	77,53;	75,12;	71,94;	68,77;	65,65;	58,35;	57,41;	55,92;	55,2;	52,75;	52,62;	47,5;	47,15;	46,16;	42,61;	42,14;	41,63;	36,21;	35,2;	33,93;	30,27;	25,85;	16,82;	16,53;	15,6;	11,47;	10,5;	9,52;	6,85;	1,51;	0;	0;	0;	0;	0;	0;	0;	0;	0;	0;	0;	0;	0;	0;	0;	0;	0;	0;	0;	0;	0;	0;	0;	0;	0;	0;	0;	0;	0;	0;	0;	0;	0;	0;	0;	0;	0;	0;	0;	0;	0;	0;	0;	0;	0;	0;	0;	0;	0;	0;	0;	0;	0;	0;	0
30;	-4;	6;	0,95;	98,45;	96,95;	95,48;	95,43;	95,3;	94,54;	93,57;	92,52;	91,11;	90,66;	88,87;	84,75;	84,42;	79,9;	78,66;	75,58;	75,51;	71,57;	68,87;	63,98;	61,98;	59,12;	59,08;	57,77;	53,5;	50,43;	48,16;	43,22;	41,02;	37,75;	37,68;	33,45;	31,62;	29,74;	25,17;	22,88;	20,16;	19,05;	16,98;	10,06;	7,01;	5,08;	0,64;	0;	0;	0;	0;	0;	0;	0;	0;	0;	0;	0;	0;	0;	0;	0;	0;	0;	0;	0;	0;	0;	0;	0;	0;	0;	0;	0;	0;	0;	0;	0;	0;	0;	0;	0;	0;	0;	0;	0;	0;	0;	0;	0;	0;	0;	0;	0;	0;	0;	0;	0;	0;	0;	0;	0;	0;	0;	0
31;	0;	6;	0,94;	100,0;	99,6;	99,14;	98,67;	98,38;	98,05;	97,15;	95,71;	95,06;	93,3;	92,18;	88,26;	86,08;	84,35;	81,8;	80,41;	78,75;	78,17;	75,49;	74,2;	70,2;	66,48;	66,01;	63,06;	61,47;	60,62;	58,08;	57,99;	57,95;	51,15;	43,1;	40,58;	33,44;	31,33;	31,27;	31,25;	25,93;	17,87;	15,99;	11,88;	10,5;	7,71;	5,12;	0;	0;	0;	0;	0;	0;	0;	0;	0;	0;	0;	0;	0;	0;	0;	0;	0;	0;	0;	0;	0;	0;	0;	0;	0;	0;	0;	0;	0;	0;	0;	0;	0;	0;	0;	0;	0;	0;	0;	0;	0;	0;	0;	0;	0;	0;	0;	0;	0;	0;	0;	0;	0;	0;	0;	0;	0;	0
32;	-9;	6;	1,03;	92,9;	92,14;	92,14;	90,77;	90,65;	87,23;	83,0;	82,6;	80,79;	75,74;	74,5;	74,16;	71,01;	69,5;	66,21;	63,63;	63,62;	59,96;	54,02;	49,23;	42,93;	41,27;	39,5;	37,39;	34,35;	32,19;	31,72;	26,66;	22,15;	18,12;	17,24;	16,67;	16,19;	8,63;	7,87;	6,81;	6,28;	1,24;	0,01;	0;	0;	0;	0;	0;	0;	0;	0;	0;	0;	0;	0;	0;	0;	0;	0;	0;	0;	0;	0;	0;	0;	0;	0;	0;	0;	0;	0;	0;	0;	0;	0;	0;	0;	0;	0;	0;	0;	0;	0;	0;	0;	0;	0;	0;	0;	0;	0;	0;	0;	0;	0;	0;	0;	0;	0;	0;	0;	0;	0;	0;	0
33;	-5;	6;	1,13;	95,69;	94,82;	92,04;	91,39;	91,18;	89,96;	87,7;	87,51;	86,74;	84,95;	80,67;	76,65;	76,54;	74,23;	72,81;	71,7;	66,81;	66,11;	59,87;	59,5;	51,31;	48,68;	38,86;	31,21;	27,13;	24,06;	23,51;	22,07;	14,14;	10,15;	9,1;	4,37;	1,34;	0,98;	0;	0;	0;	0;	0;	0;	0;	0;	0;	0;	0;	0;	0;	0;	0;	0;	0;	0;	0;	0;	0;	0;	0;	0;	0;	0;	0;	0;	0;	0;	0;	0;	0;	0;	0;	0;	0;	0;	0;	0;	0;	0;	0;	0;	0;	0;	0;	0;	0;	0;	0;	0;	0;	0;	0;	0;	0;	0;	0;	0;	0;	0;	0;	0;	0;	0;	0
34;	-5;	6;	0,9;	98,13;	98,0;	97,98;	96,71;	94,6;	92,41;	89,66;	87,34;	84,03;	81,46;	80,46;	79,78;	77,51;	76,42;	75,97;	73,49;	73,45;	71,5;	69,36;	65,93;	59,45;	58,66;	51,43;	47,82;	41,01;	40,66;	40,35;	36,61;	31,69;	26,63;	26,2;	17,89;	13,47;	13,0;	12,22;	11,55;	10,45;	9,2;	8,39;	5,54;	3,26;	0;	0;	0;	0;	0;	0;	0;	0;	0;	0;	0;	0;	0;	0;	0;	0;	0;	0;	0;	0;	0;	0;	0;	0;	0;	0;	0;	0;	0;	0;	0;	0;	0;	0;	0;	0;	0;	0;	0;	0;	0;	0;	0;	0;	0;	0;	0;	0;	0;	0;	0;	0;	0;	0;	0;	0;	0;	0;	0;	0
35;	7;	6;	1,0;	nan;	nan;	nan;	nan;	nan;	nan;	nan;	100,0;	99,91;	99,77;	98,74;	98,33;	97,14;	96,01;	94,85;	93,92;	92,61;	89,78;	89,49;	85,19;	81,17;	80,99;	78,66;	77,46;	72,98;	67,63;	67,15;	64,18;	63,84;	59,99;	57,33;	55,32;	53,75;	46,58;	42,55;	42,17;	39,02;	35,01;	31,19;	21,57;	19,41;	14,87;	13,83;	13,58;	11,67;	10,34;	1,67;	0,0;	0,0;	0,0;	0,0;	0,0;	0,0;	0,0;	0,0;	0,0;	0,0;	0,0;	0,0;	0,0;	0,0;	0,0;	0,0;	0,0;	0,0;	0,0;	0,0;	0,0;	0,0;	0,0;	0,0;	0,0;	0,0;	0,0;	0,0;	0,0;	0,0;	0,0;	0,0;	0,0;	0,0;	0,0;	0,0;	0,0;	0,0;	0,0;	0,0;	0,0;	0,0;	0,0;	0,0;	0,0;	0,0;	0,0;	0,0;	0,0;	0,0;	0,0;	0,0;	0,0;	0,0
36;	13;	6;	0,97;	nan;	nan;	nan;	nan;	nan;	nan;	nan;	nan;	nan;	nan;	nan;	nan;	nan;	100,0;	99,92;	99,76;	98,56;	97,86;	97,86;	97,24;	96,46;	95,96;	94,95;	94,32;	92,62;	91,69;	87,96;	87,43;	87,27;	84,56;	83,1;	80,91;	77,02;	74,63;	73,21;	72,18;	66,32;	61,94;	59,51;	58,74;	56,14;	55,63;	54,14;	42,72;	42,58;	41,58;	41,51;	39,04;	33,29;	25,66;	25,01;	18,91;	15,8;	10,72;	9,94;	8,31;	1,86;	0,0;	0,0;	0,0;	0,0;	0,0;	0,0;	0,0;	0,0;	0,0;	0,0;	0,0;	0,0;	0,0;	0,0;	0,0;	0,0;	0,0;	0,0;	0,0;	0,0;	0,0;	0,0;	0,0;	0,0;	0,0;	0,0;	0,0;	0,0;	0,0;	0,0;	0,0;	0,0;	0,0;	0,0;	0,0;	0,0;	0,0;	0,0;	0,0;	0,0;	0,0;	0,0;	0,0;	0,0
37;	-5;	6;	0,91;	97,04;	96,81;	96,16;	94,1;	92,98;	92,73;	91,61;	90,93;	89,21;	85,95;	81,34;	80,24;	80,15;	77,98;	73,71;	72,95;	71,74;	69,43;	68,12;	65,44;	63,33;	60,78;	56,75;	56,59;	56,48;	55,49;	53,69;	52,65;	50,01;	47,64;	47,02;	46,32;	43,97;	43,46;	40,81;	40,08;	39,08;	38,83;	36,3;	33,64;	31,82;	30,74;	29,46;	25,06;	22,98;	13,95;	13,28;	13,21;	9,12;	9,0;	8,12;	7,63;	6,16;	4,0;	3,26;	0;	0;	0;	0;	0;	0;	0;	0;	0;	0;	0;	0;	0;	0;	0;	0;	0;	0;	0;	0;	0;	0;	0;	0;	0;	0;	0;	0;	0;	0;	0;	0;	0;	0;	0;	0;	0;	0;	0;	0;	0;	0;	0;	0;	0;	0
38;	9;	6;	1,05;	nan;	nan;	nan;	nan;	nan;	nan;	nan;	nan;	nan;	100,0;	99,92;	98,97;	98,33;	96,77;	94,99;	93,65;	93,5;	93,22;	90,54;	89,85;	89,75;	89,57;	89,03;	87,27;	83,5;	81,85;	80,48;	79,68;	78,46;	75,09;	74,94;	70,67;	68,73;	68,5;	63,89;	59,2;	56,67;	54,92;	49,3;	46,17;	44,6;	35,89;	32,08;	29,34;	22,94;	22,05;	15,44;	13,67;	8,5;	0,0;	0,0;	0,0;	0,0;	0,0;	0,0;	0,0;	0,0;	0,0;	0,0;	0,0;	0,0;	0,0;	0,0;	0,0;	0,0;	0,0;	0,0;	0,0;	0,0;	0,0;	0,0;	0,0;	0,0;	0,0;	0,0;	0,0;	0,0;	0,0;	0,0;	0,0;	0,0;	0,0;	0,0;	0,0;	0,0;	0,0;	0,0;	0,0;	0,0;	0,0;	0,0;	0,0;	0,0;	0,0;	0,0;	0,0;	0,0;	0,0;	0,0;	0,0;	0,0
39;	6;	6;	1,01;	nan;	nan;	nan;	nan;	nan;	nan;	100,0;	99,53;	99,22;	98,28;	98,2;	97,86;	97,63;	95,89;	94,29;	91,89;	88,38;	84,38;	83,3;	82,6;	82,33;	81,47;	76,98;	73,1;	72,31;	71,85;	68,86;	67,94;	62,36;	60,41;	57,89;	56,53;	52,43;	50,68;	46,68;	43,78;	38,72;	36,22;	34,95;	30,91;	30,11;	28,61;	24,46;	23,15;	15,46;	13,3;	10,7;	6,26;	3,29;	2,84;	0,8;	0,18;	0,0;	0,0;	0,0;	0,0;	0,0;	0,0;	0,0;	0,0;	0,0;	0,0;	0,0;	0,0;	0,0;	0,0;	0,0;	0,0;	0,0;	0,0;	0,0;	0,0;	0,0;	0,0;	0,0;	0,0;	0,0;	0,0;	0,0;	0,0;	0,0;	0,0;	0,0;	0,0;	0,0;	0,0;	0,0;	0,0;	0,0;	0,0;	0,0;	0,0;	0,0;	0,0;	0,0;	0,0;	0,0;	0,0;	0,0;	0,0;	0,0
40;	-4;	6;	0,97;	99,26;	98,56;	97,94;	96,81;	96,25;	94,09;	92,67;	90,02;	88,26;	85,99;	82,49;	80,99;	76,35;	76,26;	74,02;	72,68;	70,12;	68,31;	68,24;	65,43;	64,5;	61,42;	59,23;	58,75;	58,65;	55,94;	54,24;	46,12;	41,6;	39,84;	35,21;	33,28;	25,69;	19,69;	19,09;	16,18;	15,94;	10,98;	7,3;	6,03;	2,2;	0;	0;	0;	0;	0;	0;	0;	0;	0;	0;	0;	0;	0;	0;	0;	0;	0;	0;	0;	0;	0;	0;	0;	0;	0;	0;	0;	0;	0;	0;	0;	0;	0;	0;	0;	0;	0;	0;	0;	0;	0;	0;	0;	0;	0;	0;	0;	0;	0;	0;	0;	0;	0;	0;	0;	0;	0;	0;	0;	0
41;	16;	6;	1,07;	nan;	nan;	nan;	nan;	nan;	nan;	nan;	nan;	nan;	nan;	nan;	nan;	nan;	nan;	nan;	nan;	100,0;	99,58;	98,91;	98,1;	96,98;	95,66;	94,32;	93,3;	92,57;	89,51;	88,82;	85,48;	84,96;	80,14;	75,35;	73,11;	72,7;	66,81;	66,61;	53,79;	52,91;	52,42;	49,45;	48,23;	48,01;	45,51;	41,34;	32,96;	30,35;	29,85;	29,2;	20,17;	16,02;	10,54;	7,79;	7,37;	6,53;	4,88;	3,04;	0,0;	0,0;	0,0;	0,0;	0,0;	0,0;	0,0;	0,0;	0,0;	0,0;	0,0;	0,0;	0,0;	0,0;	0,0;	0,0;	0,0;	0,0;	0,0;	0,0;	0,0;	0,0;	0,0;	0,0;	0,0;	0,0;	0,0;	0,0;	0,0;	0,0;	0,0;	0,0;	0,0;	0,0;	0,0;	0,0;	0,0;	0,0;	0,0;	0,0;	0,0;	0,0;	0,0;	0,0;	0,0;	0,0
42;	12;	6;	0,98;	nan;	nan;	nan;	nan;	nan;	nan;	nan;	nan;	nan;	nan;	nan;	nan;	100,0;	99,47;	99,36;	98,3;	97,6;	97,32;	96,18;	92,99;	90,5;	89,28;	88,16;	86,2;	85,86;	85,25;	84,23;	83,29;	80,23;	79,93;	76,27;	75,34;	75,03;	72,56;	71,9;	70,77;	70,75;	70,26;	59,69;	54,26;	46,43;	42,51;	35,36;	30,97;	29,22;	28,77;	25,55;	21,2;	18,07;	8,71;	1,18;	0,0;	0,0;	0,0;	0,0;	0,0;	0,0;	0,0;	0,0;	0,0;	0,0;	0,0;	0,0;	0,0;	0,0;	0,0;	0,0;	0,0;	0,0;	0,0;	0,0;	0,0;	0,0;	0,0;	0,0;	0,0;	0,0;	0,0;	0,0;	0,0;	0,0;	0,0;	0,0;	0,0;	0,0;	0,0;	0,0;	0,0;	0,0;	0,0;	0,0;	0,0;	0,0;	0,0;	0,0;	0,0;	0,0;	0,0;	0,0;	0,0;	0,0
43;	-8;	6;	0,94;	96,38;	95,43;	94,52;	93,22;	91,03;	88,17;	86,54;	84,33;	79,85;	78,22;	76,02;	72,5;	72,12;	67,17;	60,44;	59,15;	55,33;	50,91;	50,2;	43,22;	40,1;	36,12;	33,34;	31,13;	29,97;	25,76;	19,44;	19,15;	16,96;	14,34;	13,55;	5,36;	0,39;	0;	0;	0;	0;	0;	0;	0;	0;	0;	0;	0;	0;	0;	0;	0;	0;	0;	0;	0;	0;	0;	0;	0;	0;	0;	0;	0;	0;	0;	0;	0;	0;	0;	0;	0;	0;	0;	0;	0;	0;	0;	0;	0;	0;	0;	0;	0;	0;	0;	0;	0;	0;	0;	0;	0;	0;	0;	0;	0;	0;	0;	0;	0;	0;	0;	0;	0;	0
44;	8;	6;	1,02;	nan;	nan;	nan;	nan;	nan;	nan;	nan;	nan;	100,0;	99,83;	99,36;	99,0;	97,42;	96,29;	95,48;	94,38;	92,32;	91,63;	88,8;	87,51;	85,11;	81,81;	80,13;	79,74;	78,5;	77,62;	75,29;	74,98;	72,47;	72,11;	71,67;	69,25;	63,76;	56,6;	53,45;	50,15;	48,1;	47,24;	47,12;	45,0;	43,54;	39,31;	39,18;	34,18;	30,01;	23,34;	18,33;	11,07;	5,31;	2,96;	0,0;	0,0;	0,0;	0,0;	0,0;	0,0;	0,0;	0,0;	0,0;	0,0;	0,0;	0,0;	0,0;	0,0;	0,0;	0,0;	0,0;	0,0;	0,0;	0,0;	0,0;	0,0;	0,0;	0,0;	0,0;	0,0;	0,0;	0,0;	0,0;	0,0;	0,0;	0,0;	0,0;	0,0;	0,0;	0,0;	0,0;	0,0;	0,0;	0,0;	0,0;	0,0;	0,0;	0,0;	0,0;	0,0;	0,0;	0,0;	0,0;	0,0;	0,0
45;	22;	6;	1,03;	nan;	nan;	nan;	nan;	nan;	nan;	nan;	nan;	nan;	nan;	nan;	nan;	nan;	nan;	nan;	nan;	nan;	nan;	nan;	nan;	nan;	nan;	100,0;	99,79;	98,88;	97,6;	96,02;	95,76;	94,69;	93,56;	92,64;	88,56;	86,1;	83,13;	80,13;	77,9;	75,8;	71,61;	68,41;	65,38;	65,29;	61,02;	60,95;	58,92;	52,14;	44,52;	42,9;	42,08;	39,84;	31,39;	30,4;	29,12;	26,23;	22,52;	18,49;	18,06;	17,0;	11,38;	11,27;	7,42;	6,7;	2,23;	0,0;	0,0;	0,0;	0,0;	0,0;	0,0;	0,0;	0,0;	0,0;	0,0;	0,0;	0,0;	0,0;	0,0;	0,0;	0,0;	0,0;	0,0;	0,0;	0,0;	0,0;	0,0;	0,0;	0,0;	0,0;	0,0;	0,0;	0,0;	0,0;	0,0;	0,0;	0,0;	0,0;	0,0;	0,0;	0,0;	0,0;	0,0;	0,0
46;	0;	6;	1,03;	100,0;	99,43;	99,35;	98,43;	96,67;	96,26;	94,54;	94,01;	93,1;	92,45;	92,36;	88,29;	87,44;	87,36;	86,88;	84,31;	82,84;	82,7;	78,78;	78,11;	77,14;	71,72;	69,05;	68,58;	66,69;	66,61;	64,43;	64,26;	59,08;	56,75;	53,0;	49,08;	43,61;	42,93;	41,34;	39,05;	34,7;	29,8;	26,78;	22,85;	22,12;	21,35;	20,41;	19,92;	18,6;	17,06;	15,04;	12,3;	8,95;	5,32;	2,71;	0;	0;	0;	0;	0;	0;	0;	0;	0;	0;	0;	0;	0;	0;	0;	0;	0;	0;	0;	0;	0;	0;	0;	0;	0;	0;	0;	0;	0;	0;	0;	0;	0;	0;	0;	0;	0;	0;	0;	0;	0;	0;	0;	0;	0;	0;	0;	0;	0;	0
47;	2;	6;	1,01;	nan;	nan;	100,0;	99,68;	98,98;	98,73;	97,68;	96,59;	95,66;	95,17;	94,33;	92,5;	92,42;	91,27;	88,98;	83,68;	79,64;	78,37;	72,43;	70,05;	68,19;	64,71;	64,42;	60,94;	57,36;	56,31;	53,38;	51,9;	43,85;	43,29;	42,91;	39,58;	29,88;	26,59;	19,92;	15,07;	13,01;	12,86;	7,37;	3,98;	0,0;	0,0;	0,0;	0,0;	0,0;	0,0;	0,0;	0,0;	0,0;	0,0;	0,0;	0,0;	0,0;	0,0;	0,0;	0,0;	0,0;	0,0;	0,0;	0,0;	0,0;	0,0;	0,0;	0,0;	0,0;	0,0;	0,0;	0,0;	0,0;	0,0;	0,0;	0,0;	0,0;	0,0;	0,0;	0,0;	0,0;	0,0;	0,0;	0,0;	0,0;	0,0;	0,0;	0,0;	0,0;	0,0;	0,0;	0,0;	0,0;	0,0;	0,0;	0,0;	0,0;	0,0;	0,0;	0,0;	0,0;	0,0;	0,0;	0,0;	0,0
48;	-11;	6;	0,95;	91,61;	87,97;	86,44;	85,5;	81,24;	79,99;	79,36;	79,09;	75,22;	74,56;	74,07;	68,68;	64,48;	60,3;	54,31;	50,74;	49,89;	45,24;	41,48;	38,47;	34,42;	29,09;	23,5;	22,96;	19,79;	16,77;	12,42;	11,42;	10,85;	3,39;	2,52;	0;	0;	0;	0;	0;	0;	0;	0;	0;	0;	0;	0;	0;	0;	0;	0;	0;	0;	0;	0;	0;	0;	0;	0;	0;	0;	0;	0;	0;	0;	0;	0;	0;	0;	0;	0;	0;	0;	0;	0;	0;	0;	0;	0;	0;	0;	0;	0;	0;	0;	0;	0;	0;	0;	0;	0;	0;	0;	0;	0;	0;	0;	0;	0;	0;	0;	0;	0;	0;	0
49;	3;	6;	1,01;	nan;	nan;	nan;	100,0;	99,71;	99,35;	99,2;	98,94;	98,06;	97,78;	97,14;	96,07;	94,86;	94,04;	91,79;	90,25;	90,16;	88,94;	84,18;	80,98;	79,63;	78,72;	78,18;	74,56;	74,32;	73,47;	65,99;	62,01;	60,41;	60,13;	59,52;	59,11;	56,27;	55,94;	49,85;	49,79;	44,02;	31,9;	31,3;	30,33;	29,4;	28,53;	24,51;	23,02;	21,12;	18,88;	14,67;	9,51;	6,71;	2,86;	0,0;	0,0;	0,0;	0,0;	0,0;	0,0;	0,0;	0,0;	0,0;	0,0;	0,0;	0,0;	0,0;	0,0;	0,0;	0,0;	0,0;	0,0;	0,0;	0,0;	0,0;	0,0;	0,0;	0,0;	0,0;	0,0;	0,0;	0,0;	0,0;	0,0;	0,0;	0,0;	0,0;	0,0;	0,0;	0,0;	0,0;	0,0;	0,0;	0,0;	0,0;	0,0;	0,0;	0,0;	0,0;	0,0;	0,0;	0,0;	0,0;	0,0;	0,0
50;	8;	6;	0,93;	nan;	nan;	nan;	nan;	nan;	nan;	nan;	nan;	100,0;	99,93;	99,31;	99,04;	97,8;	97,34;	95,44;	94,22;	93,88;	92,56;	89,65;	88,87;	85,86;	82,44;	80,65;	79,56;	73,22;	72,36;	68,81;	66,57;	64,28;	62,89;	62,17;	59,29;	57,84;	55,33;	51,34;	48,28;	46,4;	44,81;	37,56;	34,69;	30,56;	29,99;	28,25;	20,92;	13,58;	11,89;	0,0;	0,0;	0,0;	0,0;	0,0;	0,0;	0,0;	0,0;	0,0;	0,0;	0,0;	0,0;	0,0;	0,0;	0,0;	0,0;	0,0;	0,0;	0,0;	0,0;	0,0;	0,0;	0,0;	0,0;	0,0;	0,0;	0,0;	0,0;	0,0;	0,0;	0,0;	0,0;	0,0;	0,0;	0,0;	0,0;	0,0;	0,0;	0,0;	0,0;	0,0;	0,0;	0,0;	0,0;	0,0;	0,0;	0,0;	0,0;	0,0;	0,0;	0,0;	0,0;	0,0;	0,0;	0,0
51;	23;	6;	0,92;	nan;	nan;	nan;	nan;	nan;	nan;	nan;	nan;	nan;	nan;	nan;	nan;	nan;	nan;	nan;	nan;	nan;	nan;	nan;	nan;	nan;	nan;	nan;	100,0;	99,86;	99,63;	99,53;	97,56;	96,98;	94,89;	94,89;	93,38;	91,92;	91,88;	89,23;	86,04;	85,14;	82,75;	78,65;	77,08;	75,52;	73,11;	68,57;	68,2;	67,78;	65,98;	64,42;	61,97;	56,43;	51,53;	49,63;	46,72;	46,16;	43,99;	40,53;	39,11;	37,94;	37,77;	34,02;	30,4;	20,73;	20,16;	11,6;	8,64;	7,54;	4,28;	1,13;	0,0;	0,0;	0,0;	0,0;	0,0;	0,0;	0,0;	0,0;	0,0;	0,0;	0,0;	0,0;	0,0;	0,0;	0,0;	0,0;	0,0;	0,0;	0,0;	0,0;	0,0;	0,0;	0,0;	0,0;	0,0;	0,0;	0,0;	0,0;	0,0;	0,0;	0,0;	0,0;	0,0;	0,0
52;	0;	6;	0,96;	100,0;	99,67;	99,08;	98,12;	97,49;	97,38;	97,17;	97,08;	96,82;	96,24;	95,86;	94,37;	93,21;	92,06;	89,38;	87,29;	86,38;	83,6;	81,03;	80,17;	79,7;	75,08;	71,16;	70,65;	67,84;	67,07;	59,78;	53,5;	47,96;	42,0;	37,39;	36,82;	28,18;	27,17;	21,9;	20,19;	19,89;	17,1;	16,15;	9,33;	5,11;	1,9;	1,72;	0;	0;	0;	0;	0;	0;	0;	0;	0;	0;	0;	0;	0;	0;	0;	0;	0;	0;	0;	0;	0;	0;	0;	0;	0;	0;	0;	0;	0;	0;	0;	0;	0;	0;	0;	0;	0;	0;	0;	0;	0;	0;	0;	0;	0;	0;	0;	0;	0;	0;	0;	0;	0;	0;	0;	0;	0;	0
53;	-14;	6;	0,99;	86,64;	81,74;	76,31;	73,84;	71,04;	68,48;	67,64;	66,64;	59,84;	57,89;	56,51;	53,81;	52,15;	49,52;	48,64;	44,87;	43,33;	40,43;	37,9;	33,39;	33,27;	24,1;	24,04;	23,76;	21,7;	15,56;	12,43;	8,5;	7,19;	0;	0;	0;	0;	0;	0;	0;	0;	0;	0;	0;	0;	0;	0;	0;	0;	0;	0;	0;	0;	0;	0;	0;	0;	0;	0;	0;	0;	0;	0;	0;	0;	0;	0;	0;	0;	0;	0;	0;	0;	0;	0;	0;	0;	0;	0;	0;	0;	0;	0;	0;	0;	0;	0;	0;	0;	0;	0;	0;	0;	0;	0;	0;	0;	0;	0;	0;	0;	0;	0;	0;	0
54;	-3;	6;	0,96;	99,18;	98,74;	96,69;	93,93;	93,09;	91,83;	90,78;	89,65;	88,68;	86,02;	84,75;	84,41;	80,45;	76,73;	71,12;	67,18;	66,25;	65,45;	65,35;	63,56;	63,14;	61,85;	54,99;	51,91;	51,9;	51,57;	44,87;	40,87;	40,17;	34,15;	32,86;	25,21;	23,92;	17,26;	14,0;	12,14;	4,05;	0,69;	0;	0;	0;	0;	0;	0;	0;	0;	0;	0;	0;	0;	0;	0;	0;	0;	0;	0;	0;	0;	0;	0;	0;	0;	0;	0;	0;	0;	0;	0;	0;	0;	0;	0;	0;	0;	0;	0;	0;	0;	0;	0;	0;	0;	0;	0;	0;	0;	0;	0;	0;	0;	0;	0;	0;	0;	0;	0;	0;	0;	0;	0;	0
55;	-8;	6;	0,96;	95,41;	94,39;	94,02;	92,57;	91,83;	88,66;	86,46;	84,1;	83,72;	82,67;	82,1;	80,71;	76,48;	75,57;	71,81;	70,83;	68,57;	68,41;	65,12;	61,59;	57,06;	53,17;	52,78;	50,98;	46,84;	43,41;	35,88;	33,35;	31,91;	25,21;	21,23;	15,81;	14,07;	8,09;	4,52;	3,27;	0;	0;	0;	0;	0;	0;	0;	0;	0;	0;	0;	0;	0;	0;	0;	0;	0;	0;	0;	0;	0;	0;	0;	0;	0;	0;	0;	0;	0;	0;	0;	0;	0;	0;	0;	0;	0;	0;	0;	0;	0;	0;	0;	0;	0;	0;	0;	0;	0;	0;	0;	0;	0;	0;	0;	0;	0;	0;	0;	0;	0;	0;	0;	0;	0
56;	-6;	6;	1,01;	96,95;	96,18;	95,46;	93,88;	90,97;	87,99;	85,56;	84,99;	83,72;	83,69;	82,06;	82,05;	80,16;	78,84;	74,01;	72,54;	69,33;	66,49;	63,99;	59,31;	54,66;	54,04;	49,84;	44,36;	41,52;	40,21;	38,79;	34,98;	33,79;	31,92;	29,35;	20,49;	18,74;	16,76;	12,16;	5,77;	5,17;	0;	0;	0;	0;	0;	0;	0;	0;	0;	0;	0;	0;	0;	0;	0;	0;	0;	0;	0;	0;	0;	0;	0;	0;	0;	0;	0;	0;	0;	0;	0;	0;	0;	0;	0;	0;	0;	0;	0;	0;	0;	0;	0;	0;	0;	0;	0;	0;	0;	0;	0;	0;	0;	0;	0;	0;	0;	0;	0;	0;	0;	0;	0;	0
57;	-9;	6;	1,01;	91,79;	91,3;	91,17;	88,77;	85,93;	84,16;	81,76;	81,51;	78,62;	76,21;	75,3;	71,14;	70,4;	66,07;	62,46;	52,57;	50,13;	47,44;	46,6;	46,56;	44,6;	43,13;	39,55;	38,16;	37,62;	36,47;	34,54;	24,23;	21,91;	19,77;	19,07;	17,3;	10,91;	9,53;	5,45;	1,83;	1,2;	0;	0;	0;	0;	0;	0;	0;	0;	0;	0;	0;	0;	0;	0;	0;	0;	0;	0;	0;	0;	0;	0;	0;	0;	0;	0;	0;	0;	0;	0;	0;	0;	0;	0;	0;	0;	0;	0;	0;	0;	0;	0;	0;	0;	0;	0;	0;	0;	0;	0;	0;	0;	0;	0;	0;	0;	0;	0;	0;	0;	0;	0;	0;	0
58;	-12;	6;	0,89;	81,97;	78,84;	78,77;	77,73;	75,22;	74,91;	74,71;	71,43;	68,63;	68,11;	67,09;	62,11;	56,61;	55,43;	53,48;	47,46;	46,91;	45,06;	43,26;	42,25;	40,62;	37,29;	35,76;	33,56;	28,03;	24,6;	24,04;	18,7;	15,58;	11,07;	7,03;	0;	0;	0;	0;	0;	0;	0;	0;	0;	0;	0;	0;	0;	0;	0;	0;	0;	0;	0;	0;	0;	0;	0;	0;	0;	0;	0;	0;	0;	0;	0;	0;	0;	0;	0;	0;	0;	0;	0;	0;	0;	0;	0;	0;	0;	0;	0;	0;	0;	0;	0;	0;	0;	0;	0;	0;	0;	0;	0;	0;	0;	0;	0;	0;	0;	0;	0;	0;	0;	0
59;	11;	6;	0,98;	nan;	nan;	nan;	nan;	nan;	nan;	nan;	nan;	nan;	nan;	nan;	100,0;	99,76;	99,29;	99,06;	98,23;	98,15;	97,58;	97,13;	96,94;	94,87;	93,34;	92,94;	91,44;	91,21;	90,32;	90,04;	89,63;	89,24;	88,42;	85,77;	83,35;	82,34;	77,37;	75,24;	70,75;	67,94;	65,57;	62,75;	58,99;	49,11;	47,02;	45,34;	39,25;	32,99;	29,88;	27,62;	26,95;	23,16;	21,56;	20,44;	14,71;	13,77;	11,65;	8,75;	7,51;	3,36;	0,65;	0,0;	0,0;	0,0;	0,0;	0,0;	0,0;	0,0;	0,0;	0,0;	0,0;	0,0;	0,0;	0,0;	0,0;	0,0;	0,0;	0,0;	0,0;	0,0;	0,0;	0,0;	0,0;	0,0;	0,0;	0,0;	0,0;	0,0;	0,0;	0,0;	0,0;	0,0;	0,0;	0,0;	0,0;	0,0;	0,0;	0,0;	0,0;	0,0;	0,0;	0,0;	0,0;	0,0
60;	-6;	6;	1,03;	98,09;	97,61;	95,83;	95,33;	94,96;	91,0;	89,99;	89,51;	89,17;	87,9;	83,76;	83,03;	82,98;	78,4;	77,14;	70,89;	68,18;	68,01;	61,84;	56,55;	53,86;	53,33;	48,2;	46,63;	38,32;	34,68;	30,1;	18,73;	17,91;	16,84;	12,37;	8,74;	6,52;	4,38;	0;	0;	0;	0;	0;	0;	0;	0;	0;	0;	0;	0;	0;	0;	0;	0;	0;	0;	0;	0;	0;	0;	0;	0;	0;	0;	0;	0;	0;	0;	0;	0;	0;	0;	0;	0;	0;	0;	0;	0;	0;	0;	0;	0;	0;	0;	0;	0;	0;	0;	0;	0;	0;	0;	0;	0;	0;	0;	0;	0;	0;	0;	0;	0;	0;	0;	0
61;	-2;	6;	0,91;	99,45;	99,25;	98,76;	97,24;	96,76;	96,11;	95,27;	94,53;	91,32;	89,81;	88,26;	83,35;	82,26;	79,5;	76,37;	75,81;	73,19;	71,67;	67,59;	67,56;	66,12;	65,74;	65,69;	64,47;	59,74;	50,43;	46,12;	42,03;	41,31;	41,11;	39,09;	35,35;	35,24;	34,41;	32,21;	31,34;	30,14;	28,25;	26,09;	22,71;	22,16;	20,26;	18,57;	14,63;	13,32;	9,32;	7,43;	1,58;	0;	0;	0;	0;	0;	0;	0;	0;	0;	0;	0;	0;	0;	0;	0;	0;	0;	0;	0;	0;	0;	0;	0;	0;	0;	0;	0;	0;	0;	0;	0;	0;	0;	0;	0;	0;	0;	0;	0;	0;	0;	0;	0;	0;	0;	0;	0;	0;	0;	0;	0;	0;	0
62;	-14;	6;	1,0;	85,45;	83,81;	81,61;	80,37;	78,9;	77,14;	74,76;	71,46;	71,15;	70,7;	68,01;	67,09;	66,71;	59,03;	55,28;	54,58;	52,82;	49,47;	42,23;	39,55;	35,41;	34,26;	30,45;	24,07;	20,61;	17,26;	15,33;	10,37;	7,01;	0;	0;	0;	0;	0;	0;	0;	0;	0;	0;	0;	0;	0;	0;	0;	0;	0;	0;	0;	0;	0;	0;	0;	0;	0;	0;	0;	0;	0;	0;	0;	0;	0;	0;	0;	0;	0;	0;	0;	0;	0;	0;	0;	0;	0;	0;	0;	0;	0;	0;	0;	0;	0;	0;	0;	0;	0;	0;	0;	0;	0;	0;	0;	0;	0;	0;	0;	0;	0;	0;	0;	0
63;	6;	6;	1,01;	nan;	nan;	nan;	nan;	nan;	nan;	100,0;	99,76;	98,85;	98,81;	98,66;	97,36;	95,09;	94,38;	93,04;	91,31;	90,0;	87,87;	87,83;	86,85;	85,59;	80,38;	79,17;	78,87;	75,56;	74,53;	68,01;	67,0;	63,76;	62,08;	60,52;	59,65;	55,25;	54,36;	49,62;	49,23;	47,99;	42,21;	36,01;	33,3;	31,68;	29,29;	28,93;	22,28;	19,09;	17,08;	16,68;	13,54;	7,86;	7,72;	6,45;	5,58;	2,23;	2,17;	0,0;	0,0;	0,0;	0,0;	0,0;	0,0;	0,0;	0,0;	0,0;	0,0;	0,0;	0,0;	0,0;	0,0;	0,0;	0,0;	0,0;	0,0;	0,0;	0,0;	0,0;	0,0;	0,0;	0,0;	0,0;	0,0;	0,0;	0,0;	0,0;	0,0;	0,0;	0,0;	0,0;	0,0;	0,0;	0,0;	0,0;	0,0;	0,0;	0,0;	0,0;	0,0;	0,0;	0,0;	0,0;	0,0;	0,0
64;	17;	6;	1,02;	nan;	nan;	nan;	nan;	nan;	nan;	nan;	nan;	nan;	nan;	nan;	nan;	nan;	nan;	nan;	nan;	nan;	100,0;	99,38;	99,18;	98,05;	97,09;	94,38;	93,19;	91,49;	90,43;	87,13;	85,62;	84,11;	80,92;	75,57;	75,57;	74,13;	70,83;	66,85;	60,78;	59,49;	58,5;	55,19;	50,67;	50,12;	47,44;	46,5;	42,95;	41,26;	37,88;	35,41;	35,35;	24,5;	23,83;	22,4;	22,37;	22,11;	15,18;	5,79;	2,64;	0,0;	0,0;	0,0;	0,0;	0,0;	0,0;	0,0;	0,0;	0,0;	0,0;	0,0;	0,0;	0,0;	0,0;	0,0;	0,0;	0,0;	0,0;	0,0;	0,0;	0,0;	0,0;	0,0;	0,0;	0,0;	0,0;	0,0;	0,0;	0,0;	0,0;	0,0;	0,0;	0,0;	0,0;	0,0;	0,0;	0,0;	0,0;	0,0;	0,0;	0,0;	0,0;	0,0;	0,0;	0,0
65;	-10;	6;	1,07;	91,66;	88,43;	87,19;	87,17;	84,8;	79,02;	78,13;	76,05;	74,56;	70,48;	66,86;	66,05;	64,51;	63,61;	58,08;	54,62;	46,51;	41,7;	41,43;	39,76;	34,33;	33,68;	32,99;	28,62;	28,39;	27,74;	23,62;	19,36;	15,42;	13,42;	10,94;	5,81;	1,86;	0;	0;	0;	0;	0;	0;	0;	0;	0;	0;	0;	0;	0;	0;	0;	0;	0;	0;	0;	0;	0;	0;	0;	0;	0;	0;	0;	0;	0;	0;	0;	0;	0;	0;	0;	0;	0;	0;	0;	0;	0;	0;	0;	0;	0;	0;	0;	0;	0;	0;	0;	0;	0;	0;	0;	0;	0;	0;	0;	0;	0;	0;	0;	0;	0;	0;	0;	0
66;	-2;	6;	1,08;	99,44;	99,07;	97,66;	97,29;	96,47;	94,78;	94,01;	93,97;	92,19;	86,62;	86,17;	86,05;	85,45;	80,92;	80,38;	79,25;	77,74;	75,38;	68,99;	66,0;	65,54;	65,04;	59,92;	57,04;	55,89;	52,19;	50,5;	44,27;	40,9;	36,53;	34,89;	32,05;	30,09;	28,49;	27,37;	26,05;	17,06;	15,87;	15,0;	14,22;	7,78;	0;	0;	0;	0;	0;	0;	0;	0;	0;	0;	0;	0;	0;	0;	0;	0;	0;	0;	0;	0;	0;	0;	0;	0;	0;	0;	0;	0;	0;	0;	0;	0;	0;	0;	0;	0;	0;	0;	0;	0;	0;	0;	0;	0;	0;	0;	0;	0;	0;	0;	0;	0;	0;	0;	0;	0;	0;	0;	0;	0
67;	-5;	6;	1,02;	97,95;	94,85;	92,31;	91,5;	91,42;	91,4;	90,03;	89,76;	88,32;	88,2;	84,34;	83,64;	79,35;	72,02;	69,43;	64,29;	61,82;	56,48;	56,32;	55,07;	53,69;	49,84;	49,18;	47,77;	44,85;	37,23;	32,59;	26,3;	24,42;	17,66;	12,82;	12,39;	6,33;	3,75;	0;	0;	0;	0;	0;	0;	0;	0;	0;	0;	0;	0;	0;	0;	0;	0;	0;	0;	0;	0;	0;	0;	0;	0;	0;	0;	0;	0;	0;	0;	0;	0;	0;	0;	0;	0;	0;	0;	0;	0;	0;	0;	0;	0;	0;	0;	0;	0;	0;	0;	0;	0;	0;	0;	0;	0;	0;	0;	0;	0;	0;	0;	0;	0;	0;	0;	0
68;	5;	6;	1,01;	nan;	nan;	nan;	nan;	nan;	100,0;	99,75;	99,68;	98,19;	97,61;	94,49;	93,84;	93,48;	92,89;	90,73;	87,62;	85,2;	80,24;	80,0;	78,26;	76,93;	76,9;	75,4;	74,75;	71,8;	67,55;	64,15;	61,68;	60,16;	57,71;	57,23;	52,85;	50,2;	49,25;	48,34;	44,61;	40,33;	36,34;	28,95;	26,94;	24,32;	20,82;	12,44;	12,16;	1,95;	0,0;	0,0;	0,0;	0,0;	0,0;	0,0;	0,0;	0,0;	0,0;	0,0;	0,0;	0,0;	0,0;	0,0;	0,0;	0,0;	0,0;	0,0;	0,0;	0,0;	0,0;	0,0;	0,0;	0,0;	0,0;	0,0;	0,0;	0,0;	0,0;	0,0;	0,0;	0,0;	0,0;	0,0;	0,0;	0,0;	0,0;	0,0;	0,0;	0,0;	0,0;	0,0;	0,0;	0,0;	0,0;	0,0;	0,0;	0,0;	0,0;	0,0;	0,0;	0,0;	0,0;	0,0;	0,0;	0,0
69;	-17;	6;	1,05;	78,19;	75,44;	73,3;	68,52;	64,74;	58,0;	57,97;	57,92;	53,67;	51,16;	44,83;	37,78;	33,33;	30,93;	28,03;	18,07;	13,24;	6,92;	0;	0;	0;	0;	0;	0;	0;	0;	0;	0;	0;	0;	0;	0;	0;	0;	0;	0;	0;	0;	0;	0;	0;	0;	0;	0;	0;	0;	0;	0;	0;	0;	0;	0;	0;	0;	0;	0;	0;	0;	0;	0;	0;	0;	0;	0;	0;	0;	0;	0;	0;	0;	0;	0;	0;	0;	0;	0;	0;	0;	0;	0;	0;	0;	0;	0;	0;	0;	0;	0;	0;	0;	0;	0;	0;	0;	0;	0;	0;	0;	0;	0;	0
70;	6;	6;	0,89;	nan;	nan;	nan;	nan;	nan;	nan;	100,0;	99,64;	99,55;	99,51;	98,51;	98,24;	97,39;	97,13;	96,31;	94,78;	93,43;	90,06;	87,15;	84,79;	82,16;	79,06;	72,99;	72,09;	71,63;	71,37;	69,36;	66,05;	62,34;	59,15;	54,24;	52,81;	47,36;	42,95;	38,63;	37,38;	34,43;	31,89;	30,11;	29,46;	23,38;	22,34;	21,47;	15,53;	12,75;	10,45;	9,69;	8,0;	3,61;	1,11;	0,0;	0,0;	0,0;	0,0;	0,0;	0,0;	0,0;	0,0;	0,0;	0,0;	0,0;	0,0;	0,0;	0,0;	0,0;	0,0;	0,0;	0,0;	0,0;	0,0;	0,0;	0,0;	0,0;	0,0;	0,0;	0,0;	0,0;	0,0;	0,0;	0,0;	0,0;	0,0;	0,0;	0,0;	0,0;	0,0;	0,0;	0,0;	0,0;	0,0;	0,0;	0,0;	0,0;	0,0;	0,0;	0,0;	0,0;	0,0;	0,0;	0,0;	0,0
71;	-5;	6;	1,0;	96,15;	95,6;	93,66;	93,2;	92,84;	92,22;	90,8;	90,75;	89,97;	89,76;	89,09;	88,85;	86,35;	83,61;	82,29;	82,14;	79,91;	76,94;	75,03;	73,4;	71,97;	68,12;	64,49;	60,2;	56,48;	51,84;	50,26;	44,0;	37,67;	36,75;	33,97;	31,75;	30,76;	30,66;	24,69;	22,97;	20,42;	16,44;	13,18;	8,9;	5,53;	0,32;	0;	0;	0;	0;	0;	0;	0;	0;	0;	0;	0;	0;	0;	0;	0;	0;	0;	0;	0;	0;	0;	0;	0;	0;	0;	0;	0;	0;	0;	0;	0;	0;	0;	0;	0;	0;	0;	0;	0;	0;	0;	0;	0;	0;	0;	0;	0;	0;	0;	0;	0;	0;	0;	0;	0;	0;	0;	0;	0
72;	-1;	6;	0,95;	99,59;	99,12;	98,97;	98,82;	97,32;	96,49;	94,65;	94,05;	92,39;	90,41;	89,1;	87,31;	86,39;	86,15;	86,0;	83,41;	82,91;	78,66;	75,03;	71,94;	67,72;	64,2;	63,77;	62,57;	62,28;	58,83;	56,05;	50,92;	49,84;	46,95;	44,67;	42,9;	38,91;	36,2;	34,63;	34,48;	29,2;	28,52;	21,22;	18,59;	18,16;	15,66;	12,26;	10,26;	5,52;	1,85;	0,51;	0;	0;	0;	0;	0;	0;	0;	0;	0;	0;	0;	0;	0;	0;	0;	0;	0;	0;	0;	0;	0;	0;	0;	0;	0;	0;	0;	0;	0;	0;	0;	0;	0;	0;	0;	0;	0;	0;	0;	0;	0;	0;	0;	0;	0;	0;	0;	0;	0;	0;	0;	0;	0;	0
73;	3;	6;	1,0;	nan;	nan;	nan;	100,0;	99,75;	99,7;	99,27;	98,49;	97,32;	96,83;	96,79;	93,38;	92,92;	92,15;	91,02;	90,12;	90,11;	88,16;	87,73;	84,7;	81,0;	79,12;	74,93;	73,82;	73,67;	71,98;	70,52;	69,05;	67,22;	66,7;	60,13;	56,08;	53,49;	53,0;	51,46;	49,53;	48,42;	41,13;	31,21;	25,73;	25,31;	21,75;	20,17;	14,56;	13,4;	3,75;	0,31;	0,0;	0,0;	0,0;	0,0;	0,0;	0,0;	0,0;	0,0;	0,0;	0,0;	0,0;	0,0;	0,0;	0,0;	0,0;	0,0;	0,0;	0,0;	0,0;	0,0;	0,0;	0,0;	0,0;	0,0;	0,0;	0,0;	0,0;	0,0;	0,0;	0,0;	0,0;	0,0;	0,0;	0,0;	0,0;	0,0;	0,0;	0,0;	0,0;	0,0;	0,0;	0,0;	0,0;	0,0;	0,0;	0,0;	0,0;	0,0;	0,0;	0,0;	0,0;	0,0;	0,0;	0,0
74;	12;	6;	1,04;	nan;	nan;	nan;	nan;	nan;	nan;	nan;	nan;	nan;	nan;	nan;	nan;	100,0;	99,96;	99,95;	99,71;	99,3;	99,12;	95,61;	93,44;	92,46;	91,42;	89,92;	86,97;	86,56;	85,03;	84,55;	83,67;	81,46;	79,76;	78,84;	73,37;	70,5;	66,23;	55,72;	53,21;	51,79;	44,19;	43,59;	41,2;	34,51;	33,08;	31,82;	28,27;	25,09;	24,5;	21,21;	20,38;	17,16;	13,06;	11,03;	9,93;	4,79;	0,0;	0,0;	0,0;	0,0;	0,0;	0,0;	0,0;	0,0;	0,0;	0,0;	0,0;	0,0;	0,0;	0,0;	0,0;	0,0;	0,0;	0,0;	0,0;	0,0;	0,0;	0,0;	0,0;	0,0;	0,0;	0,0;	0,0;	0,0;	0,0;	0,0;	0,0;	0,0;	0,0;	0,0;	0,0;	0,0;	0,0;	0,0;	0,0;	0,0;	0,0;	0,0;	0,0;	0,0;	0,0;	0,0;	0,0;	0,0
75;	-15;	6;	1,05;	85,73;	80,81;	80,73;	76,18;	71,68;	71,63;	71,05;	69,43;	65,27;	58,47;	57,62;	56,46;	52,87;	52,78;	50,64;	47,83;	47,12;	39,12;	33,97;	30,3;	23,93;	19,39;	19,15;	14,13;	1,61;	0;	0;	0;	0;	0;	0;	0;	0;	0;	0;	0;	0;	0;	0;	0;	0;	0;	0;	0;	0;	0;	0;	0;	0;	0;	0;	0;	0;	0;	0;	0;	0;	0;	0;	0;	0;	0;	0;	0;	0;	0;	0;	0;	0;	0;	0;	0;	0;	0;	0;	0;	0;	0;	0;	0;	0;	0;	0;	0;	0;	0;	0;	0;	0;	0;	0;	0;	0;	0;	0;	0;	0;	0;	0;	0;	0
76;	6;	6;	0,96;	nan;	nan;	nan;	nan;	nan;	nan;	100,0;	99,61;	99,41;	99,27;	99,1;	98,43;	98,09;	97,76;	94,95;	94,4;	91,65;	91,51;	91,02;	89,42;	88,4;	87,09;	86,93;	79,07;	75,6;	73,99;	70,48;	69,01;	68,68;	65,62;	65,31;	64,74;	62,86;	60,21;	59,94;	56,07;	54,66;	54,63;	51,11;	50,85;	46,19;	35,09;	31,82;	23,56;	21,34;	19,0;	15,09;	14,33;	12,64;	7,37;	3,94;	2,57;	0,16;	0,0;	0,0;	0,0;	0,0;	0,0;	0,0;	0,0;	0,0;	0,0;	0,0;	0,0;	0,0;	0,0;	0,0;	0,0;	0,0;	0,0;	0,0;	0,0;	0,0;	0,0;	0,0;	0,0;	0,0;	0,0;	0,0;	0,0;	0,0;	0,0;	0,0;	0,0;	0,0;	0,0;	0,0;	0,0;	0,0;	0,0;	0,0;	0,0;	0,0;	0,0;	0,0;	0,0;	0,0;	0,0;	0,0;	0,0;	0,0
77;	-6;	6;	0,98;	96,71;	94,87;	94,5;	94,02;	93,31;	90,76;	90,69;	88,2;	85,91;	85,33;	83,24;	81,94;	81,72;	79,1;	76,99;	74,15;	73,82;	66,76;	59,64;	54,53;	53,58;	51,77;	47,75;	41,31;	37,1;	35,68;	33,97;	28,4;	22,88;	21,03;	18,23;	17,56;	16,64;	15,85;	11,52;	1,97;	0;	0;	0;	0;	0;	0;	0;	0;	0;	0;	0;	0;	0;	0;	0;	0;	0;	0;	0;	0;	0;	0;	0;	0;	0;	0;	0;	0;	0;	0;	0;	0;	0;	0;	0;	0;	0;	0;	0;	0;	0;	0;	0;	0;	0;	0;	0;	0;	0;	0;	0;	0;	0;	0;	0;	0;	0;	0;	0;	0;	0;	0;	0;	0;	0
78;	6;	6;	1,06;	nan;	nan;	nan;	nan;	nan;	nan;	100,0;	99,85;	99,63;	98,31;	96,24;	94,81;	94,45;	92,54;	92,26;	91,28;	90,44;	90,22;	88,74;	82,74;	82,56;	78,19;	76,11;	72,77;	70,95;	65,61;	65,38;	65,21;	60,65;	54,49;	53,94;	51,54;	51,53;	44,98;	44,66;	44,35;	41,04;	39,92;	32,7;	26,56;	24,75;	20,13;	19,59;	18,68;	16,82;	9,17;	6,72;	4,72;	0,0;	0,0;	0,0;	0,0;	0,0;	0,0;	0,0;	0,0;	0,0;	0,0;	0,0;	0,0;	0,0;	0,0;	0,0;	0,0;	0,0;	0,0;	0,0;	0,0;	0,0;	0,0;	0,0;	0,0;	0,0;	0,0;	0,0;	0,0;	0,0;	0,0;	0,0;	0,0;	0,0;	0,0;	0,0;	0,0;	0,0;	0,0;	0,0;	0,0;	0,0;	0,0;	0,0;	0,0;	0,0;	0,0;	0,0;	0,0;	0,0;	0,0;	0,0;	0,0;	0,0
79;	0;	6;	0,95;	100,0;	99,96;	99,96;	99,92;	99,02;	98,99;	97,99;	97,85;	97,14;	93,68;	92,92;	91,94;	90,98;	88,83;	85,65;	84,9;	83,21;	83,11;	77,88;	77,36;	74,03;	72,72;	71,79;	71,76;	65,41;	62,64;	61,73;	59,82;	56,22;	51,28;	50,83;	48,32;	45,18;	39,69;	36,31;	35,23;	32,18;	30,4;	24,95;	24,8;	21,95;	18,82;	14,24;	12,04;	11,3;	10,88;	9,88;	9,14;	4,53;	4,04;	0;	0;	0;	0;	0;	0;	0;	0;	0;	0;	0;	0;	0;	0;	0;	0;	0;	0;	0;	0;	0;	0;	0;	0;	0;	0;	0;	0;	0;	0;	0;	0;	0;	0;	0;	0;	0;	0;	0;	0;	0;	0;	0;	0;	0;	0;	0;	0;	0;	0;	0
80;	0;	6;	0,9;	100,0;	99,79;	99,14;	99,06;	98,2;	97,82;	97,6;	96,89;	94,81;	92,76;	90,71;	90,13;	86,97;	82,94;	80,73;	78,64;	77,2;	76,27;	75,19;	74,28;	73,65;	70,86;	70,41;	70,28;	69,95;	68,16;	65,38;	64,61;	61,12;	58,54;	57,82;	53,45;	52,07;	51,11;	46,94;	40,03;	37,7;	31,68;	29,42;	26,16;	23,75;	21,56;	16,01;	8,05;	7,47;	0;	0;	0;	0;	0;	0;	0;	0;	0;	0;	0;	0;	0;	0;	0;	0;	0;	0;	0;	0;	0;	0;	0;	0;	0;	0;	0;	0;	0;	0;	0;	0;	0;	0;	0;	0;	0;	0;	0;	0;	0;	0;	0;	0;	0;	0;	0;	0;	0;	0;	0;	0;	0;	0;	0;	0
81;	0;	6;	0,91;	100,0;	99,88;	99,14;	98,43;	97,07;	96,77;	96,4;	94,67;	92,99;	90,28;	90,02;	87,93;	87,31;	84,85;	83,53;	81,77;	79,82;	78,77;	77,92;	76,81;	74,7;	72,0;	65,82;	63,12;	56,85;	55,87;	52,67;	50,88;	48,1;	43,47;	38,91;	37,62;	36,89;	33,2;	32,18;	23,76;	22,07;	19,76;	14,07;	11,82;	4,25;	2,66;	0;	0;	0;	0;	0;	0;	0;	0;	0;	0;	0;	0;	0;	0;	0;	0;	0;	0;	0;	0;	0;	0;	0;	0;	0;	0;	0;	0;	0;	0;	0;	0;	0;	0;	0;	0;	0;	0;	0;	0;	0;	0;	0;	0;	0;	0;	0;	0;	0;	0;	0;	0;	0;	0;	0;	0;	0;	0;	0
82;	-15;	6;	0,95;	82,82;	82,06;	81,39;	74,03;	71,86;	67,68;	66,88;	66,33;	62,46;	59,85;	56,58;	54,5;	48,4;	47,9;	46,19;	42,93;	42,24;	39,57;	36,99;	34,75;	33,91;	25,55;	21,12;	19,04;	14,07;	11,96;	4,76;	0;	0;	0;	0;	0;	0;	0;	0;	0;	0;	0;	0;	0;	0;	0;	0;	0;	0;	0;	0;	0;	0;	0;	0;	0;	0;	0;	0;	0;	0;	0;	0;	0;	0;	0;	0;	0;	0;	0;	0;	0;	0;	0;	0;	0;	0;	0;	0;	0;	0;	0;	0;	0;	0;	0;	0;	0;	0;	0;	0;	0;	0;	0;	0;	0;	0;	0;	0;	0;	0;	0;	0;	0;	0
83;	-16;	6;	0,97;	85,52;	81,16;	79,38;	78,58;	76,25;	75,13;	73,29;	73,16;	71,9;	68,88;	66,32;	65,75;	62,42;	61,05;	57,12;	57,02;	46,75;	45,1;	44,5;	44,1;	43,45;	35,33;	26,84;	23,52;	21,72;	15,07;	10,69;	10,62;	5,18;	4,59;	0;	0;	0;	0;	0;	0;	0;	0;	0;	0;	0;	0;	0;	0;	0;	0;	0;	0;	0;	0;	0;	0;	0;	0;	0;	0;	0;	0;	0;	0;	0;	0;	0;	0;	0;	0;	0;	0;	0;	0;	0;	0;	0;	0;	0;	0;	0;	0;	0;	0;	0;	0;	0;	0;	0;	0;	0;	0;	0;	0;	0;	0;	0;	0;	0;	0;	0;	0;	0;	0;	0
84;	4;	6;	0,95;	nan;	nan;	nan;	nan;	100,0;	99,86;	99,59;	99,46;	98,71;	96,69;	95,61;	93,81;	93,73;	92,09;	89,82;	88,84;	87,75;	81,13;	80,01;	77,47;	75,56;	73,85;	68,48;	68,04;	61,88;	60,09;	57,9;	55,65;	53,96;	49,31;	47,18;	44,32;	43,04;	36,65;	35,38;	33,43;	28,74;	26,8;	21,02;	15,74;	12,34;	12,14;	8,54;	4,84;	0,43;	0,0;	0,0;	0,0;	0,0;	0,0;	0,0;	0,0;	0,0;	0,0;	0,0;	0,0;	0,0;	0,0;	0,0;	0,0;	0,0;	0,0;	0,0;	0,0;	0,0;	0,0;	0,0;	0,0;	0,0;	0,0;	0,0;	0,0;	0,0;	0,0;	0,0;	0,0;	0,0;	0,0;	0,0;	0,0;	0,0;	0,0;	0,0;	0,0;	0,0;	0,0;	0,0;	0,0;	0,0;	0,0;	0,0;	0,0;	0,0;	0,0;	0,0;	0,0;	0,0;	0,0;	0,0;	0,0;	0,0
85;	-12;	6;	1,05;	90,69;	87,96;	85,73;	84,96;	83,47;	81,02;	73,72;	71,64;	70,09;	68,29;	66,02;	64,62;	61,57;	52,89;	48,24;	37,81;	34,29;	29,82;	22,85;	19,59;	18,24;	16,86;	15,13;	13,0;	11,13;	6,99;	1,11;	0,16;	0;	0;	0;	0;	0;	0;	0;	0;	0;	0;	0;	0;	0;	0;	0;	0;	0;	0;	0;	0;	0;	0;	0;	0;	0;	0;	0;	0;	0;	0;	0;	0;	0;	0;	0;	0;	0;	0;	0;	0;	0;	0;	0;	0;	0;	0;	0;	0;	0;	0;	0;	0;	0;	0;	0;	0;	0;	0;	0;	0;	0;	0;	0;	0;	0;	0;	0;	0;	0;	0;	0;	0;	0
86;	-20;	6;	1,07;	69,19;	64,93;	64,87;	64,62;	62,06;	61,88;	56,05;	48,78;	43,75;	43,1;	37,27;	33,83;	30,77;	28,32;	24,14;	22,7;	21,76;	12,45;	10,66;	3,79;	2,18;	0,25;	0;	0;	0;	0;	0;	0;	0;	0;	0;	0;	0;	0;	0;	0;	0;	0;	0;	0;	0;	0;	0;	0;	0;	0;	0;	0;	0;	0;	0;	0;	0;	0;	0;	0;	0;	0;	0;	0;	0;	0;	0;	0;	0;	0;	0;	0;	0;	0;	0;	0;	0;	0;	0;	0;	0;	0;	0;	0;	0;	0;	0;	0;	0;	0;	0;	0;	0;	0;	0;	0;	0;	0;	0;	0;	0;	0;	0;	0;	0
87;	10;	6;	1,01;	nan;	nan;	nan;	nan;	nan;	nan;	nan;	nan;	nan;	nan;	100,0;	99,94;	99,78;	98,13;	97,6;	97,32;	95,13;	93,12;	92,03;	91,34;	90,46;	88,7;	87,35;	85,37;	83,34;	82,41;	78,23;	71,88;	68,22;	65,05;	64,04;	63,5;	60,23;	56,67;	49,41;	46,48;	41,83;	34,26;	28,13;	21,08;	14,98;	10,64;	6,26;	1,64;	0,0;	0,0;	0,0;	0,0;	0,0;	0,0;	0,0;	0,0;	0,0;	0,0;	0,0;	0,0;	0,0;	0,0;	0,0;	0,0;	0,0;	0,0;	0,0;	0,0;	0,0;	0,0;	0,0;	0,0;	0,0;	0,0;	0,0;	0,0;	0,0;	0,0;	0,0;	0,0;	0,0;	0,0;	0,0;	0,0;	0,0;	0,0;	0,0;	0,0;	0,0;	0,0;	0,0;	0,0;	0,0;	0,0;	0,0;	0,0;	0,0;	0,0;	0,0;	0,0;	0,0;	0,0;	0,0;	0,0;	0,0
88;	-2;	6;	0,98;	99,29;	98,85;	97,64;	97,25;	96,08;	93,94;	93,3;	92,19;	92,1;	88,81;	86,95;	84,7;	84,19;	82,61;	80,03;	78,71;	76,78;	75,82;	72,72;	72,18;	66,05;	64,53;	60,72;	58,03;	56,53;	55,01;	53,28;	51,86;	47,99;	45,24;	43,92;	38,42;	36,67;	32,95;	30,99;	27,59;	26,96;	25,14;	20,61;	11,06;	10,57;	6,57;	3,07;	0;	0;	0;	0;	0;	0;	0;	0;	0;	0;	0;	0;	0;	0;	0;	0;	0;	0;	0;	0;	0;	0;	0;	0;	0;	0;	0;	0;	0;	0;	0;	0;	0;	0;	0;	0;	0;	0;	0;	0;	0;	0;	0;	0;	0;	0;	0;	0;	0;	0;	0;	0;	0;	0;	0;	0;	0;	0
89;	7;	6;	1,04;	nan;	nan;	nan;	nan;	nan;	nan;	nan;	100,0;	99,64;	99,5;	98,72;	98,49;	96,98;	95,63;	94,29;	94,14;	93,27;	92,64;	92,61;	88,34;	87,67;	87,27;	85,06;	84,98;	83,13;	78,64;	77,56;	75,87;	72,87;	71,41;	69,16;	67,2;	60,47;	59,63;	59,05;	54,29;	54,01;	50,75;	47,21;	44,01;	39,64;	38,47;	37,82;	36,53;	34,62;	33,61;	32,22;	29,0;	26,23;	20,59;	18,53;	13,02;	10,13;	6,09;	4,41;	4,19;	0,0;	0,0;	0,0;	0,0;	0,0;	0,0;	0,0;	0,0;	0,0;	0,0;	0,0;	0,0;	0,0;	0,0;	0,0;	0,0;	0,0;	0,0;	0,0;	0,0;	0,0;	0,0;	0,0;	0,0;	0,0;	0,0;	0,0;	0,0;	0,0;	0,0;	0,0;	0,0;	0,0;	0,0;	0,0;	0,0;	0,0;	0,0;	0,0;	0,0;	0,0;	0,0;	0,0;	0,0;	0,0
90;	13;	6;	0,95;	nan;	nan;	nan;	nan;	nan;	nan;	nan;	nan;	nan;	nan;	nan;	nan;	nan;	100,0;	99,98;	99,02;	98,92;	98,52;	97,38;	95,68;	95,36;	95,12;	93,94;	92,06;	89,5;	88,76;	86,35;	83,22;	80,08;	78,71;	78,06;	77,56;	76,06;	75,67;	74,27;	72,71;	71,53;	69,11;	67,26;	59,09;	57,79;	52,2;	50,11;	44,75;	40,32;	38,47;	35,44;	29,59;	24,18;	22,0;	18,56;	18,29;	16,0;	12,91;	8,16;	7,7;	5,06;	4,24;	3,96;	2,38;	1,29;	0,0;	0,0;	0,0;	0,0;	0,0;	0,0;	0,0;	0,0;	0,0;	0,0;	0,0;	0,0;	0,0;	0,0;	0,0;	0,0;	0,0;	0,0;	0,0;	0,0;	0,0;	0,0;	0,0;	0,0;	0,0;	0,0;	0,0;	0,0;	0,0;	0,0;	0,0;	0,0;	0,0;	0,0;	0,0;	0,0;	0,0;	0,0;	0,0;	0,0
91;	10;	6;	1,01;	nan;	nan;	nan;	nan;	nan;	nan;	nan;	nan;	nan;	nan;	100,0;	99,86;	99,83;	98,68;	97,99;	96,63;	95,58;	95,04;	93,05;	91,6;	89,39;	86,38;	85,53;	81,22;	78,61;	77,81;	74,53;	72,16;	71,68;	65,38;	64,78;	60,1;	55,38;	54,68;	52,1;	45,15;	43,45;	41,99;	41,4;	39,18;	35,84;	30,59;	29,27;	25,08;	23,57;	21,83;	13,96;	9,9;	6,94;	6,39;	3,84;	0,0;	0,0;	0,0;	0,0;	0,0;	0,0;	0,0;	0,0;	0,0;	0,0;	0,0;	0,0;	0,0;	0,0;	0,0;	0,0;	0,0;	0,0;	0,0;	0,0;	0,0;	0,0;	0,0;	0,0;	0,0;	0,0;	0,0;	0,0;	0,0;	0,0;	0,0;	0,0;	0,0;	0,0;	0,0;	0,0;	0,0;	0,0;	0,0;	0,0;	0,0;	0,0;	0,0;	0,0;	0,0;	0,0;	0,0;	0,0;	0,0;	0,0
92;	-1;	6;	1,03;	99,9;	99,1;	97,85;	97,12;	96,93;	96,19;	95,08;	93,1;	91,22;	89,17;	86,46;	85,38;	84,87;	84,59;	81,11;	79,77;	76,95;	74,68;	72,91;	71,43;	70,59;	66,8;	61,31;	60,38;	58,61;	54,34;	53,17;	51,32;	46,24;	39,62;	36,79;	33,81;	31,98;	30,2;	29,41;	20,05;	15,83;	8,15;	1,61;	0;	0;	0;	0;	0;	0;	0;	0;	0;	0;	0;	0;	0;	0;	0;	0;	0;	0;	0;	0;	0;	0;	0;	0;	0;	0;	0;	0;	0;	0;	0;	0;	0;	0;	0;	0;	0;	0;	0;	0;	0;	0;	0;	0;	0;	0;	0;	0;	0;	0;	0;	0;	0;	0;	0;	0;	0;	0;	0;	0;	0;	0
93;	9;	6;	0,96;	nan;	nan;	nan;	nan;	nan;	nan;	nan;	nan;	nan;	100,0;	99,71;	99,07;	98,42;	98,41;	98,29;	97,02;	96,48;	95,01;	92,34;	87,65;	86,65;	86,33;	86,04;	85,96;	85,33;	85,19;	85,12;	82,54;	79,82;	78,79;	75,9;	72,19;	66,67;	64,05;	59,98;	58,26;	52,7;	49,84;	44,15;	42,19;	41,73;	40,54;	37,77;	31,22;	29,24;	25,46;	23,85;	22,56;	16,85;	11,74;	3,28;	0,55;	0,0;	0,0;	0,0;	0,0;	0,0;	0,0;	0,0;	0,0;	0,0;	0,0;	0,0;	0,0;	0,0;	0,0;	0,0;	0,0;	0,0;	0,0;	0,0;	0,0;	0,0;	0,0;	0,0;	0,0;	0,0;	0,0;	0,0;	0,0;	0,0;	0,0;	0,0;	0,0;	0,0;	0,0;	0,0;	0,0;	0,0;	0,0;	0,0;	0,0;	0,0;	0,0;	0,0;	0,0;	0,0;	0,0;	0,0;	0,0;	0,0
94;	1;	6;	1,07;	nan;	100,0;	99,89;	99,38;	99,07;	98,81;	97,96;	96,09;	93,54;	91,4;	89,43;	87,4;	87,13;	85,73;	83,82;	81,79;	78,75;	77,06;	75,22;	70,06;	64,14;	60,1;	59,73;	56,12;	53,58;	48,56;	43,93;	41,54;	36,73;	34,5;	30,8;	28,39;	26,84;	21,6;	20,39;	19,77;	16,13;	14,94;	7,69;	3,3;	2,04;	0,0;	0,0;	0,0;	0,0;	0,0;	0,0;	0,0;	0,0;	0,0;	0,0;	0,0;	0,0;	0,0;	0,0;	0,0;	0,0;	0,0;	0,0;	0,0;	0,0;	0,0;	0,0;	0,0;	0,0;	0,0;	0,0;	0,0;	0,0;	0,0;	0,0;	0,0;	0,0;	0,0;	0,0;	0,0;	0,0;	0,0;	0,0;	0,0;	0,0;	0,0;	0,0;	0,0;	0,0;	0,0;	0,0;	0,0;	0,0;	0,0;	0,0;	0,0;	0,0;	0,0;	0,0;	0,0;	0,0;	0,0;	0,0;	0,0;	0,0
95;	13;	6;	1,06;	nan;	nan;	nan;	nan;	nan;	nan;	nan;	nan;	nan;	nan;	nan;	nan;	nan;	100,0;	99,77;	99,66;	99,34;	99,2;	99,03;	98,83;	97,56;	97,42;	97,42;	95,79;	95,09;	93,67;	90,4;	88,23;	83,1;	78,28;	75,79;	75,29;	73,77;	66,13;	65,14;	62,95;	61,74;	59,42;	54,83;	47,4;	45,26;	44,79;	39,34;	38,1;	31,88;	16,31;	12,97;	8,47;	7,99;	7,19;	4,56;	1,91;	0,0;	0,0;	0,0;	0,0;	0,0;	0,0;	0,0;	0,0;	0,0;	0,0;	0,0;	0,0;	0,0;	0,0;	0,0;	0,0;	0,0;	0,0;	0,0;	0,0;	0,0;	0,0;	0,0;	0,0;	0,0;	0,0;	0,0;	0,0;	0,0;	0,0;	0,0;	0,0;	0,0;	0,0;	0,0;	0,0;	0,0;	0,0;	0,0;	0,0;	0,0;	0,0;	0,0;	0,0;	0,0;	0,0;	0,0;	0,0;	0,0
96;	-14;	6;	0,91;	89,0;	87,31;	86,84;	86,83;	83,7;	80,8;	75,37;	70,94;	68,67;	67,17;	66,33;	61,27;	60,0;	55,85;	54,4;	53,67;	51,36;	48,1;	47,3;	47,22;	43,43;	37,72;	36,22;	31,38;	29,49;	26,29;	25,24;	21,17;	19,56;	17,19;	11,47;	4,17;	1,81;	0;	0;	0;	0;	0;	0;	0;	0;	0;	0;	0;	0;	0;	0;	0;	0;	0;	0;	0;	0;	0;	0;	0;	0;	0;	0;	0;	0;	0;	0;	0;	0;	0;	0;	0;	0;	0;	0;	0;	0;	0;	0;	0;	0;	0;	0;	0;	0;	0;	0;	0;	0;	0;	0;	0;	0;	0;	0;	0;	0;	0;	0;	0;	0;	0;	0;	0;	0
97;	3;	6;	1,04;	nan;	nan;	nan;	100,0;	99,72;	99,32;	98,82;	98,1;	97,94;	97,41;	97,07;	93,4;	92,42;	91,74;	89,95;	89,76;	87,94;	86,49;	83,4;	80,84;	79,55;	78,15;	77,03;	74,45;	70,93;	70,12;	65,96;	58,58;	54,47;	52,53;	51,65;	46,38;	43,48;	41,02;	38,51;	31,96;	22,31;	22,19;	17,4;	16,47;	12,99;	12,98;	9,97;	1,53;	0,0;	0,0;	0,0;	0,0;	0,0;	0,0;	0,0;	0,0;	0,0;	0,0;	0,0;	0,0;	0,0;	0,0;	0,0;	0,0;	0,0;	0,0;	0,0;	0,0;	0,0;	0,0;	0,0;	0,0;	0,0;	0,0;	0,0;	0,0;	0,0;	0,0;	0,0;	0,0;	0,0;	0,0;	0,0;	0,0;	0,0;	0,0;	0,0;	0,0;	0,0;	0,0;	0,0;	0,0;	0,0;	0,0;	0,0;	0,0;	0,0;	0,0;	0,0;	0,0;	0,0;	0,0;	0,0;	0,0;	0,0
98;	9;	6;	1,05;	nan;	nan;	nan;	nan;	nan;	nan;	nan;	nan;	nan;	100,0;	99,64;	99,25;	97,74;	96,78;	96,1;	93,85;	93,52;	93,05;	89,94;	88,54;	87,37;	84,49;	81,58;	77,86;	76,03;	72,91;	72,66;	71,56;	65,35;	62,89;	62,01;	57,12;	52,35;	49,61;	49,22;	47,51;	44,08;	40,13;	37,05;	32,16;	29,79;	27,87;	21,67;	16,85;	16,46;	14,72;	7,7;	5,71;	3,96;	0,82;	0,0;	0,0;	0,0;	0,0;	0,0;	0,0;	0,0;	0,0;	0,0;	0,0;	0,0;	0,0;	0,0;	0,0;	0,0;	0,0;	0,0;	0,0;	0,0;	0,0;	0,0;	0,0;	0,0;	0,0;	0,0;	0,0;	0,0;	0,0;	0,0;	0,0;	0,0;	0,0;	0,0;	0,0;	0,0;	0,0;	0,0;	0,0;	0,0;	0,0;	0,0;	0,0;	0,0;	0,0;	0,0;	0,0;	0,0;	0,0;	0,0;	0,0;	0,0
99;	6;	6;	1,04;	nan;	nan;	nan;	nan;	nan;	nan;	100,0;	99,81;	99,57;	98,68;	98,02;	97,17;	97,09;	95,16;	93,98;	90,94;	88,24;	85,58;	84,13;	82,52;	80,11;	76,08;	75,42;	73,95;	71,63;	71,05;	69,77;	68,29;	66,72;	65,59;	60,9;	58,67;	55,06;	50,88;	41,01;	37,77;	34,73;	28,56;	25,23;	20,12;	18,24;	17,87;	14,44;	12,68;	12,45;	11,74;	9,56;	4,84;	4,08;	0,58;	0,0;	0,0;	0,0;	0,0;	0,0;	0,0;	0,0;	0,0;	0,0;	0,0;	0,0;	0,0;	0,0;	0,0;	0,0;	0,0;	0,0;	0,0;	0,0;	0,0;	0,0;	0,0;	0,0;	0,0;	0,0;	0,0;	0,0;	0,0;	0,0;	0,0;	0,0;	0,0;	0,0;	0,0;	0,0;	0,0;	0,0;	0,0;	0,0;	0,0;	0,0;	0,0;	0,0;	0,0;	0,0;	0,0;	0,0;	0,0;	0,0;	0,0;	0,0
