0;	-6;	6;	1,09;	97,72;	96,28;	96,01;	95,7;	95,33;	93,28;	92,21;	87,07;	84,63;	84,11;	79,37;	73,38;	71,31;	69,05;	67,38;	67,36;	64,8;	63,73;	61,43;	60,63;	57,72;	55,21;	51,74;	47,62;	44,24;	40,55;	36,61;	34,36;	33,63;	29,64;	26,54;	20,9;	14,91;	6,1;	5,14;	0,9;	0,66;	0;	0;	0;	0;	0;	0;	0;	0;	0;	0;	0;	0;	0;	0;	0;	0;	0;	0;	0;	0;	0;	0;	0;	0;	0;	0;	0;	0;	0;	0;	0;	0;	0;	0;	0;	0;	0;	0;	0;	0;	0;	0;	0;	0;	0;	0;	0;	0;	0;	0;	0;	0;	0;	0;	0;	0;	0;	0;	0;	0;	0;	0;	0;	0
1;	-12;	6;	0,96;	85,6;	84,71;	83,77;	82,55;	81,58;	79,12;	76,17;	72,96;	69,58;	63,58;	61,54;	61,34;	59,21;	51,27;	48,83;	43,11;	38,59;	38,44;	33,98;	30,57;	27,9;	21,12;	14,02;	12,13;	9,27;	8,62;	4,82;	0;	0;	0;	0;	0;	0;	0;	0;	0;	0;	0;	0;	0;	0;	0;	0;	0;	0;	0;	0;	0;	0;	0;	0;	0;	0;	0;	0;	0;	0;	0;	0;	0;	0;	0;	0;	0;	0;	0;	0;	0;	0;	0;	0;	0;	0;	0;	0;	0;	0;	0;	0;	0;	0;	0;	0;	0;	0;	0;	0;	0;	0;	0;	0;	0;	0;	0;	0;	0;	0;	0;	0;	0;	0
2;	16;	6;	0,99;	nan;	nan;	nan;	nan;	nan;	nan;	nan;	nan;	nan;	nan;	nan;	nan;	nan;	nan;	nan;	nan;	100,0;	99,73;	99,63;	99,3;	98,36;	96,58;	96,2;	94,71;	94,3;	93,7;	91,54;	89,83;	87,91;	86,01;	83,53;	79,96;	78,99;	77,13;	76,88;	76,58;	76,07;	75,12;	73,33;	70,33;	70,13;	64,29;	57,54;	56,01;	54,98;	50,67;	45,68;	45,54;	43,65;	40,92;	40,58;	31,96;	30,22;	26,24;	22,21;	16,19;	15,8;	8,91;	4,16;	0,0;	0,0;	0,0;	0,0;	0,0;	0,0;	0,0;	0,0;	0,0;	0,0;	0,0;	0,0;	0,0;	0,0;	0,0;	0,0;	0,0;	0,0;	0,0;	0,0;	0,0;	0,0;	0,0;	0,0;	0,0;	0,0;	0,0;	0,0;	0,0;	0,0;	0,0;	0,0;	0,0;	0,0;	0,0;	0,0;	0,0;	0,0;	0,0;	0,0;	0,0;	0,0
3;	14;	6;	1,06;	nan;	nan;	nan;	nan;	nan;	nan;	nan;	nan;	nan;	nan;	nan;	nan;	nan;	nan;	100,0;	99,37;	98,77;	98,76;	98,63;	98,41;	96,49;	96,28;	96,22;	94,84;	90,04;	88,84;	86,24;	85,3;	82,37;	81,89;	77,3;	73,13;	70,07;	69,62;	67,43;	63,91;	62,77;	61,99;	54,85;	51,76;	43,36;	42,67;	41,13;	39,79;	35,19;	34,74;	30,6;	27,12;	23,68;	21,6;	20,35;	19,28;	17,21;	14,35;	12,4;	7,27;	3,44;	1,96;	0,0;	0,0;	0,0;	0,0;	0,0;	0,0;	0,0;	0,0;	0,0;	0,0;	0,0;	0,0;	0,0;	0,0;	0,0;	0,0;	0,0;	0,0;	0,0;	0,0;	0,0;	0,0;	0,0;	0,0;	0,0;	0,0;	0,0;	0,0;	0,0;	0,0;	0,0;	0,0;	0,0;	0,0;	0,0;	0,0;	0,0;	0,0;	0,0;	0,0;	0,0;	0,0;	0,0
4;	-14;	6;	1,0;	84,5;	80,34;	78,32;	76,32;	74,31;	73,41;	68,84;	66,29;	62,72;	61,24;	59,31;	58,26;	56,31;	56,13;	49,97;	48,22;	47,51;	47,31;	42,93;	40,07;	38,95;	35,48;	35,45;	32,17;	28,72;	27,28;	25,69;	22,63;	19,46;	10,58;	6,57;	0,11;	0;	0;	0;	0;	0;	0;	0;	0;	0;	0;	0;	0;	0;	0;	0;	0;	0;	0;	0;	0;	0;	0;	0;	0;	0;	0;	0;	0;	0;	0;	0;	0;	0;	0;	0;	0;	0;	0;	0;	0;	0;	0;	0;	0;	0;	0;	0;	0;	0;	0;	0;	0;	0;	0;	0;	0;	0;	0;	0;	0;	0;	0;	0;	0;	0;	0;	0;	0;	0
5;	1;	6;	0,91;	nan;	100,0;	99,76;	99,66;	98,85;	98,3;	95,83;	95,55;	95,09;	93,98;	93,43;	92,27;	90,59;	87,27;	83,37;	83,31;	81,94;	81,15;	77,34;	76,15;	75,9;	70,2;	69,64;	68,11;	68,03;	64,92;	61,68;	57,44;	51,09;	49,81;	47,51;	45,67;	43,62;	43,4;	43,17;	35,52;	31,07;	24,97;	21,96;	21,57;	19,29;	17,57;	10,65;	0,0;	0,0;	0,0;	0,0;	0,0;	0,0;	0,0;	0,0;	0,0;	0,0;	0,0;	0,0;	0,0;	0,0;	0,0;	0,0;	0,0;	0,0;	0,0;	0,0;	0,0;	0,0;	0,0;	0,0;	0,0;	0,0;	0,0;	0,0;	0,0;	0,0;	0,0;	0,0;	0,0;	0,0;	0,0;	0,0;	0,0;	0,0;	0,0;	0,0;	0,0;	0,0;	0,0;	0,0;	0,0;	0,0;	0,0;	0,0;	0,0;	0,0;	0,0;	0,0;	0,0;	0,0;	0,0;	0,0;	0,0;	0,0
6;	0;	6;	0,96;	100,0;	99,86;	99,46;	98,89;	97,82;	95,75;	94,71;	92,47;	88,29;	86,29;	84,21;	82,08;	77,2;	75,54;	71,82;	68,13;	65,81;	63,73;	61,18;	60,97;	53,23;	53,12;	47,89;	46,84;	44,96;	41,41;	39,57;	35,9;	35,74;	34,82;	26,33;	25,38;	23,33;	19,71;	18,36;	16,96;	16,73;	16,1;	13,14;	9,39;	2,9;	0;	0;	0;	0;	0;	0;	0;	0;	0;	0;	0;	0;	0;	0;	0;	0;	0;	0;	0;	0;	0;	0;	0;	0;	0;	0;	0;	0;	0;	0;	0;	0;	0;	0;	0;	0;	0;	0;	0;	0;	0;	0;	0;	0;	0;	0;	0;	0;	0;	0;	0;	0;	0;	0;	0;	0;	0;	0;	0;	0
7;	2;	6;	1,05;	nan;	nan;	100,0;	99,79;	99,4;	98,56;	98,41;	96,49;	96,33;	95,44;	93,17;	92,68;	90,84;	88,16;	86,32;	82,73;	79,92;	75,84;	73,83;	73,64;	73,16;	70,9;	69,22;	67,36;	65,75;	63,89;	57,39;	56,46;	51,87;	51,34;	49,67;	45,9;	45,28;	44,89;	41,95;	38,07;	33,86;	30,85;	28,42;	22,26;	20,94;	17,7;	14,47;	9,39;	0,0;	0,0;	0,0;	0,0;	0,0;	0,0;	0,0;	0,0;	0,0;	0,0;	0,0;	0,0;	0,0;	0,0;	0,0;	0,0;	0,0;	0,0;	0,0;	0,0;	0,0;	0,0;	0,0;	0,0;	0,0;	0,0;	0,0;	0,0;	0,0;	0,0;	0,0;	0,0;	0,0;	0,0;	0,0;	0,0;	0,0;	0,0;	0,0;	0,0;	0,0;	0,0;	0,0;	0,0;	0,0;	0,0;	0,0;	0,0;	0,0;	0,0;	0,0;	0,0;	0,0;	0,0;	0,0;	0,0;	0,0
8;	-7;	6;	1,03;	96,06;	95,65;	95,47;	95,17;	92,18;	91,21;	90,23;	86,8;	84,18;	81,81;	81,04;	79,5;	76,54;	66,25;	63,11;	60,78;	57,16;	52,55;	52,39;	51,86;	47,37;	46,48;	44,36;	38,55;	37,2;	36,92;	30,83;	25,22;	22,52;	22,19;	22,02;	21,51;	18,69;	16,25;	13,01;	12,47;	11,11;	0,71;	0;	0;	0;	0;	0;	0;	0;	0;	0;	0;	0;	0;	0;	0;	0;	0;	0;	0;	0;	0;	0;	0;	0;	0;	0;	0;	0;	0;	0;	0;	0;	0;	0;	0;	0;	0;	0;	0;	0;	0;	0;	0;	0;	0;	0;	0;	0;	0;	0;	0;	0;	0;	0;	0;	0;	0;	0;	0;	0;	0;	0;	0;	0
9;	-6;	6;	1,05;	96,17;	95,77;	93,73;	91,22;	87,66;	85,49;	84,97;	84,8;	83,68;	76,97;	75,27;	74,0;	68,61;	67,3;	64,26;	63,46;	61,82;	56,08;	52,4;	47,56;	46,99;	45,54;	43,07;	39,3;	38,92;	37,1;	36,74;	34,86;	32,05;	30,79;	27,28;	16,47;	6,7;	3,19;	0,45;	0;	0;	0;	0;	0;	0;	0;	0;	0;	0;	0;	0;	0;	0;	0;	0;	0;	0;	0;	0;	0;	0;	0;	0;	0;	0;	0;	0;	0;	0;	0;	0;	0;	0;	0;	0;	0;	0;	0;	0;	0;	0;	0;	0;	0;	0;	0;	0;	0;	0;	0;	0;	0;	0;	0;	0;	0;	0;	0;	0;	0;	0;	0;	0;	0;	0
10;	-19;	6;	1,0;	75,0;	74,84;	74,32;	73,01;	68,63;	67,48;	66,02;	61,93;	56,49;	51,2;	50,56;	48,96;	42,51;	41,52;	40,64;	37,49;	37,31;	33,61;	28,86;	24,23;	21,35;	17,97;	17,44;	16,36;	10,17;	3,61;	0;	0;	0;	0;	0;	0;	0;	0;	0;	0;	0;	0;	0;	0;	0;	0;	0;	0;	0;	0;	0;	0;	0;	0;	0;	0;	0;	0;	0;	0;	0;	0;	0;	0;	0;	0;	0;	0;	0;	0;	0;	0;	0;	0;	0;	0;	0;	0;	0;	0;	0;	0;	0;	0;	0;	0;	0;	0;	0;	0;	0;	0;	0;	0;	0;	0;	0;	0;	0;	0;	0;	0;	0;	0;	0
11;	4;	6;	1,03;	nan;	nan;	nan;	nan;	100,0;	99,67;	99,24;	97,73;	97,03;	96,94;	95,37;	95,12;	92,39;	92,1;	91,62;	86,42;	85,37;	85,21;	83,12;	82,21;	82,03;	81,82;	80,22;	79,63;	76,54;	75,94;	72,92;	69,96;	68,43;	65,79;	64,04;	60,52;	55,7;	54,27;	54,1;	48,49;	47,07;	46,5;	44,42;	38,17;	37,08;	34,64;	33,1;	31,09;	28,69;	24,91;	21,3;	20,31;	15,56;	15,01;	9,34;	3,5;	3,35;	1,4;	0,0;	0,0;	0,0;	0,0;	0,0;	0,0;	0,0;	0,0;	0,0;	0,0;	0,0;	0,0;	0,0;	0,0;	0,0;	0,0;	0,0;	0,0;	0,0;	0,0;	0,0;	0,0;	0,0;	0,0;	0,0;	0,0;	0,0;	0,0;	0,0;	0,0;	0,0;	0,0;	0,0;	0,0;	0,0;	0,0;	0,0;	0,0;	0,0;	0,0;	0,0;	0,0;	0,0;	0,0;	0,0;	0,0;	0,0
12;	27;	6;	1,0;	nan;	nan;	nan;	nan;	nan;	nan;	nan;	nan;	nan;	nan;	nan;	nan;	nan;	nan;	nan;	nan;	nan;	nan;	nan;	nan;	nan;	nan;	nan;	nan;	nan;	nan;	nan;	100,0;	99,99;	99,7;	98,67;	98,07;	98,02;	96,54;	94,03;	92,19;	91,38;	90,19;	85,84;	83,96;	79,0;	78,73;	78,09;	71,18;	66,74;	63,93;	58,22;	54,97;	53,9;	52,01;	49,12;	47,31;	47,26;	38,08;	33,95;	31,3;	31,26;	30,03;	25,35;	21,16;	17,72;	10,64;	0,02;	0,0;	0,0;	0,0;	0,0;	0,0;	0,0;	0,0;	0,0;	0,0;	0,0;	0,0;	0,0;	0,0;	0,0;	0,0;	0,0;	0,0;	0,0;	0,0;	0,0;	0,0;	0,0;	0,0;	0,0;	0,0;	0,0;	0,0;	0,0;	0,0;	0,0;	0,0;	0,0;	0,0;	0,0;	0,0;	0,0;	0,0;	0,0
13;	17;	6;	0,97;	nan;	nan;	nan;	nan;	nan;	nan;	nan;	nan;	nan;	nan;	nan;	nan;	nan;	nan;	nan;	nan;	nan;	100,0;	99,96;	99,73;	99,18;	99,09;	98,92;	95,82;	95,28;	94,68;	92,6;	89,46;	88,18;	86,31;	84,75;	82,12;	80,34;	79,35;	78,02;	76,44;	75,74;	74,43;	70,14;	67,47;	60,44;	59,29;	52,78;	50,22;	48,88;	45,95;	44,27;	37,29;	34,8;	31,35;	27,48;	25,68;	19,33;	12,06;	10,12;	6,67;	4,12;	3,48;	3,26;	0,0;	0,0;	0,0;	0,0;	0,0;	0,0;	0,0;	0,0;	0,0;	0,0;	0,0;	0,0;	0,0;	0,0;	0,0;	0,0;	0,0;	0,0;	0,0;	0,0;	0,0;	0,0;	0,0;	0,0;	0,0;	0,0;	0,0;	0,0;	0,0;	0,0;	0,0;	0,0;	0,0;	0,0;	0,0;	0,0;	0,0;	0,0;	0,0;	0,0;	0,0;	0,0
14;	8;	6;	1,03;	nan;	nan;	nan;	nan;	nan;	nan;	nan;	nan;	100,0;	99,66;	99,36;	98,66;	98,41;	98,18;	97,87;	96,73;	95,41;	95,28;	94,85;	90,56;	90,01;	89,09;	88,79;	84,92;	80,87;	75,38;	72,72;	72,03;	70,83;	68,56;	66,7;	66,63;	60,96;	55,31;	54,45;	46,94;	45,84;	43,57;	40,22;	39,53;	38,67;	37,86;	35,75;	27,47;	25,66;	22,46;	20,36;	17,25;	15,49;	9,33;	2,94;	2,16;	0,0;	0,0;	0,0;	0,0;	0,0;	0,0;	0,0;	0,0;	0,0;	0,0;	0,0;	0,0;	0,0;	0,0;	0,0;	0,0;	0,0;	0,0;	0,0;	0,0;	0,0;	0,0;	0,0;	0,0;	0,0;	0,0;	0,0;	0,0;	0,0;	0,0;	0,0;	0,0;	0,0;	0,0;	0,0;	0,0;	0,0;	0,0;	0,0;	0,0;	0,0;	0,0;	0,0;	0,0;	0,0;	0,0;	0,0;	0,0;	0,0
15;	5;	6;	0,97;	nan;	nan;	nan;	nan;	nan;	100,0;	99,98;	99,67;	98,93;	98,41;	98,07;	96,63;	94,35;	92,64;	91,17;	87,7;	87,03;	84,94;	83,22;	82,27;	79,64;	76,37;	76,0;	71,63;	70,88;	70,7;	67,39;	65,96;	65,45;	63,75;	56,2;	55,43;	53,26;	48,88;	45,31;	45,12;	42,1;	38,09;	36,88;	35,66;	31,19;	29,61;	28,15;	20,05;	19,36;	17,94;	16,58;	11,86;	7,02;	5,66;	4,98;	0,0;	0,0;	0,0;	0,0;	0,0;	0,0;	0,0;	0,0;	0,0;	0,0;	0,0;	0,0;	0,0;	0,0;	0,0;	0,0;	0,0;	0,0;	0,0;	0,0;	0,0;	0,0;	0,0;	0,0;	0,0;	0,0;	0,0;	0,0;	0,0;	0,0;	0,0;	0,0;	0,0;	0,0;	0,0;	0,0;	0,0;	0,0;	0,0;	0,0;	0,0;	0,0;	0,0;	0,0;	0,0;	0,0;	0,0;	0,0;	0,0;	0,0
16;	0;	6;	1,0;	100,0;	99,68;	99,38;	98,78;	97,22;	95,82;	95,08;	94,29;	94,1;	93,49;	91,61;	89,13;	87,44;	83,51;	81,38;	80,03;	78,55;	77,61;	74,02;	73,05;	67,79;	66,31;	65,25;	64,89;	57,3;	53,5;	43,8;	42,22;	36,23;	32,92;	32,34;	21,31;	19,37;	19,32;	19,07;	15,72;	14,92;	6,95;	5,11;	0;	0;	0;	0;	0;	0;	0;	0;	0;	0;	0;	0;	0;	0;	0;	0;	0;	0;	0;	0;	0;	0;	0;	0;	0;	0;	0;	0;	0;	0;	0;	0;	0;	0;	0;	0;	0;	0;	0;	0;	0;	0;	0;	0;	0;	0;	0;	0;	0;	0;	0;	0;	0;	0;	0;	0;	0;	0;	0;	0;	0;	0
17;	-5;	6;	1,02;	95,7;	93,75;	93,63;	93,49;	91,7;	90,25;	86,61;	84,79;	79,93;	77,29;	76,61;	70,79;	70,72;	69,41;	68,06;	64,98;	63,65;	60,31;	56,51;	54,38;	52,77;	52,34;	47,6;	47,07;	45,87;	37,01;	33,92;	31,64;	27,23;	20,33;	15,16;	12,48;	11,63;	9,73;	7,63;	6,94;	6,81;	3,02;	0;	0;	0;	0;	0;	0;	0;	0;	0;	0;	0;	0;	0;	0;	0;	0;	0;	0;	0;	0;	0;	0;	0;	0;	0;	0;	0;	0;	0;	0;	0;	0;	0;	0;	0;	0;	0;	0;	0;	0;	0;	0;	0;	0;	0;	0;	0;	0;	0;	0;	0;	0;	0;	0;	0;	0;	0;	0;	0;	0;	0;	0;	0
18;	0;	6;	0,92;	100,0;	99,86;	99,4;	99,11;	98,04;	97,56;	97,1;	96,56;	96,42;	95,76;	94,97;	92,84;	92,08;	91,21;	90,18;	87,75;	85,22;	82,38;	81,69;	81,08;	76,9;	75,24;	70,1;	69,76;	66,07;	64,86;	64,09;	60,94;	57,52;	56,88;	54,18;	50,16;	48,54;	44,39;	41,78;	41,65;	38,56;	35,32;	30,29;	27,43;	25,83;	23,34;	21,48;	19,73;	18,86;	14,92;	12,05;	10,68;	8,7;	6,96;	5,35;	4,93;	4,86;	1,42;	0,94;	0;	0;	0;	0;	0;	0;	0;	0;	0;	0;	0;	0;	0;	0;	0;	0;	0;	0;	0;	0;	0;	0;	0;	0;	0;	0;	0;	0;	0;	0;	0;	0;	0;	0;	0;	0;	0;	0;	0;	0;	0;	0;	0;	0;	0;	0
19;	-6;	6;	1,0;	94,98;	94,38;	92,55;	92,36;	90,1;	89,72;	89,29;	89,06;	86,69;	84,61;	82,52;	81,97;	80,84;	77,96;	76,21;	73,34;	72,06;	70,3;	69,47;	62,77;	57,69;	57,26;	54,73;	52,96;	49,52;	46,07;	43,62;	42,61;	40,16;	39,75;	34,0;	29,84;	27,66;	25,01;	21,58;	16,21;	13,56;	13,21;	10,87;	7,62;	6,98;	2,52;	0;	0;	0;	0;	0;	0;	0;	0;	0;	0;	0;	0;	0;	0;	0;	0;	0;	0;	0;	0;	0;	0;	0;	0;	0;	0;	0;	0;	0;	0;	0;	0;	0;	0;	0;	0;	0;	0;	0;	0;	0;	0;	0;	0;	0;	0;	0;	0;	0;	0;	0;	0;	0;	0;	0;	0;	0;	0;	0
20;	4;	6;	1,01;	nan;	nan;	nan;	nan;	100,0;	99,96;	99,69;	99,22;	99,21;	97,11;	96,3;	93,48;	90,62;	87,0;	85,28;	84,67;	81,57;	78,76;	78,42;	77,69;	75,36;	75,25;	73,1;	71,72;	69,12;	66,42;	63,97;	61,2;	53,14;	50,6;	46,2;	44,84;	37,87;	36,53;	30,29;	28,88;	24,17;	24,09;	20,33;	17,66;	14,93;	3,69;	0,0;	0,0;	0,0;	0,0;	0,0;	0,0;	0,0;	0,0;	0,0;	0,0;	0,0;	0,0;	0,0;	0,0;	0,0;	0,0;	0,0;	0,0;	0,0;	0,0;	0,0;	0,0;	0,0;	0,0;	0,0;	0,0;	0,0;	0,0;	0,0;	0,0;	0,0;	0,0;	0,0;	0,0;	0,0;	0,0;	0,0;	0,0;	0,0;	0,0;	0,0;	0,0;	0,0;	0,0;	0,0;	0,0;	0,0;	0,0;	0,0;	0,0;	0,0;	0,0;	0,0;	0,0;	0,0;	0,0;	0,0;	0,0;	0,0
21;	-15;	6;	0,97;	86,53;	86,16;	81,11;	79,5;	76,07;	75,07;	72,2;	66,29;	65,76;	61,79;	56,83;	55,39;	55,3;	52,26;	52,25;	49,53;	48,51;	44,28;	40,04;	36,58;	33,94;	33,3;	29,41;	25,4;	19,3;	16,55;	13,35;	8,99;	1,06;	0;	0;	0;	0;	0;	0;	0;	0;	0;	0;	0;	0;	0;	0;	0;	0;	0;	0;	0;	0;	0;	0;	0;	0;	0;	0;	0;	0;	0;	0;	0;	0;	0;	0;	0;	0;	0;	0;	0;	0;	0;	0;	0;	0;	0;	0;	0;	0;	0;	0;	0;	0;	0;	0;	0;	0;	0;	0;	0;	0;	0;	0;	0;	0;	0;	0;	0;	0;	0;	0;	0;	0
22;	4;	6;	0,93;	nan;	nan;	nan;	nan;	100,0;	99,81;	99,22;	99,0;	97,39;	95,74;	92,64;	92,32;	91,92;	91,52;	90,99;	88,71;	87,6;	86,62;	85,93;	85,85;	79,55;	76,76;	76,1;	74,7;	71,96;	69,8;	66,07;	65,04;	61,39;	59,39;	59,37;	53,32;	51,78;	51,04;	38,88;	35,55;	33,49;	31,16;	30,39;	28,0;	23,06;	20,84;	17,66;	16,1;	15,77;	13,16;	5,03;	4,51;	0,0;	0,0;	0,0;	0,0;	0,0;	0,0;	0,0;	0,0;	0,0;	0,0;	0,0;	0,0;	0,0;	0,0;	0,0;	0,0;	0,0;	0,0;	0,0;	0,0;	0,0;	0,0;	0,0;	0,0;	0,0;	0,0;	0,0;	0,0;	0,0;	0,0;	0,0;	0,0;	0,0;	0,0;	0,0;	0,0;	0,0;	0,0;	0,0;	0,0;	0,0;	0,0;	0,0;	0,0;	0,0;	0,0;	0,0;	0,0;	0,0;	0,0;	0,0;	0,0;	0,0
23;	20;	6;	1,0;	nan;	nan;	nan;	nan;	nan;	nan;	nan;	nan;	nan;	nan;	nan;	nan;	nan;	nan;	nan;	nan;	nan;	nan;	nan;	nan;	100,0;	99,85;	99,7;	99,27;	98,34;	96,3;	95,34;	95,13;	94,31;	92,62;	91,49;	90,63;	88,3;	85,83;	81,92;	80,49;	79,48;	76,04;	74,44;	71,27;	70,59;	64,99;	63,92;	61,34;	61,2;	57,99;	56,17;	54,95;	51,76;	50,93;	49,36;	41,48;	36,22;	34,16;	32,62;	28,59;	27,53;	16,58;	13,8;	8,91;	5,83;	3,48;	0,0;	0,0;	0,0;	0,0;	0,0;	0,0;	0,0;	0,0;	0,0;	0,0;	0,0;	0,0;	0,0;	0,0;	0,0;	0,0;	0,0;	0,0;	0,0;	0,0;	0,0;	0,0;	0,0;	0,0;	0,0;	0,0;	0,0;	0,0;	0,0;	0,0;	0,0;	0,0;	0,0;	0,0;	0,0;	0,0;	0,0;	0,0;	0,0
24;	19;	6;	1,11;	nan;	nan;	nan;	nan;	nan;	nan;	nan;	nan;	nan;	nan;	nan;	nan;	nan;	nan;	nan;	nan;	nan;	nan;	nan;	100,0;	99,97;	99,92;	99,53;	97,99;	97,96;	97,45;	97,01;	96,41;	96,2;	94,33;	92,8;	89,93;	88,32;	81,36;	79,53;	76,26;	75,45;	72,52;	72,18;	66,49;	61,14;	60,92;	56,83;	48,47;	45,84;	37,12;	36,6;	32,31;	31,75;	31,01;	30,71;	28,74;	25,4;	23,14;	20,58;	16,98;	12,98;	12,94;	9,51;	7,82;	4,49;	0,0;	0,0;	0,0;	0,0;	0,0;	0,0;	0,0;	0,0;	0,0;	0,0;	0,0;	0,0;	0,0;	0,0;	0,0;	0,0;	0,0;	0,0;	0,0;	0,0;	0,0;	0,0;	0,0;	0,0;	0,0;	0,0;	0,0;	0,0;	0,0;	0,0;	0,0;	0,0;	0,0;	0,0;	0,0;	0,0;	0,0;	0,0;	0,0;	0,0
