0;	3;	6;	0,98;	nan;	nan;	nan;	100,0;	99,89;	99,73;	99,43;	99,4;	99,33;	98,74;	98,52;	97,72;	94,11;	91,03;	90,86;	89,28;	87,34;	87,14;	84,04;	78,33;	74,36;	70,48;	68,26;	66,67;	64,39;	64,0;	58,35;	55,52;	54,85;	51,12;	49,46;	47,56;	46,44;	44,51;	41,76;	38,35;	38,32;	31,81;	31,54;	30,77;	28,3;	26,77;	23,39;	20,77;	13,85;	8,25;	0,0;	0,0;	0,0;	0,0;	0,0;	0,0;	0,0;	0,0;	0,0;	0,0;	0,0;	0,0;	0,0;	0,0;	0,0;	0,0;	0,0;	0,0;	0,0;	0,0;	0,0;	0,0;	0,0;	0,0;	0,0;	0,0;	0,0;	0,0;	0,0;	0,0;	0,0;	0,0;	0,0;	0,0;	0,0;	0,0;	0,0;	0,0;	0,0;	0,0;	0,0;	0,0;	0,0;	0,0;	0,0;	0,0;	0,0;	0,0;	0,0;	0,0;	0,0;	0,0;	0,0;	0,0;	0,0
1;	-13;	6;	1,05;	83,82;	82,75;	81,96;	77,25;	76,36;	72,64;	64,81;	55,65;	55,27;	53,22;	50,35;	42,94;	40,63;	33,91;	32,48;	28,08;	24,17;	20,67;	20,24;	17,67;	11,5;	9,42;	0,66;	0;	0;	0;	0;	0;	0;	0;	0;	0;	0;	0;	0;	0;	0;	0;	0;	0;	0;	0;	0;	0;	0;	0;	0;	0;	0;	0;	0;	0;	0;	0;	0;	0;	0;	0;	0;	0;	0;	0;	0;	0;	0;	0;	0;	0;	0;	0;	0;	0;	0;	0;	0;	0;	0;	0;	0;	0;	0;	0;	0;	0;	0;	0;	0;	0;	0;	0;	0;	0;	0;	0;	0;	0;	0;	0;	0;	0;	0
2;	-10;	6;	1,02;	93,77;	92,63;	91,23;	90,4;	88,89;	84,66;	83,87;	81,19;	80,33;	78,97;	74,62;	72,59;	68,15;	65,26;	65,0;	58,28;	57,71;	48,76;	48,27;	48,14;	39,92;	33,88;	32,96;	31,55;	30,0;	29,13;	28,66;	27,63;	20,58;	15,65;	2,7;	1,98;	0;	0;	0;	0;	0;	0;	0;	0;	0;	0;	0;	0;	0;	0;	0;	0;	0;	0;	0;	0;	0;	0;	0;	0;	0;	0;	0;	0;	0;	0;	0;	0;	0;	0;	0;	0;	0;	0;	0;	0;	0;	0;	0;	0;	0;	0;	0;	0;	0;	0;	0;	0;	0;	0;	0;	0;	0;	0;	0;	0;	0;	0;	0;	0;	0;	0;	0;	0;	0
3;	0;	6;	1,03;	100,0;	99,64;	98,97;	98,39;	97,96;	96,42;	95,75;	94,03;	93,31;	92,05;	91,42;	91,04;	89,92;	86,98;	85,75;	85,22;	81,53;	75,07;	74,07;	68,6;	65,92;	64,99;	64,23;	63,23;	59,91;	55,38;	52,7;	49,66;	48,13;	43,3;	40,97;	31,64;	30,63;	26,87;	26,73;	24,77;	17,07;	15,05;	14,0;	11,08;	6,44;	2,41;	0;	0;	0;	0;	0;	0;	0;	0;	0;	0;	0;	0;	0;	0;	0;	0;	0;	0;	0;	0;	0;	0;	0;	0;	0;	0;	0;	0;	0;	0;	0;	0;	0;	0;	0;	0;	0;	0;	0;	0;	0;	0;	0;	0;	0;	0;	0;	0;	0;	0;	0;	0;	0;	0;	0;	0;	0;	0;	0
4;	9;	6;	0,97;	nan;	nan;	nan;	nan;	nan;	nan;	nan;	nan;	nan;	100,0;	99,91;	99,52;	98,74;	98,73;	96,53;	96,15;	96,09;	94,68;	94,51;	93,3;	92,08;	90,03;	88,7;	88,14;	85,6;	80,05;	79,14;	79,03;	76,05;	72,36;	66,07;	63,36;	60,77;	60,4;	59,1;	58,17;	53,17;	47,3;	46,85;	41,1;	40,74;	40,21;	39,49;	36,28;	33,5;	25,38;	25,15;	17,74;	14,37;	6,3;	4,0;	3,66;	0,0;	0,0;	0,0;	0,0;	0,0;	0,0;	0,0;	0,0;	0,0;	0,0;	0,0;	0,0;	0,0;	0,0;	0,0;	0,0;	0,0;	0,0;	0,0;	0,0;	0,0;	0,0;	0,0;	0,0;	0,0;	0,0;	0,0;	0,0;	0,0;	0,0;	0,0;	0,0;	0,0;	0,0;	0,0;	0,0;	0,0;	0,0;	0,0;	0,0;	0,0;	0,0;	0,0;	0,0;	0,0;	0,0;	0,0;	0,0;	0,0
5;	-13;	6;	1,01;	87,01;	86,31;	86,04;	84,65;	79,11;	78,22;	76,87;	73,1;	72,65;	69,25;	65,89;	65,43;	61,34;	56,4;	55,98;	47,81;	45,35;	45,19;	45,16;	43,74;	43,55;	35,16;	33,73;	32,54;	24,83;	23,13;	19,14;	13,48;	5,9;	0;	0;	0;	0;	0;	0;	0;	0;	0;	0;	0;	0;	0;	0;	0;	0;	0;	0;	0;	0;	0;	0;	0;	0;	0;	0;	0;	0;	0;	0;	0;	0;	0;	0;	0;	0;	0;	0;	0;	0;	0;	0;	0;	0;	0;	0;	0;	0;	0;	0;	0;	0;	0;	0;	0;	0;	0;	0;	0;	0;	0;	0;	0;	0;	0;	0;	0;	0;	0;	0;	0;	0
6;	-8;	6;	1,06;	95,44;	95,17;	94,52;	94,27;	90,89;	88,97;	88,87;	86,82;	85,5;	82,63;	82,51;	76,97;	74,48;	71,4;	70,45;	65,0;	63,63;	62,69;	57,86;	56,17;	53,08;	48,52;	45,63;	43,48;	39,85;	38,3;	35,97;	35,38;	30,74;	30,32;	25,0;	22,5;	21,56;	13,48;	11,74;	11,31;	8,19;	6,49;	1,36;	0,54;	0;	0;	0;	0;	0;	0;	0;	0;	0;	0;	0;	0;	0;	0;	0;	0;	0;	0;	0;	0;	0;	0;	0;	0;	0;	0;	0;	0;	0;	0;	0;	0;	0;	0;	0;	0;	0;	0;	0;	0;	0;	0;	0;	0;	0;	0;	0;	0;	0;	0;	0;	0;	0;	0;	0;	0;	0;	0;	0;	0;	0
7;	-15;	6;	0,94;	83,95;	82,07;	77,06;	70,08;	67,6;	65,74;	59,42;	58,88;	54,7;	53,16;	52,42;	50,56;	49,86;	47,37;	43,5;	42,56;	35,88;	35,34;	31,48;	24,92;	20,2;	20,13;	20,03;	17,53;	14,14;	13,96;	10,51;	1,55;	0,27;	0;	0;	0;	0;	0;	0;	0;	0;	0;	0;	0;	0;	0;	0;	0;	0;	0;	0;	0;	0;	0;	0;	0;	0;	0;	0;	0;	0;	0;	0;	0;	0;	0;	0;	0;	0;	0;	0;	0;	0;	0;	0;	0;	0;	0;	0;	0;	0;	0;	0;	0;	0;	0;	0;	0;	0;	0;	0;	0;	0;	0;	0;	0;	0;	0;	0;	0;	0;	0;	0;	0;	0
8;	-1;	6;	1,02;	99,76;	98,31;	98,31;	98,2;	97,16;	97,1;	96,06;	94,57;	94,29;	90,9;	89,27;	88,83;	86,92;	86,14;	85,89;	81,88;	79,73;	75,18;	73,43;	71,14;	68,24;	65,97;	64,18;	63,25;	56,18;	52,12;	45,21;	39,29;	33,38;	29,06;	27,73;	26,93;	24,33;	23,21;	19,79;	18,35;	16,3;	11,15;	6,87;	0,21;	0;	0;	0;	0;	0;	0;	0;	0;	0;	0;	0;	0;	0;	0;	0;	0;	0;	0;	0;	0;	0;	0;	0;	0;	0;	0;	0;	0;	0;	0;	0;	0;	0;	0;	0;	0;	0;	0;	0;	0;	0;	0;	0;	0;	0;	0;	0;	0;	0;	0;	0;	0;	0;	0;	0;	0;	0;	0;	0;	0;	0
9;	-7;	6;	1,05;	94,72;	94,56;	93,86;	91,27;	87,11;	85,23;	82,25;	76,21;	71,81;	71,29;	68,76;	64,84;	59,54;	59,45;	56,22;	54,98;	54,46;	54,02;	52,01;	46,46;	44,44;	43,13;	39,35;	37,68;	35,4;	28,53;	25,82;	25,81;	22,17;	17,22;	16,77;	14,85;	12,47;	6,82;	0;	0;	0;	0;	0;	0;	0;	0;	0;	0;	0;	0;	0;	0;	0;	0;	0;	0;	0;	0;	0;	0;	0;	0;	0;	0;	0;	0;	0;	0;	0;	0;	0;	0;	0;	0;	0;	0;	0;	0;	0;	0;	0;	0;	0;	0;	0;	0;	0;	0;	0;	0;	0;	0;	0;	0;	0;	0;	0;	0;	0;	0;	0;	0;	0;	0;	0
10;	4;	6;	1,0;	nan;	nan;	nan;	nan;	100,0;	99,74;	99,5;	99,29;	99,27;	98,93;	98,09;	97,71;	96,04;	95,34;	93,73;	93,07;	90,24;	88,85;	87,91;	87,52;	86,87;	83,72;	82,6;	78,67;	78,53;	71,67;	70,3;	66,09;	61,47;	59,69;	57,95;	56,6;	51,01;	45,94;	45,59;	43,18;	36,92;	33,72;	24,53;	23,36;	22,01;	17,47;	16,31;	10,18;	8,3;	7,65;	0,2;	0,0;	0,0;	0,0;	0,0;	0,0;	0,0;	0,0;	0,0;	0,0;	0,0;	0,0;	0,0;	0,0;	0,0;	0,0;	0,0;	0,0;	0,0;	0,0;	0,0;	0,0;	0,0;	0,0;	0,0;	0,0;	0,0;	0,0;	0,0;	0,0;	0,0;	0,0;	0,0;	0,0;	0,0;	0,0;	0,0;	0,0;	0,0;	0,0;	0,0;	0,0;	0,0;	0,0;	0,0;	0,0;	0,0;	0,0;	0,0;	0,0;	0,0;	0,0;	0,0;	0,0;	0,0
11;	-17;	6;	1,0;	73,14;	69,62;	68,57;	67,97;	63,21;	60,23;	53,39;	52,6;	51,11;	49,99;	45,77;	45,27;	43,01;	38,84;	37,23;	36,19;	32,61;	26,29;	24,26;	24,02;	23,4;	22,57;	19,94;	15,69;	14,85;	9,63;	6,4;	0,13;	0;	0;	0;	0;	0;	0;	0;	0;	0;	0;	0;	0;	0;	0;	0;	0;	0;	0;	0;	0;	0;	0;	0;	0;	0;	0;	0;	0;	0;	0;	0;	0;	0;	0;	0;	0;	0;	0;	0;	0;	0;	0;	0;	0;	0;	0;	0;	0;	0;	0;	0;	0;	0;	0;	0;	0;	0;	0;	0;	0;	0;	0;	0;	0;	0;	0;	0;	0;	0;	0;	0;	0;	0
12;	0;	6;	1,0;	100,0;	99,84;	99,69;	99,25;	97,69;	96,62;	95,76;	95,1;	93,28;	91,35;	90,57;	90,45;	82,43;	81,6;	81,16;	77,36;	75,45;	72,59;	72,55;	68,53;	67,73;	66,27;	66,1;	64,93;	61,87;	58,71;	55,14;	53,19;	48,88;	47,98;	47,45;	45,02;	40,41;	34,61;	29,03;	23,21;	17,03;	12,07;	8,53;	6,87;	5,2;	3,19;	0;	0;	0;	0;	0;	0;	0;	0;	0;	0;	0;	0;	0;	0;	0;	0;	0;	0;	0;	0;	0;	0;	0;	0;	0;	0;	0;	0;	0;	0;	0;	0;	0;	0;	0;	0;	0;	0;	0;	0;	0;	0;	0;	0;	0;	0;	0;	0;	0;	0;	0;	0;	0;	0;	0;	0;	0;	0;	0
13;	0;	6;	0,94;	100,0;	99,87;	99,51;	99,16;	98,43;	97,5;	96,91;	95,51;	94,89;	94,31;	92,81;	90,78;	87,14;	86,31;	81,38;	75,75;	75,13;	73,53;	72,02;	71,4;	68,43;	64,69;	62,1;	59,67;	54,76;	51,22;	50,63;	49,36;	49,27;	49,13;	43,67;	42,13;	41,63;	38,53;	36,78;	32,61;	29,22;	26,64;	25,65;	19,76;	19,14;	14,62;	10,08;	9,07;	7,56;	1,49;	0;	0;	0;	0;	0;	0;	0;	0;	0;	0;	0;	0;	0;	0;	0;	0;	0;	0;	0;	0;	0;	0;	0;	0;	0;	0;	0;	0;	0;	0;	0;	0;	0;	0;	0;	0;	0;	0;	0;	0;	0;	0;	0;	0;	0;	0;	0;	0;	0;	0;	0;	0;	0;	0;	0
14;	0;	6;	1,04;	100,0;	99,29;	98,88;	96,97;	96,66;	96,35;	94,57;	92,86;	92,02;	90,22;	89,83;	86,49;	85,44;	84,77;	84,13;	83,46;	81,36;	79,67;	75,9;	74,44;	73,25;	70,92;	66,43;	65,29;	64,44;	55,31;	52,24;	50,66;	50,06;	49,24;	46,94;	42,57;	38,24;	36,54;	33,74;	33,62;	28,97;	26,59;	24,49;	22,18;	21,42;	15,37;	9,25;	4,09;	3,77;	1,21;	0;	0;	0;	0;	0;	0;	0;	0;	0;	0;	0;	0;	0;	0;	0;	0;	0;	0;	0;	0;	0;	0;	0;	0;	0;	0;	0;	0;	0;	0;	0;	0;	0;	0;	0;	0;	0;	0;	0;	0;	0;	0;	0;	0;	0;	0;	0;	0;	0;	0;	0;	0;	0;	0;	0
15;	-16;	6;	0,98;	68,27;	67,22;	66,62;	65,24;	62,09;	58,18;	56,11;	56,01;	52,69;	47,81;	43,84;	43,49;	42,29;	37,89;	36,43;	35,91;	35,45;	34,05;	32,66;	30,05;	29,77;	28,11;	26,76;	20,98;	14,82;	9,96;	4,14;	1,78;	0,23;	0;	0;	0;	0;	0;	0;	0;	0;	0;	0;	0;	0;	0;	0;	0;	0;	0;	0;	0;	0;	0;	0;	0;	0;	0;	0;	0;	0;	0;	0;	0;	0;	0;	0;	0;	0;	0;	0;	0;	0;	0;	0;	0;	0;	0;	0;	0;	0;	0;	0;	0;	0;	0;	0;	0;	0;	0;	0;	0;	0;	0;	0;	0;	0;	0;	0;	0;	0;	0;	0;	0;	0
16;	-7;	6;	1,0;	94,11;	93,94;	92,12;	91,01;	90,09;	89,91;	88,02;	86,76;	86,2;	83,37;	82,86;	76,6;	72,93;	72,38;	71,89;	67,42;	66,51;	65,55;	65,31;	57,11;	54,18;	49,68;	42,0;	34,04;	32,86;	29,35;	25,25;	24,14;	20,76;	15,53;	10,85;	8,62;	6,36;	1,58;	0;	0;	0;	0;	0;	0;	0;	0;	0;	0;	0;	0;	0;	0;	0;	0;	0;	0;	0;	0;	0;	0;	0;	0;	0;	0;	0;	0;	0;	0;	0;	0;	0;	0;	0;	0;	0;	0;	0;	0;	0;	0;	0;	0;	0;	0;	0;	0;	0;	0;	0;	0;	0;	0;	0;	0;	0;	0;	0;	0;	0;	0;	0;	0;	0;	0;	0
17;	-5;	6;	1,0;	95,88;	95,39;	94,18;	94,09;	92,67;	90,8;	87,73;	84,94;	83,81;	83,67;	81,44;	81,15;	77,13;	76,79;	74,79;	70,73;	67,61;	61,16;	56,11;	55,15;	53,21;	49,94;	48,36;	42,54;	36,58;	32,84;	29,32;	28,57;	25,85;	20,7;	19,43;	16,1;	13,3;	7,52;	6,06;	4,47;	4,43;	0;	0;	0;	0;	0;	0;	0;	0;	0;	0;	0;	0;	0;	0;	0;	0;	0;	0;	0;	0;	0;	0;	0;	0;	0;	0;	0;	0;	0;	0;	0;	0;	0;	0;	0;	0;	0;	0;	0;	0;	0;	0;	0;	0;	0;	0;	0;	0;	0;	0;	0;	0;	0;	0;	0;	0;	0;	0;	0;	0;	0;	0;	0;	0
18;	0;	6;	1,07;	100,0;	99,67;	99,66;	98,03;	97,38;	97,13;	96,56;	95,54;	92,29;	91,62;	88,76;	86,25;	84,98;	83,8;	83,47;	82,65;	81,17;	80,7;	80,48;	79,34;	78,63;	75,9;	69,19;	65,49;	63,26;	60,22;	53,17;	51,62;	49,81;	47,63;	45,58;	38,93;	37,18;	30,48;	27,93;	20,45;	20,34;	17,11;	14,55;	9,46;	2,46;	1,57;	0,7;	0;	0;	0;	0;	0;	0;	0;	0;	0;	0;	0;	0;	0;	0;	0;	0;	0;	0;	0;	0;	0;	0;	0;	0;	0;	0;	0;	0;	0;	0;	0;	0;	0;	0;	0;	0;	0;	0;	0;	0;	0;	0;	0;	0;	0;	0;	0;	0;	0;	0;	0;	0;	0;	0;	0;	0;	0;	0
19;	5;	6;	0,94;	nan;	nan;	nan;	nan;	nan;	100,0;	99,78;	99,36;	98,76;	96,96;	96,14;	95,02;	94,23;	93,47;	89,48;	87,27;	83,49;	82,94;	82,52;	80,97;	80,45;	79,12;	77,26;	73,74;	72,83;	71,78;	71,06;	68,95;	68,79;	68,6;	67,65;	63,99;	56,17;	53,58;	52,68;	49,95;	44,33;	42,68;	41,73;	37,6;	33,68;	33,35;	29,01;	25,94;	20,78;	20,27;	18,03;	14,3;	10,83;	1,75;	0,0;	0,0;	0,0;	0,0;	0,0;	0,0;	0,0;	0,0;	0,0;	0,0;	0,0;	0,0;	0,0;	0,0;	0,0;	0,0;	0,0;	0,0;	0,0;	0,0;	0,0;	0,0;	0,0;	0,0;	0,0;	0,0;	0,0;	0,0;	0,0;	0,0;	0,0;	0,0;	0,0;	0,0;	0,0;	0,0;	0,0;	0,0;	0,0;	0,0;	0,0;	0,0;	0,0;	0,0;	0,0;	0,0;	0,0;	0,0;	0,0;	0,0;	0,0
20;	-17;	6;	1,0;	73,36;	70,24;	69,12;	66,94;	63,55;	58,75;	53,35;	52,76;	46,74;	45,22;	45,18;	40,6;	38,93;	37,76;	30,09;	29,11;	27,76;	26,32;	23,45;	21,73;	14,93;	11,24;	9,25;	7,12;	0;	0;	0;	0;	0;	0;	0;	0;	0;	0;	0;	0;	0;	0;	0;	0;	0;	0;	0;	0;	0;	0;	0;	0;	0;	0;	0;	0;	0;	0;	0;	0;	0;	0;	0;	0;	0;	0;	0;	0;	0;	0;	0;	0;	0;	0;	0;	0;	0;	0;	0;	0;	0;	0;	0;	0;	0;	0;	0;	0;	0;	0;	0;	0;	0;	0;	0;	0;	0;	0;	0;	0;	0;	0;	0;	0;	0
21;	-17;	6;	1,04;	74,34;	69,4;	66,1;	64,71;	57,41;	56,14;	52,37;	52,17;	50,93;	49,65;	47,96;	41,77;	41,08;	38,17;	36,66;	36,12;	35,32;	32,86;	31,4;	24,38;	22,47;	20,84;	18,61;	17,48;	16,59;	15,53;	15,19;	14,65;	14,47;	9,74;	4,4;	0;	0;	0;	0;	0;	0;	0;	0;	0;	0;	0;	0;	0;	0;	0;	0;	0;	0;	0;	0;	0;	0;	0;	0;	0;	0;	0;	0;	0;	0;	0;	0;	0;	0;	0;	0;	0;	0;	0;	0;	0;	0;	0;	0;	0;	0;	0;	0;	0;	0;	0;	0;	0;	0;	0;	0;	0;	0;	0;	0;	0;	0;	0;	0;	0;	0;	0;	0;	0;	0
22;	-1;	6;	1,05;	99,58;	99,45;	98,55;	97,39;	96,29;	94,75;	94,4;	93,74;	93,36;	91,39;	90,34;	90,08;	88,31;	88,05;	87,04;	83,63;	83,24;	81,25;	78,72;	78,16;	74,26;	69,44;	63,92;	60,27;	53,65;	52,69;	47,38;	41,98;	36,19;	33,34;	25,92;	25,8;	22,26;	13,01;	4,81;	0,73;	0;	0;	0;	0;	0;	0;	0;	0;	0;	0;	0;	0;	0;	0;	0;	0;	0;	0;	0;	0;	0;	0;	0;	0;	0;	0;	0;	0;	0;	0;	0;	0;	0;	0;	0;	0;	0;	0;	0;	0;	0;	0;	0;	0;	0;	0;	0;	0;	0;	0;	0;	0;	0;	0;	0;	0;	0;	0;	0;	0;	0;	0;	0;	0;	0
23;	-12;	6;	1,01;	85,15;	85,01;	82,65;	80,44;	79,44;	77,71;	74,59;	73,24;	71,59;	70,68;	69,99;	65,54;	63,94;	60,59;	57,34;	57,06;	54,82;	50,72;	45,58;	43,23;	40,02;	33,65;	32,83;	31,31;	27,26;	25,08;	17,53;	16,43;	8,28;	4,95;	0;	0;	0;	0;	0;	0;	0;	0;	0;	0;	0;	0;	0;	0;	0;	0;	0;	0;	0;	0;	0;	0;	0;	0;	0;	0;	0;	0;	0;	0;	0;	0;	0;	0;	0;	0;	0;	0;	0;	0;	0;	0;	0;	0;	0;	0;	0;	0;	0;	0;	0;	0;	0;	0;	0;	0;	0;	0;	0;	0;	0;	0;	0;	0;	0;	0;	0;	0;	0;	0;	0
24;	-9;	6;	0,98;	91,13;	89,53;	87,85;	86,14;	83,53;	80,2;	78,82;	77,11;	76,97;	69,45;	65,19;	60,93;	58,59;	56,72;	51,59;	50,2;	44,9;	43,45;	40,83;	36,05;	34,58;	33,19;	31,97;	27,94;	25,24;	24,77;	23,37;	21,89;	18,15;	11,06;	10,12;	7,35;	6,75;	6,21;	5,65;	4,79;	1,59;	0;	0;	0;	0;	0;	0;	0;	0;	0;	0;	0;	0;	0;	0;	0;	0;	0;	0;	0;	0;	0;	0;	0;	0;	0;	0;	0;	0;	0;	0;	0;	0;	0;	0;	0;	0;	0;	0;	0;	0;	0;	0;	0;	0;	0;	0;	0;	0;	0;	0;	0;	0;	0;	0;	0;	0;	0;	0;	0;	0;	0;	0;	0;	0
25;	-8;	6;	1,01;	92,28;	91,75;	90,74;	90,6;	89,75;	84,83;	81,34;	77,47;	76,87;	73,67;	71,98;	70,05;	68,78;	65,64;	65,63;	61,46;	55,33;	53,46;	50,54;	43,97;	42,49;	38,95;	35,2;	25,34;	22,73;	20,47;	18,81;	17,77;	13,39;	11,53;	11,37;	7,19;	6,46;	0;	0;	0;	0;	0;	0;	0;	0;	0;	0;	0;	0;	0;	0;	0;	0;	0;	0;	0;	0;	0;	0;	0;	0;	0;	0;	0;	0;	0;	0;	0;	0;	0;	0;	0;	0;	0;	0;	0;	0;	0;	0;	0;	0;	0;	0;	0;	0;	0;	0;	0;	0;	0;	0;	0;	0;	0;	0;	0;	0;	0;	0;	0;	0;	0;	0;	0;	0
26;	-5;	6;	1,05;	96,48;	96,34;	95,16;	93,19;	92,85;	89,86;	89,66;	88,86;	88,58;	83,2;	78,32;	78,32;	76,74;	75,77;	75,11;	73,24;	72,7;	72,23;	70,14;	69,77;	68,65;	61,2;	58,19;	53,78;	52,81;	43,05;	38,78;	38,29;	30,8;	26,32;	24,54;	23,03;	16,81;	14,32;	8,23;	6,39;	5,53;	0,19;	0;	0;	0;	0;	0;	0;	0;	0;	0;	0;	0;	0;	0;	0;	0;	0;	0;	0;	0;	0;	0;	0;	0;	0;	0;	0;	0;	0;	0;	0;	0;	0;	0;	0;	0;	0;	0;	0;	0;	0;	0;	0;	0;	0;	0;	0;	0;	0;	0;	0;	0;	0;	0;	0;	0;	0;	0;	0;	0;	0;	0;	0;	0
27;	-7;	6;	0,97;	95,54;	95,17;	95,13;	94,2;	93,85;	91,03;	89,61;	86,71;	85,39;	82,16;	80,87;	78,6;	77,87;	77,4;	71,78;	65,29;	63,47;	62,85;	56,68;	55,81;	55,65;	50,83;	46,63;	46,34;	40,92;	38,17;	33,16;	29,13;	24,99;	17,96;	17,13;	9,87;	9,66;	6,06;	3,82;	0;	0;	0;	0;	0;	0;	0;	0;	0;	0;	0;	0;	0;	0;	0;	0;	0;	0;	0;	0;	0;	0;	0;	0;	0;	0;	0;	0;	0;	0;	0;	0;	0;	0;	0;	0;	0;	0;	0;	0;	0;	0;	0;	0;	0;	0;	0;	0;	0;	0;	0;	0;	0;	0;	0;	0;	0;	0;	0;	0;	0;	0;	0;	0;	0;	0
28;	9;	6;	0,99;	nan;	nan;	nan;	nan;	nan;	nan;	nan;	nan;	nan;	100,0;	99,83;	99,82;	99,18;	98,89;	97,07;	94,98;	94,4;	93,52;	91,43;	90,78;	90,03;	88,54;	88,15;	87,68;	87,0;	85,5;	85,46;	84,72;	81,73;	77,58;	76,85;	74,08;	71,06;	68,78;	66,87;	65,3;	59,43;	56,92;	53,81;	51,56;	45,2;	44,89;	42,2;	41,65;	39,96;	34,17;	34,09;	32,81;	24,2;	16,24;	13,22;	12,06;	10,29;	3,86;	2,83;	0,0;	0,0;	0,0;	0,0;	0,0;	0,0;	0,0;	0,0;	0,0;	0,0;	0,0;	0,0;	0,0;	0,0;	0,0;	0,0;	0,0;	0,0;	0,0;	0,0;	0,0;	0,0;	0,0;	0,0;	0,0;	0,0;	0,0;	0,0;	0,0;	0,0;	0,0;	0,0;	0,0;	0,0;	0,0;	0,0;	0,0;	0,0;	0,0;	0,0;	0,0;	0,0;	0,0;	0,0;	0,0;	0,0
29;	8;	6;	1,05;	nan;	nan;	nan;	nan;	nan;	nan;	nan;	nan;	100,0;	99,67;	99,48;	98,96;	96,64;	94,85;	92,4;	92,0;	90,08;	88,52;	87,88;	85,66;	85,41;	84,46;	81,57;	79,87;	75,11;	74,37;	74,09;	68,43;	66,94;	66,32;	60,53;	56,92;	55,21;	54,64;	53,36;	46,88;	46,74;	42,95;	40,33;	39,34;	37,01;	36,02;	34,5;	29,73;	23,53;	17,09;	15,96;	13,14;	8,79;	3,6;	0,42;	0,0;	0,0;	0,0;	0,0;	0,0;	0,0;	0,0;	0,0;	0,0;	0,0;	0,0;	0,0;	0,0;	0,0;	0,0;	0,0;	0,0;	0,0;	0,0;	0,0;	0,0;	0,0;	0,0;	0,0;	0,0;	0,0;	0,0;	0,0;	0,0;	0,0;	0,0;	0,0;	0,0;	0,0;	0,0;	0,0;	0,0;	0,0;	0,0;	0,0;	0,0;	0,0;	0,0;	0,0;	0,0;	0,0;	0,0;	0,0;	0,0;	0,0
30;	-5;	6;	1,0;	97,45;	95,02;	89,22;	87,17;	82,97;	82,92;	81,93;	79,06;	78,43;	77,06;	75,33;	71,97;	68,42;	65,72;	58,94;	57,07;	56,89;	56,19;	54,51;	54,38;	50,25;	49,7;	49,7;	47,17;	43,46;	43,24;	40,96;	40,7;	35,09;	33,36;	29,29;	22,21;	20,17;	17,64;	9,47;	9,02;	8,61;	5,56;	2,54;	1,37;	0,07;	0;	0;	0;	0;	0;	0;	0;	0;	0;	0;	0;	0;	0;	0;	0;	0;	0;	0;	0;	0;	0;	0;	0;	0;	0;	0;	0;	0;	0;	0;	0;	0;	0;	0;	0;	0;	0;	0;	0;	0;	0;	0;	0;	0;	0;	0;	0;	0;	0;	0;	0;	0;	0;	0;	0;	0;	0;	0;	0;	0
31;	3;	6;	0,97;	nan;	nan;	nan;	100,0;	99,97;	99,72;	99,67;	98,39;	97,97;	97,94;	97,91;	97,02;	96,33;	95,78;	95,63;	95,32;	94,1;	90,06;	88,33;	85,81;	82,65;	80,58;	78,98;	76,99;	73,45;	72,33;	70,63;	69,49;	64,15;	61,23;	56,61;	54,9;	52,67;	50,98;	45,1;	42,36;	37,01;	35,28;	30,91;	21,28;	17,53;	14,44;	11,14;	9,66;	8,3;	6,74;	0,7;	0,0;	0,0;	0,0;	0,0;	0,0;	0,0;	0,0;	0,0;	0,0;	0,0;	0,0;	0,0;	0,0;	0,0;	0,0;	0,0;	0,0;	0,0;	0,0;	0,0;	0,0;	0,0;	0,0;	0,0;	0,0;	0,0;	0,0;	0,0;	0,0;	0,0;	0,0;	0,0;	0,0;	0,0;	0,0;	0,0;	0,0;	0,0;	0,0;	0,0;	0,0;	0,0;	0,0;	0,0;	0,0;	0,0;	0,0;	0,0;	0,0;	0,0;	0,0;	0,0;	0,0;	0,0
32;	6;	6;	0,97;	nan;	nan;	nan;	nan;	nan;	nan;	100,0;	99,7;	99,36;	99,09;	98,88;	98,6;	98,42;	97,01;	95,23;	95,08;	94,92;	92,28;	91,2;	89,53;	88,98;	88,46;	86,61;	83,23;	82,67;	80,34;	79,44;	78,6;	77,11;	74,35;	73,85;	68,01;	67,62;	63,47;	60,13;	56,68;	56,29;	55,33;	52,85;	51,17;	50,83;	49,97;	43,55;	41,14;	40,17;	32,38;	30,49;	26,61;	24,23;	22,71;	21,96;	20,23;	18,97;	10,65;	3,63;	0,42;	0,0;	0,0;	0,0;	0,0;	0,0;	0,0;	0,0;	0,0;	0,0;	0,0;	0,0;	0,0;	0,0;	0,0;	0,0;	0,0;	0,0;	0,0;	0,0;	0,0;	0,0;	0,0;	0,0;	0,0;	0,0;	0,0;	0,0;	0,0;	0,0;	0,0;	0,0;	0,0;	0,0;	0,0;	0,0;	0,0;	0,0;	0,0;	0,0;	0,0;	0,0;	0,0;	0,0;	0,0;	0,0
33;	10;	6;	0,99;	nan;	nan;	nan;	nan;	nan;	nan;	nan;	nan;	nan;	nan;	100,0;	99,39;	99,16;	98,7;	98,18;	97,02;	96,38;	96,32;	95,34;	93,64;	92,74;	91,85;	89,51;	85,58;	84,51;	84,07;	83,33;	82,33;	82,14;	81,72;	80,09;	74,09;	70,23;	67,65;	59,76;	59,38;	59,0;	56,67;	53,73;	50,38;	49,08;	44,96;	42,86;	42,58;	40,16;	37,82;	35,36;	34,96;	34,08;	27,93;	21,93;	17,71;	13,68;	10,44;	6,03;	4,15;	1,87;	0,94;	0,0;	0,0;	0,0;	0,0;	0,0;	0,0;	0,0;	0,0;	0,0;	0,0;	0,0;	0,0;	0,0;	0,0;	0,0;	0,0;	0,0;	0,0;	0,0;	0,0;	0,0;	0,0;	0,0;	0,0;	0,0;	0,0;	0,0;	0,0;	0,0;	0,0;	0,0;	0,0;	0,0;	0,0;	0,0;	0,0;	0,0;	0,0;	0,0;	0,0;	0,0;	0,0;	0,0
34;	-10;	6;	0,94;	87,81;	84,24;	82,9;	81,51;	81,05;	80,1;	76,54;	72,83;	66,89;	64,87;	61,4;	59,78;	57,11;	55,17;	52,32;	49,12;	46,84;	45,38;	44,93;	42,68;	41,44;	37,86;	36,58;	35,36;	30,07;	21,31;	20,75;	17,74;	15,15;	10,65;	5,43;	2,91;	2,57;	0;	0;	0;	0;	0;	0;	0;	0;	0;	0;	0;	0;	0;	0;	0;	0;	0;	0;	0;	0;	0;	0;	0;	0;	0;	0;	0;	0;	0;	0;	0;	0;	0;	0;	0;	0;	0;	0;	0;	0;	0;	0;	0;	0;	0;	0;	0;	0;	0;	0;	0;	0;	0;	0;	0;	0;	0;	0;	0;	0;	0;	0;	0;	0;	0;	0;	0;	0
35;	13;	6;	0,98;	nan;	nan;	nan;	nan;	nan;	nan;	nan;	nan;	nan;	nan;	nan;	nan;	nan;	100,0;	99,9;	99,36;	98,64;	97,8;	96,04;	95,45;	93,84;	92,38;	92,37;	90,66;	90,61;	88,93;	88,44;	87,58;	87,48;	84,26;	82,79;	79,29;	78,8;	75,48;	74,73;	68,67;	68,19;	63,94;	58,21;	51,77;	49,61;	48,22;	47,47;	44,29;	41,12;	40,62;	34,54;	33,14;	29,77;	22,88;	20,19;	20,01;	11,55;	11,05;	9,14;	3,51;	0,0;	0,0;	0,0;	0,0;	0,0;	0,0;	0,0;	0,0;	0,0;	0,0;	0,0;	0,0;	0,0;	0,0;	0,0;	0,0;	0,0;	0,0;	0,0;	0,0;	0,0;	0,0;	0,0;	0,0;	0,0;	0,0;	0,0;	0,0;	0,0;	0,0;	0,0;	0,0;	0,0;	0,0;	0,0;	0,0;	0,0;	0,0;	0,0;	0,0;	0,0;	0,0;	0,0;	0,0;	0,0
36;	-12;	6;	1,05;	90,18;	90,09;	85,1;	83,7;	81,69;	77,64;	75,04;	74,2;	73,9;	71,18;	67,73;	60,53;	54,93;	51,75;	51,36;	42,32;	36,43;	34,06;	31,57;	26,78;	18,14;	11,82;	10,26;	8,99;	5,48;	5,34;	0;	0;	0;	0;	0;	0;	0;	0;	0;	0;	0;	0;	0;	0;	0;	0;	0;	0;	0;	0;	0;	0;	0;	0;	0;	0;	0;	0;	0;	0;	0;	0;	0;	0;	0;	0;	0;	0;	0;	0;	0;	0;	0;	0;	0;	0;	0;	0;	0;	0;	0;	0;	0;	0;	0;	0;	0;	0;	0;	0;	0;	0;	0;	0;	0;	0;	0;	0;	0;	0;	0;	0;	0;	0;	0
37;	-7;	6;	1,0;	96,28;	95,05;	91,91;	90,53;	89,64;	89,32;	84,31;	80,92;	80,27;	77,38;	76,0;	75,86;	75,84;	71,95;	70,87;	63,12;	62,16;	58,01;	54,88;	54,34;	53,88;	53,72;	50,41;	45,75;	42,57;	40,06;	37,28;	33,87;	29,85;	28,85;	25,1;	23,97;	22,99;	16,16;	14,04;	13,72;	11,3;	6,91;	6,43;	5,43;	3,76;	3,35;	0;	0;	0;	0;	0;	0;	0;	0;	0;	0;	0;	0;	0;	0;	0;	0;	0;	0;	0;	0;	0;	0;	0;	0;	0;	0;	0;	0;	0;	0;	0;	0;	0;	0;	0;	0;	0;	0;	0;	0;	0;	0;	0;	0;	0;	0;	0;	0;	0;	0;	0;	0;	0;	0;	0;	0;	0;	0;	0
38;	11;	6;	0,95;	nan;	nan;	nan;	nan;	nan;	nan;	nan;	nan;	nan;	nan;	nan;	100,0;	99,75;	98,9;	97,92;	97,4;	97,31;	95,13;	93,51;	92,69;	89,41;	88,83;	86,62;	85,53;	85,21;	81,89;	79,17;	77,81;	74,81;	70,87;	67,48;	65,08;	60,23;	59,39;	58,44;	53,49;	52,87;	49,46;	48,74;	48,6;	45,24;	38,4;	37,79;	36,33;	35,5;	22,92;	19,95;	15,34;	9,64;	7,19;	3,91;	0,0;	0,0;	0,0;	0,0;	0,0;	0,0;	0,0;	0,0;	0,0;	0,0;	0,0;	0,0;	0,0;	0,0;	0,0;	0,0;	0,0;	0,0;	0,0;	0,0;	0,0;	0,0;	0,0;	0,0;	0,0;	0,0;	0,0;	0,0;	0,0;	0,0;	0,0;	0,0;	0,0;	0,0;	0,0;	0,0;	0,0;	0,0;	0,0;	0,0;	0,0;	0,0;	0,0;	0,0;	0,0;	0,0;	0,0;	0,0;	0,0;	0,0
39;	0;	6;	0,98;	100,0;	99,97;	99,73;	99,54;	98,17;	96,13;	95,98;	93,12;	92,34;	90,8;	90,03;	89,55;	86,65;	84,68;	82,83;	81,74;	80,13;	76,9;	75,02;	72,0;	65,88;	58,88;	55,55;	53,45;	50,48;	44,85;	42,88;	41,11;	39,72;	39,3;	38,99;	37,68;	36,76;	34,97;	32,4;	29,48;	24,01;	20,28;	17,73;	15,59;	13,75;	12,09;	4,98;	3,41;	0;	0;	0;	0;	0;	0;	0;	0;	0;	0;	0;	0;	0;	0;	0;	0;	0;	0;	0;	0;	0;	0;	0;	0;	0;	0;	0;	0;	0;	0;	0;	0;	0;	0;	0;	0;	0;	0;	0;	0;	0;	0;	0;	0;	0;	0;	0;	0;	0;	0;	0;	0;	0;	0;	0;	0;	0
40;	11;	6;	1,03;	nan;	nan;	nan;	nan;	nan;	nan;	nan;	nan;	nan;	nan;	nan;	100,0;	99,64;	99,13;	98,25;	97,73;	97,48;	97,3;	96,44;	94,22;	92,95;	91,75;	91,6;	88,15;	86,02;	85,64;	83,16;	79,65;	77,19;	75,73;	74,42;	72,56;	67,9;	67,74;	60,57;	55,71;	53,37;	52,18;	47,63;	42,37;	36,71;	35,72;	35,3;	28,74;	23,22;	19,35;	18,85;	18,11;	17,5;	11,43;	8,57;	6,24;	4,49;	1,39;	0,0;	0,0;	0,0;	0,0;	0,0;	0,0;	0,0;	0,0;	0,0;	0,0;	0,0;	0,0;	0,0;	0,0;	0,0;	0,0;	0,0;	0,0;	0,0;	0,0;	0,0;	0,0;	0,0;	0,0;	0,0;	0,0;	0,0;	0,0;	0,0;	0,0;	0,0;	0,0;	0,0;	0,0;	0,0;	0,0;	0,0;	0,0;	0,0;	0,0;	0,0;	0,0;	0,0;	0,0;	0,0;	0,0;	0,0
41;	7;	6;	1,04;	nan;	nan;	nan;	nan;	nan;	nan;	nan;	100,0;	99,92;	99,44;	98,97;	98,84;	97,6;	96,05;	94,99;	94,62;	90,48;	90,12;	87,02;	85,56;	82,9;	81,82;	81,09;	76,67;	76,63;	70,77;	66,01;	60,95;	60,52;	59,86;	56,59;	48,12;	44,19;	38,15;	31,63;	26,33;	22,39;	19,37;	16,48;	16,03;	10,13;	3,99;	3,96;	1,69;	0,0;	0,0;	0,0;	0,0;	0,0;	0,0;	0,0;	0,0;	0,0;	0,0;	0,0;	0,0;	0,0;	0,0;	0,0;	0,0;	0,0;	0,0;	0,0;	0,0;	0,0;	0,0;	0,0;	0,0;	0,0;	0,0;	0,0;	0,0;	0,0;	0,0;	0,0;	0,0;	0,0;	0,0;	0,0;	0,0;	0,0;	0,0;	0,0;	0,0;	0,0;	0,0;	0,0;	0,0;	0,0;	0,0;	0,0;	0,0;	0,0;	0,0;	0,0;	0,0;	0,0;	0,0;	0,0;	0,0;	0,0
42;	0;	6;	1,0;	100,0;	99,79;	98,82;	98,24;	97,74;	96,92;	95,64;	94,99;	93,47;	90,93;	89,8;	89,13;	87,36;	85,18;	83,16;	81,09;	80,25;	79,81;	76,84;	71,26;	70,17;	68,46;	64,32;	62,24;	58,14;	53,47;	44,88;	43,1;	40,43;	36,17;	35,21;	24,39;	23,73;	19,45;	15,14;	13,15;	10,46;	8,37;	5,21;	0,76;	0;	0;	0;	0;	0;	0;	0;	0;	0;	0;	0;	0;	0;	0;	0;	0;	0;	0;	0;	0;	0;	0;	0;	0;	0;	0;	0;	0;	0;	0;	0;	0;	0;	0;	0;	0;	0;	0;	0;	0;	0;	0;	0;	0;	0;	0;	0;	0;	0;	0;	0;	0;	0;	0;	0;	0;	0;	0;	0;	0;	0
43;	11;	6;	0,97;	nan;	nan;	nan;	nan;	nan;	nan;	nan;	nan;	nan;	nan;	nan;	100,0;	99,52;	99,25;	99,23;	98,74;	98,41;	97,99;	96,08;	93,1;	91,57;	89,01;	87,01;	85,36;	84,39;	83,16;	79,71;	79,27;	74,59;	72,32;	71,87;	71,6;	66,23;	64,57;	64,3;	62,94;	57,14;	55,5;	53,2;	47,3;	41,22;	37,96;	36,6;	31,84;	29,5;	29,41;	28,55;	23,09;	19,87;	16,2;	12,15;	7,32;	6,05;	0,7;	0,0;	0,0;	0,0;	0,0;	0,0;	0,0;	0,0;	0,0;	0,0;	0,0;	0,0;	0,0;	0,0;	0,0;	0,0;	0,0;	0,0;	0,0;	0,0;	0,0;	0,0;	0,0;	0,0;	0,0;	0,0;	0,0;	0,0;	0,0;	0,0;	0,0;	0,0;	0,0;	0,0;	0,0;	0,0;	0,0;	0,0;	0,0;	0,0;	0,0;	0,0;	0,0;	0,0;	0,0;	0,0;	0,0;	0,0
44;	5;	6;	0,94;	nan;	nan;	nan;	nan;	nan;	100,0;	99,96;	99,55;	99,35;	98,01;	97,84;	97,0;	96,05;	94,44;	92,88;	88,84;	86,07;	81,48;	80,54;	76,0;	72,65;	71,02;	69,61;	69,09;	65,82;	63,44;	59,54;	55,79;	52,96;	48,87;	45,85;	42,78;	42,07;	38,63;	32,98;	32,26;	30,33;	30,17;	26,87;	23,79;	22,36;	21,62;	16,56;	12,4;	12,33;	8,32;	3,32;	2,39;	1,95;	0,79;	0,0;	0,0;	0,0;	0,0;	0,0;	0,0;	0,0;	0,0;	0,0;	0,0;	0,0;	0,0;	0,0;	0,0;	0,0;	0,0;	0,0;	0,0;	0,0;	0,0;	0,0;	0,0;	0,0;	0,0;	0,0;	0,0;	0,0;	0,0;	0,0;	0,0;	0,0;	0,0;	0,0;	0,0;	0,0;	0,0;	0,0;	0,0;	0,0;	0,0;	0,0;	0,0;	0,0;	0,0;	0,0;	0,0;	0,0;	0,0;	0,0;	0,0;	0,0
45;	-4;	6;	0,95;	98,68;	98,19;	96,31;	92,97;	91,38;	90,98;	88,13;	87,31;	87,17;	86,57;	85,17;	83,05;	81,74;	81,37;	80,56;	79,34;	74,28;	71,91;	69,59;	64,86;	60,19;	58,78;	52,67;	48,05;	39,99;	38,78;	36,68;	35,13;	34,02;	26,31;	24,82;	20,68;	17,63;	15,63;	13,18;	7,35;	5,54;	2,8;	0;	0;	0;	0;	0;	0;	0;	0;	0;	0;	0;	0;	0;	0;	0;	0;	0;	0;	0;	0;	0;	0;	0;	0;	0;	0;	0;	0;	0;	0;	0;	0;	0;	0;	0;	0;	0;	0;	0;	0;	0;	0;	0;	0;	0;	0;	0;	0;	0;	0;	0;	0;	0;	0;	0;	0;	0;	0;	0;	0;	0;	0;	0
46;	-8;	6;	0,99;	95,28;	94,27;	90,67;	88,65;	86,9;	86,88;	81,98;	81,51;	73,61;	71,35;	69,1;	63,98;	63,6;	55,9;	47,43;	45,82;	44,01;	42,56;	36,96;	32,03;	27,5;	18,95;	18,94;	18,82;	15,27;	13,98;	12,52;	12,16;	7,98;	6,29;	3,67;	0;	0;	0;	0;	0;	0;	0;	0;	0;	0;	0;	0;	0;	0;	0;	0;	0;	0;	0;	0;	0;	0;	0;	0;	0;	0;	0;	0;	0;	0;	0;	0;	0;	0;	0;	0;	0;	0;	0;	0;	0;	0;	0;	0;	0;	0;	0;	0;	0;	0;	0;	0;	0;	0;	0;	0;	0;	0;	0;	0;	0;	0;	0;	0;	0;	0;	0;	0;	0;	0
47;	-11;	6;	1,01;	91,52;	87,95;	87,51;	86,01;	84,64;	84,53;	80,78;	75,89;	71,64;	68,8;	67,07;	61,21;	60,26;	56,67;	56,64;	53,53;	52,4;	52,37;	50,15;	43,36;	38,4;	32,65;	26,98;	21,9;	19,65;	5,35;	0;	0;	0;	0;	0;	0;	0;	0;	0;	0;	0;	0;	0;	0;	0;	0;	0;	0;	0;	0;	0;	0;	0;	0;	0;	0;	0;	0;	0;	0;	0;	0;	0;	0;	0;	0;	0;	0;	0;	0;	0;	0;	0;	0;	0;	0;	0;	0;	0;	0;	0;	0;	0;	0;	0;	0;	0;	0;	0;	0;	0;	0;	0;	0;	0;	0;	0;	0;	0;	0;	0;	0;	0;	0;	0
48;	-11;	6;	0,99;	91,02;	89,1;	87,98;	86,46;	83,52;	80,26;	79,14;	76,51;	71,17;	68,59;	66,1;	65,14;	64,9;	58,36;	53,08;	48,29;	40,53;	40,14;	38,69;	35,7;	31,2;	27,31;	23,4;	22,82;	19,04;	15,4;	11,5;	7,62;	2,27;	0;	0;	0;	0;	0;	0;	0;	0;	0;	0;	0;	0;	0;	0;	0;	0;	0;	0;	0;	0;	0;	0;	0;	0;	0;	0;	0;	0;	0;	0;	0;	0;	0;	0;	0;	0;	0;	0;	0;	0;	0;	0;	0;	0;	0;	0;	0;	0;	0;	0;	0;	0;	0;	0;	0;	0;	0;	0;	0;	0;	0;	0;	0;	0;	0;	0;	0;	0;	0;	0;	0;	0
49;	4;	6;	1,04;	nan;	nan;	nan;	nan;	100,0;	99,59;	99,42;	98,45;	98,14;	96,8;	94,5;	93,84;	92,94;	91,53;	86,5;	85,49;	83,74;	81,91;	81,21;	80,32;	79,7;	76,13;	75,27;	73,06;	69,11;	68,78;	64,58;	58,72;	57,58;	57,18;	54,49;	52,24;	50,27;	46,9;	36,71;	31,6;	30,86;	29,75;	26,11;	23,07;	17,05;	7,97;	7,3;	6,89;	5,96;	5,94;	5,61;	3,34;	0,0;	0,0;	0,0;	0,0;	0,0;	0,0;	0,0;	0,0;	0,0;	0,0;	0,0;	0,0;	0,0;	0,0;	0,0;	0,0;	0,0;	0,0;	0,0;	0,0;	0,0;	0,0;	0,0;	0,0;	0,0;	0,0;	0,0;	0,0;	0,0;	0,0;	0,0;	0,0;	0,0;	0,0;	0,0;	0,0;	0,0;	0,0;	0,0;	0,0;	0,0;	0,0;	0,0;	0,0;	0,0;	0,0;	0,0;	0,0;	0,0;	0,0;	0,0;	0,0;	0,0
