0;	-5;	6;	1,16;	96,72;	95,55;	94,99;	94,74;	93,39;	93,06;	91,63;	89,14;	83,97;	82,57;	81,2;	80,85;	74,01;	73,71;	73,37;	68,87;	65,8;	63,0;	62,59;	57,53;	53,09;	46,91;	38,82;	37,42;	34,99;	33,48;	28,13;	27,03;	24,87;	23,31;	11,79;	9,71;	7,98;	1,93;	1,2;	0;	0;	0;	0;	0;	0;	0;	0;	0;	0;	0;	0;	0;	0;	0;	0;	0;	0;	0;	0;	0;	0;	0;	0;	0;	0;	0;	0;	0;	0;	0;	0;	0;	0;	0;	0;	0;	0;	0;	0;	0;	0;	0;	0;	0;	0;	0;	0;	0;	0;	0;	0;	0;	0;	0;	0;	0;	0;	0;	0;	0;	0;	0;	0;	0;	0
1;	3;	6;	0,77;	nan;	nan;	nan;	100,0;	99,83;	99,58;	99,1;	98,85;	97,81;	96,26;	95,95;	94,71;	94,31;	94,07;	93,35;	92,98;	91,12;	89,69;	88,55;	88,5;	87,17;	86,71;	82,26;	79,67;	78,87;	77,44;	73,54;	72,23;	71,48;	69,52;	68,79;	68,27;	64,92;	64,47;	60,98;	56,59;	50,56;	50,07;	47,44;	42,23;	38,77;	34,99;	34,29;	31,65;	26,7;	22,21;	19,82;	19,36;	18,72;	17,83;	13,88;	13,85;	5,41;	2,55;	2,37;	0,0;	0,0;	0,0;	0,0;	0,0;	0,0;	0,0;	0,0;	0,0;	0,0;	0,0;	0,0;	0,0;	0,0;	0,0;	0,0;	0,0;	0,0;	0,0;	0,0;	0,0;	0,0;	0,0;	0,0;	0,0;	0,0;	0,0;	0,0;	0,0;	0,0;	0,0;	0,0;	0,0;	0,0;	0,0;	0,0;	0,0;	0,0;	0,0;	0,0;	0,0;	0,0;	0,0;	0,0;	0,0;	0,0
2;	-4;	6;	1,0;	96,98;	96,15;	94,65;	93,72;	91,81;	91,19;	89,19;	88,41;	85,57;	85,11;	80,6;	76,95;	74,53;	69,9;	68,24;	65,22;	63,7;	62,69;	55,64;	51,36;	45,45;	40,59;	39,17;	35,77;	34,82;	32,52;	23,98;	20,18;	19,16;	17,41;	7,26;	7,21;	4,73;	4,34;	1,02;	0;	0;	0;	0;	0;	0;	0;	0;	0;	0;	0;	0;	0;	0;	0;	0;	0;	0;	0;	0;	0;	0;	0;	0;	0;	0;	0;	0;	0;	0;	0;	0;	0;	0;	0;	0;	0;	0;	0;	0;	0;	0;	0;	0;	0;	0;	0;	0;	0;	0;	0;	0;	0;	0;	0;	0;	0;	0;	0;	0;	0;	0;	0;	0;	0;	0
3;	4;	6;	1,14;	nan;	nan;	nan;	nan;	100,0;	99,49;	99,48;	98,89;	97,72;	96,98;	96,38;	95,18;	94,48;	91,61;	88,97;	85,02;	82,19;	82,08;	77,74;	77,13;	77,03;	71,35;	68,99;	66,73;	64,46;	63,38;	59,54;	58,48;	50,64;	42,5;	41,07;	37,13;	36,8;	36,56;	33,24;	32,61;	27,37;	26,69;	25,32;	23,26;	19,11;	16,29;	9,19;	3,17;	0,0;	0,0;	0,0;	0,0;	0,0;	0,0;	0,0;	0,0;	0,0;	0,0;	0,0;	0,0;	0,0;	0,0;	0,0;	0,0;	0,0;	0,0;	0,0;	0,0;	0,0;	0,0;	0,0;	0,0;	0,0;	0,0;	0,0;	0,0;	0,0;	0,0;	0,0;	0,0;	0,0;	0,0;	0,0;	0,0;	0,0;	0,0;	0,0;	0,0;	0,0;	0,0;	0,0;	0,0;	0,0;	0,0;	0,0;	0,0;	0,0;	0,0;	0,0;	0,0;	0,0;	0,0;	0,0;	0,0;	0,0
4;	-8;	6;	1,14;	92,31;	91,16;	90,25;	89,69;	87,15;	86,43;	80,63;	78,24;	74,81;	72,92;	71,59;	66,53;	65,28;	63,14;	56,8;	56,32;	52,16;	51,0;	49,46;	44,6;	40,92;	36,72;	33,14;	31,51;	27,65;	21,05;	16,02;	15,82;	10,22;	0;	0;	0;	0;	0;	0;	0;	0;	0;	0;	0;	0;	0;	0;	0;	0;	0;	0;	0;	0;	0;	0;	0;	0;	0;	0;	0;	0;	0;	0;	0;	0;	0;	0;	0;	0;	0;	0;	0;	0;	0;	0;	0;	0;	0;	0;	0;	0;	0;	0;	0;	0;	0;	0;	0;	0;	0;	0;	0;	0;	0;	0;	0;	0;	0;	0;	0;	0;	0;	0;	0;	0
5;	-13;	6;	0,93;	87,93;	87,87;	86,15;	84,05;	82,38;	81,08;	76,82;	74,91;	71,1;	69,55;	66,37;	60,34;	59,83;	56,98;	56,64;	54,02;	52,23;	49,2;	45,44;	43,06;	38,76;	37,93;	37,67;	33,19;	28,94;	24,57;	23,37;	16,92;	13,93;	12,69;	9,79;	8,93;	6,87;	0,16;	0;	0;	0;	0;	0;	0;	0;	0;	0;	0;	0;	0;	0;	0;	0;	0;	0;	0;	0;	0;	0;	0;	0;	0;	0;	0;	0;	0;	0;	0;	0;	0;	0;	0;	0;	0;	0;	0;	0;	0;	0;	0;	0;	0;	0;	0;	0;	0;	0;	0;	0;	0;	0;	0;	0;	0;	0;	0;	0;	0;	0;	0;	0;	0;	0;	0;	0
6;	0;	6;	1,27;	100,0;	100,0;	99,37;	98,77;	97,89;	96,34;	95,18;	94,8;	94,53;	93,11;	91,74;	86,94;	86,05;	85,7;	83,92;	74,81;	74,4;	72,38;	69,86;	66,11;	63,05;	56,04;	46,96;	45,26;	44,11;	42,97;	40,6;	40,41;	38,24;	32,1;	25,63;	24,89;	19,19;	16,58;	10,84;	7,36;	1,44;	0;	0;	0;	0;	0;	0;	0;	0;	0;	0;	0;	0;	0;	0;	0;	0;	0;	0;	0;	0;	0;	0;	0;	0;	0;	0;	0;	0;	0;	0;	0;	0;	0;	0;	0;	0;	0;	0;	0;	0;	0;	0;	0;	0;	0;	0;	0;	0;	0;	0;	0;	0;	0;	0;	0;	0;	0;	0;	0;	0;	0;	0;	0;	0
7;	-3;	6;	0,99;	99,62;	98,89;	96,64;	96,2;	93,3;	91,46;	89,91;	89,67;	89,44;	87,89;	86,85;	85,0;	83,33;	79,67;	79,0;	78,11;	73,91;	71,98;	71,62;	70,07;	68,64;	62,63;	60,51;	57,18;	57,0;	55,79;	50,45;	48,48;	48,39;	46,19;	45,77;	45,14;	42,49;	34,34;	25,97;	22,17;	19,18;	18,45;	16,1;	14,18;	14,02;	7,88;	6,19;	2,17;	0;	0;	0;	0;	0;	0;	0;	0;	0;	0;	0;	0;	0;	0;	0;	0;	0;	0;	0;	0;	0;	0;	0;	0;	0;	0;	0;	0;	0;	0;	0;	0;	0;	0;	0;	0;	0;	0;	0;	0;	0;	0;	0;	0;	0;	0;	0;	0;	0;	0;	0;	0;	0;	0;	0;	0;	0
8;	-13;	6;	0,84;	87,61;	85,78;	85,1;	82,88;	81,48;	78,27;	75,93;	73,32;	72,6;	72,5;	70,89;	70,37;	68,49;	64,4;	63,81;	62,71;	60,6;	58,43;	54,85;	53,18;	52,31;	50,14;	45,59;	43,47;	40,65;	38,79;	37,56;	37,45;	32,92;	32,01;	30,51;	26,68;	22,12;	20,2;	14,01;	10,77;	9,47;	8,64;	2,7;	1,92;	1,05;	0;	0;	0;	0;	0;	0;	0;	0;	0;	0;	0;	0;	0;	0;	0;	0;	0;	0;	0;	0;	0;	0;	0;	0;	0;	0;	0;	0;	0;	0;	0;	0;	0;	0;	0;	0;	0;	0;	0;	0;	0;	0;	0;	0;	0;	0;	0;	0;	0;	0;	0;	0;	0;	0;	0;	0;	0;	0;	0;	0
9;	15;	6;	1,07;	nan;	nan;	nan;	nan;	nan;	nan;	nan;	nan;	nan;	nan;	nan;	nan;	nan;	nan;	nan;	100,0;	99,74;	99,16;	98,99;	98,68;	97,82;	97,56;	96,56;	96,44;	92,06;	88,37;	86,37;	83,73;	77,63;	76,53;	71,64;	71,53;	68,28;	66,94;	66,11;	64,03;	59,83;	59,7;	58,02;	57,31;	51,59;	48,28;	47,39;	38,64;	38,19;	34,55;	33,09;	26,92;	24,73;	24,67;	23,76;	19,53;	14,77;	9,36;	3,63;	2,27;	0,0;	0,0;	0,0;	0,0;	0,0;	0,0;	0,0;	0,0;	0,0;	0,0;	0,0;	0,0;	0,0;	0,0;	0,0;	0,0;	0,0;	0,0;	0,0;	0,0;	0,0;	0,0;	0,0;	0,0;	0,0;	0,0;	0,0;	0,0;	0,0;	0,0;	0,0;	0,0;	0,0;	0,0;	0,0;	0,0;	0,0;	0,0;	0,0;	0,0;	0,0;	0,0;	0,0;	0,0;	0,0
10;	7;	6;	1,19;	nan;	nan;	nan;	nan;	nan;	nan;	nan;	100,0;	99,97;	99,79;	99,49;	98,25;	97,61;	97,42;	96,8;	95,69;	95,44;	94,85;	93,28;	89,88;	89,12;	85,01;	82,0;	74,8;	68,31;	65,27;	57,89;	54,11;	52,43;	52,1;	48,63;	44,87;	44,35;	43,28;	35,0;	32,66;	27,53;	23,45;	20,18;	16,54;	12,24;	9,01;	6,27;	0,0;	0,0;	0,0;	0,0;	0,0;	0,0;	0,0;	0,0;	0,0;	0,0;	0,0;	0,0;	0,0;	0,0;	0,0;	0,0;	0,0;	0,0;	0,0;	0,0;	0,0;	0,0;	0,0;	0,0;	0,0;	0,0;	0,0;	0,0;	0,0;	0,0;	0,0;	0,0;	0,0;	0,0;	0,0;	0,0;	0,0;	0,0;	0,0;	0,0;	0,0;	0,0;	0,0;	0,0;	0,0;	0,0;	0,0;	0,0;	0,0;	0,0;	0,0;	0,0;	0,0;	0,0;	0,0;	0,0;	0,0;	0,0
11;	-9;	6;	0,94;	92,21;	91,06;	85,29;	84,44;	84,09;	83,22;	83,13;	80,67;	78,25;	77,09;	72,3;	70,6;	68,54;	65,81;	65,53;	64,35;	61,27;	59,43;	58,41;	56,71;	54,75;	52,42;	49,05;	46,49;	46,41;	40,87;	33,73;	26,67;	22,48;	22,21;	14,95;	13,26;	8,36;	2,75;	0;	0;	0;	0;	0;	0;	0;	0;	0;	0;	0;	0;	0;	0;	0;	0;	0;	0;	0;	0;	0;	0;	0;	0;	0;	0;	0;	0;	0;	0;	0;	0;	0;	0;	0;	0;	0;	0;	0;	0;	0;	0;	0;	0;	0;	0;	0;	0;	0;	0;	0;	0;	0;	0;	0;	0;	0;	0;	0;	0;	0;	0;	0;	0;	0;	0;	0
12;	-2;	6;	1,03;	99,58;	98,09;	97,53;	97,22;	96,87;	95,45;	94,61;	93,57;	92,43;	90,11;	86,41;	83,9;	78,88;	73,1;	70,05;	65,54;	62,1;	58,39;	55,62;	51,4;	50,25;	47,66;	43,61;	42,81;	40,14;	34,4;	33,63;	31,33;	30,08;	25,77;	22,48;	14,55;	13,23;	12,16;	11,03;	1,44;	0;	0;	0;	0;	0;	0;	0;	0;	0;	0;	0;	0;	0;	0;	0;	0;	0;	0;	0;	0;	0;	0;	0;	0;	0;	0;	0;	0;	0;	0;	0;	0;	0;	0;	0;	0;	0;	0;	0;	0;	0;	0;	0;	0;	0;	0;	0;	0;	0;	0;	0;	0;	0;	0;	0;	0;	0;	0;	0;	0;	0;	0;	0;	0;	0
13;	-1;	6;	0,93;	99,95;	99,85;	99,45;	99,24;	98,42;	97,82;	96,31;	94,62;	93,3;	90,62;	88,88;	86,94;	85,13;	82,49;	78,57;	77,7;	77,13;	74,46;	70,39;	66,37;	63,56;	60,66;	59,0;	50,0;	49,77;	46,51;	41,14;	37,9;	37,1;	34,32;	33,67;	30,81;	28,72;	25,01;	24,01;	21,13;	19,19;	16,85;	11,77;	8,92;	2,65;	0;	0;	0;	0;	0;	0;	0;	0;	0;	0;	0;	0;	0;	0;	0;	0;	0;	0;	0;	0;	0;	0;	0;	0;	0;	0;	0;	0;	0;	0;	0;	0;	0;	0;	0;	0;	0;	0;	0;	0;	0;	0;	0;	0;	0;	0;	0;	0;	0;	0;	0;	0;	0;	0;	0;	0;	0;	0;	0;	0
14;	19;	6;	1,07;	nan;	nan;	nan;	nan;	nan;	nan;	nan;	nan;	nan;	nan;	nan;	nan;	nan;	nan;	nan;	nan;	nan;	nan;	nan;	100,0;	99,67;	98,8;	97,61;	97,32;	96,81;	93,93;	92,62;	92,52;	90,63;	90,08;	89,93;	86,86;	84,77;	84,3;	83,91;	81,42;	81,14;	79,69;	77,74;	77,54;	72,92;	71,5;	70,08;	66,45;	64,52;	62,32;	60,38;	56,09;	52,9;	49,0;	43,99;	43,12;	41,54;	38,44;	37,7;	34,14;	32,93;	29,54;	28,32;	23,84;	20,44;	18,15;	13,9;	10,15;	10,09;	9,26;	7,34;	1,71;	0,0;	0,0;	0,0;	0,0;	0,0;	0,0;	0,0;	0,0;	0,0;	0,0;	0,0;	0,0;	0,0;	0,0;	0,0;	0,0;	0,0;	0,0;	0,0;	0,0;	0,0;	0,0;	0,0;	0,0;	0,0;	0,0;	0,0;	0,0;	0,0;	0,0;	0,0;	0,0;	0,0
15;	-8;	6;	0,98;	92,82;	92,73;	92,64;	91,85;	91,66;	91,25;	86,67;	85,15;	84,62;	83,97;	78,05;	74,53;	73,66;	70,82;	68,79;	65,86;	60,81;	59,47;	54,29;	50,48;	47,42;	46,79;	38,86;	33,69;	32,87;	30,82;	30,39;	27,2;	21,83;	18,96;	17,6;	17,2;	15,22;	14,17;	7,39;	0;	0;	0;	0;	0;	0;	0;	0;	0;	0;	0;	0;	0;	0;	0;	0;	0;	0;	0;	0;	0;	0;	0;	0;	0;	0;	0;	0;	0;	0;	0;	0;	0;	0;	0;	0;	0;	0;	0;	0;	0;	0;	0;	0;	0;	0;	0;	0;	0;	0;	0;	0;	0;	0;	0;	0;	0;	0;	0;	0;	0;	0;	0;	0;	0;	0
16;	-1;	6;	0,95;	99,43;	99,24;	99,12;	97,48;	95,64;	95,35;	95,09;	92,28;	92,07;	88,19;	87,32;	86,38;	86,25;	83,17;	82,16;	78,97;	77,12;	76,44;	75,02;	71,81;	71,39;	69,42;	65,08;	62,4;	53,58;	51,9;	50,29;	48,49;	39,95;	37,48;	35,88;	33,7;	29,7;	25,31;	24,41;	22,54;	18,24;	17,11;	13,23;	12,97;	11,65;	11,31;	7,82;	0;	0;	0;	0;	0;	0;	0;	0;	0;	0;	0;	0;	0;	0;	0;	0;	0;	0;	0;	0;	0;	0;	0;	0;	0;	0;	0;	0;	0;	0;	0;	0;	0;	0;	0;	0;	0;	0;	0;	0;	0;	0;	0;	0;	0;	0;	0;	0;	0;	0;	0;	0;	0;	0;	0;	0;	0;	0
17;	-9;	6;	0,9;	96,67;	96,55;	96,5;	95,83;	91,98;	87,5;	84,76;	83,48;	83,01;	77,04;	75,77;	71,75;	67,37;	65,81;	63,97;	57,45;	57,01;	56,35;	56,28;	55,07;	48,79;	48,4;	47,92;	47,01;	46,87;	44,38;	41,54;	39,74;	38,19;	36,43;	34,0;	32,05;	30,5;	27,2;	25,83;	25,1;	24,9;	22,83;	20,11;	16,29;	12,13;	9,96;	6,17;	5,7;	3,45;	1,75;	1,3;	0;	0;	0;	0;	0;	0;	0;	0;	0;	0;	0;	0;	0;	0;	0;	0;	0;	0;	0;	0;	0;	0;	0;	0;	0;	0;	0;	0;	0;	0;	0;	0;	0;	0;	0;	0;	0;	0;	0;	0;	0;	0;	0;	0;	0;	0;	0;	0;	0;	0;	0;	0;	0;	0
18;	-10;	6;	1,04;	90,85;	90,07;	87,09;	85,31;	85,0;	83,62;	79,8;	78,05;	77,63;	76,11;	73,14;	71,5;	70,01;	69,59;	68,3;	64,58;	60,39;	52,94;	44,5;	36,32;	32,13;	31,08;	21,47;	17,84;	16,4;	14,47;	11,68;	10,01;	6,97;	1,43;	0;	0;	0;	0;	0;	0;	0;	0;	0;	0;	0;	0;	0;	0;	0;	0;	0;	0;	0;	0;	0;	0;	0;	0;	0;	0;	0;	0;	0;	0;	0;	0;	0;	0;	0;	0;	0;	0;	0;	0;	0;	0;	0;	0;	0;	0;	0;	0;	0;	0;	0;	0;	0;	0;	0;	0;	0;	0;	0;	0;	0;	0;	0;	0;	0;	0;	0;	0;	0;	0;	0
19;	12;	6;	1,13;	nan;	nan;	nan;	nan;	nan;	nan;	nan;	nan;	nan;	nan;	nan;	nan;	100,0;	99,79;	99,54;	98,47;	96,09;	96,01;	93,71;	92,43;	90,87;	88,22;	87,71;	85,88;	83,0;	79,34;	76,38;	74,37;	71,28;	66,42;	65,11;	62,27;	58,76;	57,93;	57,0;	50,63;	49,62;	49,28;	46,41;	43,73;	40,66;	36,5;	33,47;	28,11;	28,06;	26,44;	15,22;	6,95;	2,62;	2,34;	1,04;	0,0;	0,0;	0,0;	0,0;	0,0;	0,0;	0,0;	0,0;	0,0;	0,0;	0,0;	0,0;	0,0;	0,0;	0,0;	0,0;	0,0;	0,0;	0,0;	0,0;	0,0;	0,0;	0,0;	0,0;	0,0;	0,0;	0,0;	0,0;	0,0;	0,0;	0,0;	0,0;	0,0;	0,0;	0,0;	0,0;	0,0;	0,0;	0,0;	0,0;	0,0;	0,0;	0,0;	0,0;	0,0;	0,0;	0,0;	0,0;	0,0;	0,0
20;	9;	6;	1,04;	nan;	nan;	nan;	nan;	nan;	nan;	nan;	nan;	nan;	100,0;	99,76;	99,37;	98,8;	98,23;	98,0;	96,91;	95,46;	95,32;	94,79;	92,35;	90,0;	89,45;	87,32;	84,92;	83,5;	79,08;	73,94;	73,44;	73,24;	66,49;	61,22;	60,15;	54,96;	52,67;	46,05;	40,12;	34,83;	30,27;	27,18;	25,22;	20,54;	13,72;	11,27;	8,39;	7,72;	4,32;	4,0;	1,99;	0,0;	0,0;	0,0;	0,0;	0,0;	0,0;	0,0;	0,0;	0,0;	0,0;	0,0;	0,0;	0,0;	0,0;	0,0;	0,0;	0,0;	0,0;	0,0;	0,0;	0,0;	0,0;	0,0;	0,0;	0,0;	0,0;	0,0;	0,0;	0,0;	0,0;	0,0;	0,0;	0,0;	0,0;	0,0;	0,0;	0,0;	0,0;	0,0;	0,0;	0,0;	0,0;	0,0;	0,0;	0,0;	0,0;	0,0;	0,0;	0,0;	0,0;	0,0;	0,0;	0,0
21;	10;	6;	0,92;	nan;	nan;	nan;	nan;	nan;	nan;	nan;	nan;	nan;	nan;	100,0;	99,79;	99,44;	99,42;	99,06;	98,53;	98,36;	96,86;	96,06;	95,93;	95,6;	95,07;	93,28;	91,79;	91,49;	89,61;	88,39;	85,01;	80,24;	77,53;	77,18;	76,51;	76,22;	74,26;	70,72;	68,46;	67,75;	67,36;	66,43;	65,96;	62,33;	60,78;	59,13;	53,55;	51,18;	48,3;	45,19;	43,29;	38,95;	38,7;	33,11;	21,33;	20,93;	11,8;	5,67;	4,99;	4,32;	0,6;	0,0;	0,0;	0,0;	0,0;	0,0;	0,0;	0,0;	0,0;	0,0;	0,0;	0,0;	0,0;	0,0;	0,0;	0,0;	0,0;	0,0;	0,0;	0,0;	0,0;	0,0;	0,0;	0,0;	0,0;	0,0;	0,0;	0,0;	0,0;	0,0;	0,0;	0,0;	0,0;	0,0;	0,0;	0,0;	0,0;	0,0;	0,0;	0,0;	0,0;	0,0;	0,0;	0,0
22;	2;	6;	0,98;	nan;	nan;	100,0;	99,98;	99,07;	97,88;	97,06;	96,46;	94,34;	93,44;	90,72;	90,38;	88,57;	84,62;	82,47;	79,21;	78,1;	74,33;	70,38;	66,17;	65,48;	65,39;	63,48;	62,87;	60,04;	57,14;	51,66;	46,6;	40,85;	38,57;	38,57;	32,63;	30,31;	23,77;	21,86;	21,77;	19,23;	13,85;	13,46;	11,1;	6,18;	0,0;	0,0;	0,0;	0,0;	0,0;	0,0;	0,0;	0,0;	0,0;	0,0;	0,0;	0,0;	0,0;	0,0;	0,0;	0,0;	0,0;	0,0;	0,0;	0,0;	0,0;	0,0;	0,0;	0,0;	0,0;	0,0;	0,0;	0,0;	0,0;	0,0;	0,0;	0,0;	0,0;	0,0;	0,0;	0,0;	0,0;	0,0;	0,0;	0,0;	0,0;	0,0;	0,0;	0,0;	0,0;	0,0;	0,0;	0,0;	0,0;	0,0;	0,0;	0,0;	0,0;	0,0;	0,0;	0,0;	0,0;	0,0;	0,0;	0,0
23;	-11;	6;	1,05;	86,26;	85,68;	83,36;	82,85;	77,32;	74,34;	67,59;	66,65;	64,92;	61,0;	60,84;	57,2;	54,45;	52,03;	48,24;	47,84;	47,45;	45,41;	45,05;	43,2;	41,69;	40,34;	39,88;	37,97;	35,71;	29,99;	17,96;	16,31;	13,6;	2,91;	1,46;	0,22;	0;	0;	0;	0;	0;	0;	0;	0;	0;	0;	0;	0;	0;	0;	0;	0;	0;	0;	0;	0;	0;	0;	0;	0;	0;	0;	0;	0;	0;	0;	0;	0;	0;	0;	0;	0;	0;	0;	0;	0;	0;	0;	0;	0;	0;	0;	0;	0;	0;	0;	0;	0;	0;	0;	0;	0;	0;	0;	0;	0;	0;	0;	0;	0;	0;	0;	0;	0;	0
24;	-17;	6;	1,12;	69,7;	67,04;	66,47;	52,71;	47,17;	45,37;	43,75;	43,53;	43,33;	37,92;	33,6;	28,71;	26,84;	26,01;	25,66;	25,36;	21,45;	15,02;	11,38;	6,86;	1,63;	0;	0;	0;	0;	0;	0;	0;	0;	0;	0;	0;	0;	0;	0;	0;	0;	0;	0;	0;	0;	0;	0;	0;	0;	0;	0;	0;	0;	0;	0;	0;	0;	0;	0;	0;	0;	0;	0;	0;	0;	0;	0;	0;	0;	0;	0;	0;	0;	0;	0;	0;	0;	0;	0;	0;	0;	0;	0;	0;	0;	0;	0;	0;	0;	0;	0;	0;	0;	0;	0;	0;	0;	0;	0;	0;	0;	0;	0;	0;	0
25;	0;	6;	1,05;	100,0;	99,92;	99,37;	98,02;	97,15;	97,0;	96,11;	94,68;	93,04;	88,5;	86,23;	82,91;	81,45;	81,24;	79,05;	76,06;	75,09;	71,74;	71,29;	68,88;	65,79;	62,76;	61,16;	57,34;	53,02;	51,23;	47,84;	44,43;	42,28;	38,21;	33,94;	31,22;	28,11;	26,26;	24,79;	23,78;	20,98;	18,96;	16,65;	15,73;	13,55;	10,11;	7,15;	0,25;	0;	0;	0;	0;	0;	0;	0;	0;	0;	0;	0;	0;	0;	0;	0;	0;	0;	0;	0;	0;	0;	0;	0;	0;	0;	0;	0;	0;	0;	0;	0;	0;	0;	0;	0;	0;	0;	0;	0;	0;	0;	0;	0;	0;	0;	0;	0;	0;	0;	0;	0;	0;	0;	0;	0;	0;	0
26;	7;	6;	1,13;	nan;	nan;	nan;	nan;	nan;	nan;	nan;	100,0;	99,62;	99,12;	98,65;	97,5;	96,66;	96,09;	94,5;	90,05;	88,86;	86,01;	81,53;	74,42;	70,77;	69,02;	67,8;	63,69;	58,56;	57,86;	56,68;	50,61;	48,87;	44,18;	40,73;	37,14;	35,82;	28,9;	28,83;	27,64;	24,17;	18,31;	14,32;	13,58;	12,13;	8,23;	2,83;	0,0;	0,0;	0,0;	0,0;	0,0;	0,0;	0,0;	0,0;	0,0;	0,0;	0,0;	0,0;	0,0;	0,0;	0,0;	0,0;	0,0;	0,0;	0,0;	0,0;	0,0;	0,0;	0,0;	0,0;	0,0;	0,0;	0,0;	0,0;	0,0;	0,0;	0,0;	0,0;	0,0;	0,0;	0,0;	0,0;	0,0;	0,0;	0,0;	0,0;	0,0;	0,0;	0,0;	0,0;	0,0;	0,0;	0,0;	0,0;	0,0;	0,0;	0,0;	0,0;	0,0;	0,0;	0,0;	0,0;	0,0;	0,0
27;	-4;	6;	1,03;	98,38;	97,69;	96,36;	94,93;	94,25;	92,35;	90,53;	89,1;	86,23;	82,96;	80,65;	77,09;	75,59;	72,94;	72,27;	70,86;	70,02;	69,11;	67,55;	63,48;	62,02;	60,29;	57,58;	51,9;	48,27;	42,4;	39,41;	38,51;	38,35;	37,18;	31,5;	31,02;	28,69;	23,28;	20,4;	17,94;	10,91;	9,74;	8,64;	8,21;	7,53;	5,04;	1,98;	0;	0;	0;	0;	0;	0;	0;	0;	0;	0;	0;	0;	0;	0;	0;	0;	0;	0;	0;	0;	0;	0;	0;	0;	0;	0;	0;	0;	0;	0;	0;	0;	0;	0;	0;	0;	0;	0;	0;	0;	0;	0;	0;	0;	0;	0;	0;	0;	0;	0;	0;	0;	0;	0;	0;	0;	0;	0
28;	-5;	6;	1,06;	98,2;	97,61;	93,9;	93,45;	92,29;	91,65;	87,77;	86,8;	85,07;	83,92;	83,32;	82,88;	79,78;	74,38;	71,21;	71,09;	67,97;	66,5;	65,84;	59,63;	58,49;	56,26;	54,65;	52,87;	52,0;	50,78;	47,4;	45,61;	38,56;	29,62;	24,94;	23,85;	21,87;	19,63;	11,89;	10,62;	5,41;	0;	0;	0;	0;	0;	0;	0;	0;	0;	0;	0;	0;	0;	0;	0;	0;	0;	0;	0;	0;	0;	0;	0;	0;	0;	0;	0;	0;	0;	0;	0;	0;	0;	0;	0;	0;	0;	0;	0;	0;	0;	0;	0;	0;	0;	0;	0;	0;	0;	0;	0;	0;	0;	0;	0;	0;	0;	0;	0;	0;	0;	0;	0;	0
29;	7;	6;	1,04;	nan;	nan;	nan;	nan;	nan;	nan;	nan;	100,0;	99,7;	98,53;	98,44;	97,59;	97,57;	97,47;	97,13;	94,89;	94,09;	94,08;	91,92;	91,19;	87,62;	86,55;	83,77;	79,78;	76,66;	74,38;	66,33;	59,98;	56,24;	55,02;	54,76;	52,38;	49,3;	42,66;	38,16;	32,22;	27,92;	26,87;	23,24;	19,86;	18,81;	17,49;	15,36;	13,34;	6,22;	5,67;	0,0;	0,0;	0,0;	0,0;	0,0;	0,0;	0,0;	0,0;	0,0;	0,0;	0,0;	0,0;	0,0;	0,0;	0,0;	0,0;	0,0;	0,0;	0,0;	0,0;	0,0;	0,0;	0,0;	0,0;	0,0;	0,0;	0,0;	0,0;	0,0;	0,0;	0,0;	0,0;	0,0;	0,0;	0,0;	0,0;	0,0;	0,0;	0,0;	0,0;	0,0;	0,0;	0,0;	0,0;	0,0;	0,0;	0,0;	0,0;	0,0;	0,0;	0,0;	0,0;	0,0;	0,0;	0,0
30;	8;	6;	1,05;	nan;	nan;	nan;	nan;	nan;	nan;	nan;	nan;	100,0;	99,79;	99,47;	98,83;	97,67;	97,64;	97,26;	96,55;	95,45;	94,62;	93,6;	89,35;	88,67;	86,19;	84,68;	81,12;	80,34;	78,97;	77,62;	76,11;	74,02;	72,96;	71,67;	65,57;	61,24;	58,37;	56,34;	53,46;	49,51;	49,41;	44,73;	35,62;	30,9;	30,68;	28,82;	20,43;	17,19;	10,58;	8,31;	1,71;	0,0;	0,0;	0,0;	0,0;	0,0;	0,0;	0,0;	0,0;	0,0;	0,0;	0,0;	0,0;	0,0;	0,0;	0,0;	0,0;	0,0;	0,0;	0,0;	0,0;	0,0;	0,0;	0,0;	0,0;	0,0;	0,0;	0,0;	0,0;	0,0;	0,0;	0,0;	0,0;	0,0;	0,0;	0,0;	0,0;	0,0;	0,0;	0,0;	0,0;	0,0;	0,0;	0,0;	0,0;	0,0;	0,0;	0,0;	0,0;	0,0;	0,0;	0,0;	0,0;	0,0
31;	1;	6;	1,06;	nan;	100,0;	99,38;	98,16;	97,33;	96,24;	95,67;	94,34;	92,83;	90,59;	90,07;	88,73;	88,17;	87,34;	83,88;	80,91;	80,32;	78,23;	73,17;	71,42;	69,25;	63,96;	62,63;	57,73;	56,17;	55,17;	54,44;	49,03;	36,65;	35,96;	29,94;	25,84;	24,71;	22,69;	21,34;	18,9;	17,82;	14,11;	4,44;	0,0;	0,0;	0,0;	0,0;	0,0;	0,0;	0,0;	0,0;	0,0;	0,0;	0,0;	0,0;	0,0;	0,0;	0,0;	0,0;	0,0;	0,0;	0,0;	0,0;	0,0;	0,0;	0,0;	0,0;	0,0;	0,0;	0,0;	0,0;	0,0;	0,0;	0,0;	0,0;	0,0;	0,0;	0,0;	0,0;	0,0;	0,0;	0,0;	0,0;	0,0;	0,0;	0,0;	0,0;	0,0;	0,0;	0,0;	0,0;	0,0;	0,0;	0,0;	0,0;	0,0;	0,0;	0,0;	0,0;	0,0;	0,0;	0,0;	0,0;	0,0;	0,0
32;	-10;	6;	0,74;	93,76;	92,06;	89,34;	88,75;	87,45;	87,14;	82,4;	81,07;	79,93;	78,03;	75,13;	74,73;	74,35;	72,34;	72,19;	68,77;	65,97;	63,9;	58,61;	57,24;	56,05;	54,43;	53,31;	52,02;	49,33;	47,4;	44,37;	38,92;	36,7;	32,68;	28,3;	24,57;	22,95;	19,46;	19,37;	16,51;	12,72;	9,63;	8,67;	6,09;	3,3;	1,53;	0;	0;	0;	0;	0;	0;	0;	0;	0;	0;	0;	0;	0;	0;	0;	0;	0;	0;	0;	0;	0;	0;	0;	0;	0;	0;	0;	0;	0;	0;	0;	0;	0;	0;	0;	0;	0;	0;	0;	0;	0;	0;	0;	0;	0;	0;	0;	0;	0;	0;	0;	0;	0;	0;	0;	0;	0;	0;	0
33;	-1;	6;	0,89;	100,0;	99,68;	99,15;	98,34;	97,57;	97,21;	96,1;	93,69;	92,88;	92,49;	92,42;	87,91;	87,8;	84,23;	80,98;	78,14;	77,12;	76,52;	72,34;	71,48;	71,18;	69,23;	65,09;	63,79;	60,63;	59,56;	57,27;	55,48;	48,4;	45,05;	42,09;	39,76;	36,63;	32,56;	28,61;	26,06;	25,27;	22,62;	22,31;	20,88;	18,64;	17,65;	13,36;	8,85;	7,35;	3,31;	3,07;	0,17;	0;	0;	0;	0;	0;	0;	0;	0;	0;	0;	0;	0;	0;	0;	0;	0;	0;	0;	0;	0;	0;	0;	0;	0;	0;	0;	0;	0;	0;	0;	0;	0;	0;	0;	0;	0;	0;	0;	0;	0;	0;	0;	0;	0;	0;	0;	0;	0;	0;	0;	0;	0;	0
34;	0;	6;	0,94;	100,0;	99,83;	98,86;	98,82;	98,42;	97,35;	96,83;	94,86;	93,8;	93,42;	91,76;	90,52;	90,28;	89,77;	89,07;	88,13;	87,7;	85,65;	85,63;	80,75;	77,78;	76,64;	70,7;	70,64;	70,52;	68,59;	62,69;	62,0;	60,98;	57,83;	54,68;	54,34;	53,48;	52,47;	52,27;	44,58;	43,71;	39,0;	38,8;	37,13;	33,75;	33,01;	25,09;	24,57;	22,38;	17,33;	13,39;	0,59;	0,52;	0;	0;	0;	0;	0;	0;	0;	0;	0;	0;	0;	0;	0;	0;	0;	0;	0;	0;	0;	0;	0;	0;	0;	0;	0;	0;	0;	0;	0;	0;	0;	0;	0;	0;	0;	0;	0;	0;	0;	0;	0;	0;	0;	0;	0;	0;	0;	0;	0;	0;	0;	0
35;	3;	6;	1,04;	nan;	nan;	nan;	100,0;	99,8;	99,6;	98,89;	97,1;	96,59;	95,93;	93,52;	92,12;	87,35;	86,56;	86,38;	85,98;	84,23;	81,55;	80,33;	79,58;	76,85;	76,16;	74,95;	71,72;	69,7;	65,51;	61,74;	58,15;	56,32;	51,61;	50,84;	47,74;	46,08;	42,72;	41,99;	33,96;	32,87;	31,84;	23,52;	23,49;	21,77;	19,08;	18,54;	8,75;	6,96;	6,75;	0,0;	0,0;	0,0;	0,0;	0,0;	0,0;	0,0;	0,0;	0,0;	0,0;	0,0;	0,0;	0,0;	0,0;	0,0;	0,0;	0,0;	0,0;	0,0;	0,0;	0,0;	0,0;	0,0;	0,0;	0,0;	0,0;	0,0;	0,0;	0,0;	0,0;	0,0;	0,0;	0,0;	0,0;	0,0;	0,0;	0,0;	0,0;	0,0;	0,0;	0,0;	0,0;	0,0;	0,0;	0,0;	0,0;	0,0;	0,0;	0,0;	0,0;	0,0;	0,0;	0,0;	0,0;	0,0
36;	-2;	6;	1,12;	99,09;	98,65;	97,31;	97,25;	96,45;	95,83;	94,86;	94,35;	93,88;	93,28;	92,69;	87,3;	83,13;	80,23;	79,9;	79,54;	74,64;	69,57;	62,01;	61,8;	58,01;	55,42;	51,03;	48,81;	45,1;	41,36;	39,26;	32,65;	24,43;	21,39;	19,08;	18,05;	16,37;	13,36;	10,85;	7,82;	4,12;	0;	0;	0;	0;	0;	0;	0;	0;	0;	0;	0;	0;	0;	0;	0;	0;	0;	0;	0;	0;	0;	0;	0;	0;	0;	0;	0;	0;	0;	0;	0;	0;	0;	0;	0;	0;	0;	0;	0;	0;	0;	0;	0;	0;	0;	0;	0;	0;	0;	0;	0;	0;	0;	0;	0;	0;	0;	0;	0;	0;	0;	0;	0;	0
37;	17;	6;	0,9;	nan;	nan;	nan;	nan;	nan;	nan;	nan;	nan;	nan;	nan;	nan;	nan;	nan;	nan;	nan;	nan;	nan;	100,0;	99,96;	98,73;	98,05;	97,09;	96,55;	95,56;	95,16;	95,05;	94,23;	92,69;	92,08;	89,16;	88,29;	86,74;	83,28;	82,54;	80,31;	77,1;	74,97;	69,26;	68,75;	67,96;	65,34;	65,29;	63,86;	62,4;	62,15;	60,73;	58,77;	57,92;	53,65;	47,06;	42,23;	38,18;	37,72;	35,47;	34,57;	31,07;	29,19;	21,33;	17,71;	16,2;	15,96;	15,16;	14,9;	6,49;	4,36;	0,0;	0,0;	0,0;	0,0;	0,0;	0,0;	0,0;	0,0;	0,0;	0,0;	0,0;	0,0;	0,0;	0,0;	0,0;	0,0;	0,0;	0,0;	0,0;	0,0;	0,0;	0,0;	0,0;	0,0;	0,0;	0,0;	0,0;	0,0;	0,0;	0,0;	0,0;	0,0;	0,0;	0,0;	0,0;	0,0
38;	3;	6;	1,01;	nan;	nan;	nan;	100,0;	99,78;	99,16;	98,38;	97,99;	97,92;	95,99;	94,51;	94,03;	93,23;	91,34;	90,52;	87,88;	85,68;	81,49;	78,87;	78,4;	76,01;	75,26;	74,38;	74,26;	73,71;	73,29;	68,75;	63,27;	62,0;	61,18;	56,91;	56,29;	47,45;	46,98;	38,85;	36,17;	34,73;	32,19;	23,41;	18,38;	17,73;	16,71;	13,41;	11,0;	3,33;	0,0;	0,0;	0,0;	0,0;	0,0;	0,0;	0,0;	0,0;	0,0;	0,0;	0,0;	0,0;	0,0;	0,0;	0,0;	0,0;	0,0;	0,0;	0,0;	0,0;	0,0;	0,0;	0,0;	0,0;	0,0;	0,0;	0,0;	0,0;	0,0;	0,0;	0,0;	0,0;	0,0;	0,0;	0,0;	0,0;	0,0;	0,0;	0,0;	0,0;	0,0;	0,0;	0,0;	0,0;	0,0;	0,0;	0,0;	0,0;	0,0;	0,0;	0,0;	0,0;	0,0;	0,0;	0,0;	0,0
39;	1;	6;	1,19;	nan;	100,0;	99,8;	99,16;	98,92;	98,52;	98,04;	97,78;	97,11;	91,55;	89,54;	86,86;	82,89;	82,4;	80,38;	79,15;	77,64;	75,58;	73,9;	73,69;	70,04;	63,23;	59,69;	58,58;	51,18;	44,42;	42,12;	40,34;	38,16;	31,97;	31,15;	26,84;	20,06;	13,29;	4,04;	3,45;	2,34;	1,79;	1,52;	0,0;	0,0;	0,0;	0,0;	0,0;	0,0;	0,0;	0,0;	0,0;	0,0;	0,0;	0,0;	0,0;	0,0;	0,0;	0,0;	0,0;	0,0;	0,0;	0,0;	0,0;	0,0;	0,0;	0,0;	0,0;	0,0;	0,0;	0,0;	0,0;	0,0;	0,0;	0,0;	0,0;	0,0;	0,0;	0,0;	0,0;	0,0;	0,0;	0,0;	0,0;	0,0;	0,0;	0,0;	0,0;	0,0;	0,0;	0,0;	0,0;	0,0;	0,0;	0,0;	0,0;	0,0;	0,0;	0,0;	0,0;	0,0;	0,0;	0,0;	0,0;	0,0
40;	15;	6;	1,0;	nan;	nan;	nan;	nan;	nan;	nan;	nan;	nan;	nan;	nan;	nan;	nan;	nan;	nan;	nan;	100,0;	99,87;	99,8;	99,31;	98,84;	98,61;	97,01;	96,43;	95,74;	94,65;	91,23;	90,75;	88,25;	85,06;	83,74;	81,11;	79,65;	76,09;	72,99;	71,91;	71,31;	71,14;	69,82;	68,69;	67,07;	63,0;	61,64;	60,45;	57,22;	54,87;	51,35;	47,27;	39,79;	33,44;	25,31;	20,85;	16,65;	11,54;	4,69;	1,18;	0,0;	0,0;	0,0;	0,0;	0,0;	0,0;	0,0;	0,0;	0,0;	0,0;	0,0;	0,0;	0,0;	0,0;	0,0;	0,0;	0,0;	0,0;	0,0;	0,0;	0,0;	0,0;	0,0;	0,0;	0,0;	0,0;	0,0;	0,0;	0,0;	0,0;	0,0;	0,0;	0,0;	0,0;	0,0;	0,0;	0,0;	0,0;	0,0;	0,0;	0,0;	0,0;	0,0;	0,0;	0,0;	0,0
41;	5;	6;	0,87;	nan;	nan;	nan;	nan;	nan;	100,0;	99,86;	99,75;	99,62;	99,46;	99,32;	97,94;	97,54;	96,5;	96,05;	96,03;	95,42;	93,41;	93,24;	91,05;	89,31;	88,83;	85,37;	84,65;	83,81;	83,8;	83,7;	82,88;	82,05;	80,22;	77,86;	76,7;	74,3;	70,06;	68,8;	68,15;	66,84;	64,1;	59,07;	55,33;	52,54;	49,78;	47,73;	44,8;	42,73;	42,58;	41,4;	36,51;	33,02;	28,16;	27,89;	23,16;	20,04;	15,86;	13,88;	13,69;	10,35;	6,7;	6,04;	4,27;	2,3;	0,0;	0,0;	0,0;	0,0;	0,0;	0,0;	0,0;	0,0;	0,0;	0,0;	0,0;	0,0;	0,0;	0,0;	0,0;	0,0;	0,0;	0,0;	0,0;	0,0;	0,0;	0,0;	0,0;	0,0;	0,0;	0,0;	0,0;	0,0;	0,0;	0,0;	0,0;	0,0;	0,0;	0,0;	0,0;	0,0;	0,0;	0,0;	0,0;	0,0
42;	-17;	6;	1,19;	67,54;	67,53;	62,98;	61,76;	61,51;	60,8;	59,15;	55,31;	55,07;	53,15;	52,81;	47,76;	44,5;	44,03;	41,0;	40,16;	39,29;	36,29;	36,21;	31,87;	28,73;	25,21;	20,35;	17,92;	11,85;	9,25;	8,03;	4,58;	0;	0;	0;	0;	0;	0;	0;	0;	0;	0;	0;	0;	0;	0;	0;	0;	0;	0;	0;	0;	0;	0;	0;	0;	0;	0;	0;	0;	0;	0;	0;	0;	0;	0;	0;	0;	0;	0;	0;	0;	0;	0;	0;	0;	0;	0;	0;	0;	0;	0;	0;	0;	0;	0;	0;	0;	0;	0;	0;	0;	0;	0;	0;	0;	0;	0;	0;	0;	0;	0;	0;	0;	0
43;	9;	6;	1,02;	nan;	nan;	nan;	nan;	nan;	nan;	nan;	nan;	nan;	100,0;	99,83;	99,27;	97,96;	97,31;	95,98;	94,58;	94,26;	93,7;	93,5;	91,42;	89,81;	87,55;	85,14;	82,02;	81,13;	79,72;	78,17;	77,22;	74,39;	72,39;	71,79;	69,47;	67,03;	63,12;	60,97;	59,24;	56,63;	50,6;	50,52;	49,92;	40,9;	37,86;	36,39;	27,95;	25,97;	25,85;	18,38;	18,14;	16,49;	16,19;	15,01;	11,28;	9,71;	9,45;	4,53;	4,35;	1,84;	0,0;	0,0;	0,0;	0,0;	0,0;	0,0;	0,0;	0,0;	0,0;	0,0;	0,0;	0,0;	0,0;	0,0;	0,0;	0,0;	0,0;	0,0;	0,0;	0,0;	0,0;	0,0;	0,0;	0,0;	0,0;	0,0;	0,0;	0,0;	0,0;	0,0;	0,0;	0,0;	0,0;	0,0;	0,0;	0,0;	0,0;	0,0;	0,0;	0,0;	0,0;	0,0;	0,0;	0,0
44;	7;	6;	0,97;	nan;	nan;	nan;	nan;	nan;	nan;	nan;	100,0;	99,92;	98,62;	96,65;	95,64;	94,87;	93,98;	92,07;	91,79;	88,78;	88,59;	88,38;	87,32;	86,73;	84,81;	81,96;	81,45;	78,51;	77,51;	71,77;	71,3;	66,45;	66,45;	63,88;	63,15;	60,83;	59,95;	59,28;	52,01;	51,65;	51,02;	49,99;	46,66;	45,94;	42,3;	40,27;	38,43;	37,97;	32,87;	31,11;	30,52;	27,8;	21,76;	21,72;	21,11;	14,53;	12,83;	7,91;	7,19;	1,19;	0,0;	0,0;	0,0;	0,0;	0,0;	0,0;	0,0;	0,0;	0,0;	0,0;	0,0;	0,0;	0,0;	0,0;	0,0;	0,0;	0,0;	0,0;	0,0;	0,0;	0,0;	0,0;	0,0;	0,0;	0,0;	0,0;	0,0;	0,0;	0,0;	0,0;	0,0;	0,0;	0,0;	0,0;	0,0;	0,0;	0,0;	0,0;	0,0;	0,0;	0,0;	0,0;	0,0;	0,0
45;	1;	6;	0,83;	nan;	100,0;	99,96;	99,44;	98,28;	97,64;	96,35;	95,11;	94,07;	93,37;	92,93;	91,98;	91,01;	89,09;	88,18;	87,21;	84,42;	84,15;	79,07;	78,5;	77,33;	76,62;	76,14;	73,14;	72,31;	69,31;	66,95;	63,14;	62,37;	58,12;	51,87;	42,64;	40,03;	32,72;	29,71;	27,57;	24,7;	23,06;	21,64;	14,18;	10,83;	7,94;	4,36;	3,65;	3,22;	0,73;	0,0;	0,0;	0,0;	0,0;	0,0;	0,0;	0,0;	0,0;	0,0;	0,0;	0,0;	0,0;	0,0;	0,0;	0,0;	0,0;	0,0;	0,0;	0,0;	0,0;	0,0;	0,0;	0,0;	0,0;	0,0;	0,0;	0,0;	0,0;	0,0;	0,0;	0,0;	0,0;	0,0;	0,0;	0,0;	0,0;	0,0;	0,0;	0,0;	0,0;	0,0;	0,0;	0,0;	0,0;	0,0;	0,0;	0,0;	0,0;	0,0;	0,0;	0,0;	0,0;	0,0;	0,0;	0,0
46;	-10;	6;	0,99;	87,18;	85,23;	81,89;	81,14;	77,03;	76,54;	73,08;	71,17;	68,73;	66,94;	66,78;	66,31;	61,75;	59,25;	51,63;	49,43;	45,14;	40,02;	37,5;	35,75;	34,93;	30,95;	30,52;	25,0;	23,78;	19,13;	15,92;	13,1;	11,46;	10,84;	2,59;	0,15;	0;	0;	0;	0;	0;	0;	0;	0;	0;	0;	0;	0;	0;	0;	0;	0;	0;	0;	0;	0;	0;	0;	0;	0;	0;	0;	0;	0;	0;	0;	0;	0;	0;	0;	0;	0;	0;	0;	0;	0;	0;	0;	0;	0;	0;	0;	0;	0;	0;	0;	0;	0;	0;	0;	0;	0;	0;	0;	0;	0;	0;	0;	0;	0;	0;	0;	0;	0;	0
47;	-20;	6;	0,92;	55,81;	53,01;	46,06;	45,15;	43,62;	39,35;	35,88;	33,95;	32,87;	32,19;	26,81;	26,1;	25,89;	23,3;	17,68;	16,15;	14,5;	5,77;	4,22;	4,08;	0;	0;	0;	0;	0;	0;	0;	0;	0;	0;	0;	0;	0;	0;	0;	0;	0;	0;	0;	0;	0;	0;	0;	0;	0;	0;	0;	0;	0;	0;	0;	0;	0;	0;	0;	0;	0;	0;	0;	0;	0;	0;	0;	0;	0;	0;	0;	0;	0;	0;	0;	0;	0;	0;	0;	0;	0;	0;	0;	0;	0;	0;	0;	0;	0;	0;	0;	0;	0;	0;	0;	0;	0;	0;	0;	0;	0;	0;	0;	0;	0
48;	6;	6;	1,02;	nan;	nan;	nan;	nan;	nan;	nan;	100,0;	99,61;	98,91;	98,49;	97,49;	97,09;	96,82;	95,39;	94,54;	93,94;	91,03;	88,61;	88,5;	83,92;	76,82;	73,98;	69,72;	69,48;	68,22;	64,07;	60,52;	57,24;	54,11;	52,11;	51,21;	48,57;	45,6;	43,14;	37,97;	37,29;	35,7;	31,55;	28,42;	22,07;	16,43;	16,24;	16,04;	15,34;	14,45;	13,37;	13,21;	6,18;	4,84;	0,0;	0,0;	0,0;	0,0;	0,0;	0,0;	0,0;	0,0;	0,0;	0,0;	0,0;	0,0;	0,0;	0,0;	0,0;	0,0;	0,0;	0,0;	0,0;	0,0;	0,0;	0,0;	0,0;	0,0;	0,0;	0,0;	0,0;	0,0;	0,0;	0,0;	0,0;	0,0;	0,0;	0,0;	0,0;	0,0;	0,0;	0,0;	0,0;	0,0;	0,0;	0,0;	0,0;	0,0;	0,0;	0,0;	0,0;	0,0;	0,0;	0,0;	0,0;	0,0
49;	-3;	6;	1,09;	98,32;	98,0;	97,5;	95,82;	94,08;	91,61;	90,7;	89,93;	83,87;	79,9;	79,26;	78,96;	78,05;	77,89;	74,53;	74,52;	74,0;	72,27;	66,39;	64,86;	63,97;	61,2;	52,01;	44,86;	36,96;	34,33;	33,85;	26,53;	24,22;	16,47;	15,92;	8,14;	5,3;	0;	0;	0;	0;	0;	0;	0;	0;	0;	0;	0;	0;	0;	0;	0;	0;	0;	0;	0;	0;	0;	0;	0;	0;	0;	0;	0;	0;	0;	0;	0;	0;	0;	0;	0;	0;	0;	0;	0;	0;	0;	0;	0;	0;	0;	0;	0;	0;	0;	0;	0;	0;	0;	0;	0;	0;	0;	0;	0;	0;	0;	0;	0;	0;	0;	0;	0;	0
50;	-10;	6;	1,02;	91,51;	91,17;	88,47;	84,83;	80,98;	77,92;	77,58;	76,87;	75,09;	72,81;	72,31;	66,75;	65,02;	64,51;	61,57;	59,71;	58,67;	50,83;	50,67;	49,26;	45,46;	40,94;	39,72;	35,94;	34,67;	34,57;	33,1;	31,9;	22,54;	19,52;	15,02;	12,9;	1,34;	0;	0;	0;	0;	0;	0;	0;	0;	0;	0;	0;	0;	0;	0;	0;	0;	0;	0;	0;	0;	0;	0;	0;	0;	0;	0;	0;	0;	0;	0;	0;	0;	0;	0;	0;	0;	0;	0;	0;	0;	0;	0;	0;	0;	0;	0;	0;	0;	0;	0;	0;	0;	0;	0;	0;	0;	0;	0;	0;	0;	0;	0;	0;	0;	0;	0;	0;	0
51;	0;	6;	1,07;	100,0;	99,87;	99,45;	98,9;	98,86;	98,33;	96,58;	95,64;	95,25;	93,77;	92,14;	90,63;	89,94;	87,3;	86,85;	83,95;	82,01;	81,03;	75,66;	72,44;	70,52;	67,93;	67,69;	66,36;	63,22;	57,59;	49,99;	48,2;	41,21;	34,76;	30,84;	27,09;	25,57;	19,93;	13,03;	9,79;	7,36;	5,03;	0;	0;	0;	0;	0;	0;	0;	0;	0;	0;	0;	0;	0;	0;	0;	0;	0;	0;	0;	0;	0;	0;	0;	0;	0;	0;	0;	0;	0;	0;	0;	0;	0;	0;	0;	0;	0;	0;	0;	0;	0;	0;	0;	0;	0;	0;	0;	0;	0;	0;	0;	0;	0;	0;	0;	0;	0;	0;	0;	0;	0;	0;	0
52;	0;	6;	0,88;	100,0;	99,96;	99,56;	99,19;	99,06;	98,78;	97,33;	96,0;	94,14;	93,61;	93,5;	88,49;	86,77;	86,44;	86,24;	86,16;	83,82;	76,95;	73,52;	70,38;	66,95;	65,17;	62,94;	56,36;	55,47;	54,41;	54,33;	51,6;	51,46;	48,61;	47,86;	42,35;	41,5;	30,78;	26,43;	24,37;	17,4;	15,64;	14,36;	10,74;	9,2;	4,33;	0,01;	0;	0;	0;	0;	0;	0;	0;	0;	0;	0;	0;	0;	0;	0;	0;	0;	0;	0;	0;	0;	0;	0;	0;	0;	0;	0;	0;	0;	0;	0;	0;	0;	0;	0;	0;	0;	0;	0;	0;	0;	0;	0;	0;	0;	0;	0;	0;	0;	0;	0;	0;	0;	0;	0;	0;	0;	0;	0
53;	4;	6;	0,98;	nan;	nan;	nan;	nan;	100,0;	99,64;	99,5;	99,3;	97,19;	96,84;	96,54;	95,32;	93,19;	91,63;	90,77;	86,32;	84,03;	83,58;	78,93;	76,87;	76,35;	75,62;	73,9;	70,25;	68,53;	64,17;	63,72;	62,03;	60,55;	56,07;	55,0;	53,69;	52,8;	52,15;	51,89;	50,51;	48,08;	46,18;	44,69;	40,85;	40,06;	36,13;	33,25;	27,04;	26,38;	26,12;	22,91;	17,71;	16,4;	12,29;	2,18;	0,0;	0,0;	0,0;	0,0;	0,0;	0,0;	0,0;	0,0;	0,0;	0,0;	0,0;	0,0;	0,0;	0,0;	0,0;	0,0;	0,0;	0,0;	0,0;	0,0;	0,0;	0,0;	0,0;	0,0;	0,0;	0,0;	0,0;	0,0;	0,0;	0,0;	0,0;	0,0;	0,0;	0,0;	0,0;	0,0;	0,0;	0,0;	0,0;	0,0;	0,0;	0,0;	0,0;	0,0;	0,0;	0,0;	0,0;	0,0;	0,0;	0,0
54;	2;	6;	0,86;	nan;	nan;	100,0;	99,74;	99,57;	99,47;	99,09;	98,26;	98,17;	97,58;	96,25;	95,91;	95,31;	94,62;	91,28;	87,52;	86,33;	83,51;	79,2;	74,65;	72,22;	67,73;	62,16;	60,35;	59,86;	59,22;	55,03;	54,93;	52,37;	51,43;	49,94;	47,32;	45,89;	44,95;	44,94;	43,77;	41,99;	37,4;	36,25;	26,32;	20,06;	12,61;	9,72;	8,11;	7,57;	0,0;	0,0;	0,0;	0,0;	0,0;	0,0;	0,0;	0,0;	0,0;	0,0;	0,0;	0,0;	0,0;	0,0;	0,0;	0,0;	0,0;	0,0;	0,0;	0,0;	0,0;	0,0;	0,0;	0,0;	0,0;	0,0;	0,0;	0,0;	0,0;	0,0;	0,0;	0,0;	0,0;	0,0;	0,0;	0,0;	0,0;	0,0;	0,0;	0,0;	0,0;	0,0;	0,0;	0,0;	0,0;	0,0;	0,0;	0,0;	0,0;	0,0;	0,0;	0,0;	0,0;	0,0;	0,0;	0,0
55;	-3;	6;	1,09;	97,72;	97,65;	95,87;	95,01;	94,12;	92,29;	89,27;	87,56;	86,86;	84,08;	84,03;	82,13;	80,21;	79,36;	75,66;	68,61;	65,82;	63,53;	63,04;	60,52;	58,37;	54,28;	51,55;	50,02;	46,45;	43,24;	38,38;	35,1;	33,42;	32,54;	32,49;	28,0;	21,75;	17,97;	17,88;	17,59;	12,91;	6,49;	1,65;	0;	0;	0;	0;	0;	0;	0;	0;	0;	0;	0;	0;	0;	0;	0;	0;	0;	0;	0;	0;	0;	0;	0;	0;	0;	0;	0;	0;	0;	0;	0;	0;	0;	0;	0;	0;	0;	0;	0;	0;	0;	0;	0;	0;	0;	0;	0;	0;	0;	0;	0;	0;	0;	0;	0;	0;	0;	0;	0;	0;	0;	0
56;	6;	6;	0,91;	nan;	nan;	nan;	nan;	nan;	nan;	100,0;	99,86;	99,33;	99,22;	98,01;	97,35;	96,39;	96,34;	94,77;	92,62;	91,75;	90,18;	87,85;	87,07;	84,92;	83,97;	81,82;	81,16;	76,84;	74,85;	70,91;	70,19;	68,19;	66,28;	64,01;	63,9;	62,47;	57,96;	57,44;	57,07;	55,86;	55,04;	49,85;	44,97;	41,83;	39,13;	33,15;	32,68;	30,06;	27,62;	19,1;	14,0;	9,97;	4,42;	2,52;	0,0;	0,0;	0,0;	0,0;	0,0;	0,0;	0,0;	0,0;	0,0;	0,0;	0,0;	0,0;	0,0;	0,0;	0,0;	0,0;	0,0;	0,0;	0,0;	0,0;	0,0;	0,0;	0,0;	0,0;	0,0;	0,0;	0,0;	0,0;	0,0;	0,0;	0,0;	0,0;	0,0;	0,0;	0,0;	0,0;	0,0;	0,0;	0,0;	0,0;	0,0;	0,0;	0,0;	0,0;	0,0;	0,0;	0,0;	0,0;	0,0;	0,0
57;	15;	6;	0,95;	nan;	nan;	nan;	nan;	nan;	nan;	nan;	nan;	nan;	nan;	nan;	nan;	nan;	nan;	nan;	100,0;	99,72;	99,03;	98,85;	97,96;	96,32;	94,55;	94,43;	94,26;	93,74;	91,71;	91,42;	88,26;	84,8;	81,94;	81,16;	76,9;	74,45;	73,63;	67,18;	62,6;	58,63;	57,38;	53,74;	51,93;	49,11;	46,06;	44,65;	43,07;	40,0;	37,85;	35,16;	26,46;	23,03;	18,37;	16,37;	13,34;	11,65;	11,51;	7,81;	4,97;	4,78;	4,56;	0,0;	0,0;	0,0;	0,0;	0,0;	0,0;	0,0;	0,0;	0,0;	0,0;	0,0;	0,0;	0,0;	0,0;	0,0;	0,0;	0,0;	0,0;	0,0;	0,0;	0,0;	0,0;	0,0;	0,0;	0,0;	0,0;	0,0;	0,0;	0,0;	0,0;	0,0;	0,0;	0,0;	0,0;	0,0;	0,0;	0,0;	0,0;	0,0;	0,0;	0,0;	0,0;	0,0
58;	12;	6;	0,99;	nan;	nan;	nan;	nan;	nan;	nan;	nan;	nan;	nan;	nan;	nan;	nan;	100,0;	99,98;	99,84;	98,69;	97,35;	96,17;	94,55;	94,32;	92,46;	92,05;	90,37;	87,15;	85,02;	82,51;	79,01;	74,39;	69,87;	67,43;	66,49;	64,5;	61,63;	59,05;	58,34;	57,68;	53,11;	50,84;	45,5;	45,06;	39,45;	34,3;	33,83;	30,38;	27,55;	25,35;	21,22;	16,92;	13,41;	10,58;	8,99;	6,59;	0,67;	0,0;	0,0;	0,0;	0,0;	0,0;	0,0;	0,0;	0,0;	0,0;	0,0;	0,0;	0,0;	0,0;	0,0;	0,0;	0,0;	0,0;	0,0;	0,0;	0,0;	0,0;	0,0;	0,0;	0,0;	0,0;	0,0;	0,0;	0,0;	0,0;	0,0;	0,0;	0,0;	0,0;	0,0;	0,0;	0,0;	0,0;	0,0;	0,0;	0,0;	0,0;	0,0;	0,0;	0,0;	0,0;	0,0;	0,0;	0,0
59;	12;	6;	0,98;	nan;	nan;	nan;	nan;	nan;	nan;	nan;	nan;	nan;	nan;	nan;	nan;	100,0;	99,59;	99,58;	99,09;	98,67;	98,49;	96,76;	95,68;	92,8;	89,0;	88,96;	86,85;	84,92;	84,76;	82,28;	81,84;	81,29;	77,96;	75,84;	69,38;	66,57;	61,19;	60,59;	56,62;	55,29;	50,08;	47,78;	46,72;	46,6;	44,37;	42,38;	41,39;	37,38;	33,07;	27,89;	24,42;	23,18;	20,55;	20,22;	17,86;	14,03;	9,43;	4,24;	2,04;	1,02;	0,0;	0,0;	0,0;	0,0;	0,0;	0,0;	0,0;	0,0;	0,0;	0,0;	0,0;	0,0;	0,0;	0,0;	0,0;	0,0;	0,0;	0,0;	0,0;	0,0;	0,0;	0,0;	0,0;	0,0;	0,0;	0,0;	0,0;	0,0;	0,0;	0,0;	0,0;	0,0;	0,0;	0,0;	0,0;	0,0;	0,0;	0,0;	0,0;	0,0;	0,0;	0,0;	0,0;	0,0
60;	4;	6;	1,09;	nan;	nan;	nan;	nan;	100,0;	99,86;	99,1;	98,41;	96,33;	95,59;	95,38;	94,18;	92,5;	89,86;	86,22;	84,8;	81,73;	78,24;	75,76;	70,49;	66,68;	66,31;	66,1;	65,92;	64,41;	60,91;	53,6;	52,54;	45,6;	43,77;	43,65;	41,31;	36,65;	34,19;	31,81;	30,99;	21,66;	17,29;	16,06;	7,91;	7,58;	4,07;	3,99;	1,42;	0,0;	0,0;	0,0;	0,0;	0,0;	0,0;	0,0;	0,0;	0,0;	0,0;	0,0;	0,0;	0,0;	0,0;	0,0;	0,0;	0,0;	0,0;	0,0;	0,0;	0,0;	0,0;	0,0;	0,0;	0,0;	0,0;	0,0;	0,0;	0,0;	0,0;	0,0;	0,0;	0,0;	0,0;	0,0;	0,0;	0,0;	0,0;	0,0;	0,0;	0,0;	0,0;	0,0;	0,0;	0,0;	0,0;	0,0;	0,0;	0,0;	0,0;	0,0;	0,0;	0,0;	0,0;	0,0;	0,0;	0,0
61;	12;	6;	0,98;	nan;	nan;	nan;	nan;	nan;	nan;	nan;	nan;	nan;	nan;	nan;	nan;	100,0;	99,72;	99,38;	99,2;	98,89;	98,57;	98,02;	96,54;	94,55;	93,27;	93,07;	90,23;	88,29;	85,52;	84,85;	84,67;	81,52;	79,83;	79,26;	77,63;	75,12;	69,84;	69,77;	69,21;	67,23;	65,55;	65,21;	61,31;	55,19;	55,13;	54,63;	51,72;	50,99;	50,06;	49,16;	48,2;	47,96;	39,34;	37,27;	37,19;	32,08;	31,19;	25,88;	17,13;	11,86;	0,0;	0,0;	0,0;	0,0;	0,0;	0,0;	0,0;	0,0;	0,0;	0,0;	0,0;	0,0;	0,0;	0,0;	0,0;	0,0;	0,0;	0,0;	0,0;	0,0;	0,0;	0,0;	0,0;	0,0;	0,0;	0,0;	0,0;	0,0;	0,0;	0,0;	0,0;	0,0;	0,0;	0,0;	0,0;	0,0;	0,0;	0,0;	0,0;	0,0;	0,0;	0,0;	0,0;	0,0
62;	2;	6;	1,12;	nan;	nan;	100,0;	99,84;	99,32;	98,45;	97,55;	97,3;	96,71;	95,67;	91,32;	88,37;	86,45;	84,41;	82,61;	80,94;	80,38;	77,19;	73,15;	69,05;	63,72;	62,56;	62,14;	59,42;	57,69;	54,08;	53,01;	50,65;	47,39;	46,94;	46,83;	44,9;	43,71;	43,37;	40,5;	34,97;	34,59;	27,65;	21,74;	19,67;	14,83;	14,3;	9,03;	3,66;	1,79;	0,0;	0,0;	0,0;	0,0;	0,0;	0,0;	0,0;	0,0;	0,0;	0,0;	0,0;	0,0;	0,0;	0,0;	0,0;	0,0;	0,0;	0,0;	0,0;	0,0;	0,0;	0,0;	0,0;	0,0;	0,0;	0,0;	0,0;	0,0;	0,0;	0,0;	0,0;	0,0;	0,0;	0,0;	0,0;	0,0;	0,0;	0,0;	0,0;	0,0;	0,0;	0,0;	0,0;	0,0;	0,0;	0,0;	0,0;	0,0;	0,0;	0,0;	0,0;	0,0;	0,0;	0,0;	0,0;	0,0
63;	-11;	6;	0,9;	85,25;	84,04;	81,92;	80,79;	79,94;	79,29;	78,19;	76,98;	76,52;	72,11;	66,82;	63,09;	62,71;	61,78;	61,39;	58,77;	52,47;	49,22;	46,37;	43,54;	38,19;	34,64;	31,82;	28,72;	25,64;	24,07;	18,76;	17,14;	10,14;	6,19;	3,42;	0;	0;	0;	0;	0;	0;	0;	0;	0;	0;	0;	0;	0;	0;	0;	0;	0;	0;	0;	0;	0;	0;	0;	0;	0;	0;	0;	0;	0;	0;	0;	0;	0;	0;	0;	0;	0;	0;	0;	0;	0;	0;	0;	0;	0;	0;	0;	0;	0;	0;	0;	0;	0;	0;	0;	0;	0;	0;	0;	0;	0;	0;	0;	0;	0;	0;	0;	0;	0;	0
64;	-13;	6;	1,07;	85,33;	83,1;	81,05;	73,26;	69,63;	67,86;	65,57;	62,82;	59,96;	57,79;	54,14;	53,43;	52,56;	44,96;	42,66;	41,38;	40,64;	38,67;	36,37;	35,61;	34,4;	29,98;	28,42;	25,75;	17,6;	11,67;	11,35;	9,42;	0;	0;	0;	0;	0;	0;	0;	0;	0;	0;	0;	0;	0;	0;	0;	0;	0;	0;	0;	0;	0;	0;	0;	0;	0;	0;	0;	0;	0;	0;	0;	0;	0;	0;	0;	0;	0;	0;	0;	0;	0;	0;	0;	0;	0;	0;	0;	0;	0;	0;	0;	0;	0;	0;	0;	0;	0;	0;	0;	0;	0;	0;	0;	0;	0;	0;	0;	0;	0;	0;	0;	0;	0
65;	0;	6;	1,1;	100,0;	99,75;	99,51;	99,19;	98,76;	97,09;	96,81;	96,65;	95,78;	93,23;	93,11;	92,58;	91,49;	90,54;	90,19;	90,08;	89,59;	85,67;	81,96;	81,72;	81,59;	81,47;	78,87;	75,1;	72,39;	69,6;	66,16;	64,09;	58,35;	56,47;	55,5;	52,84;	50,14;	48,26;	42,8;	42,27;	38,42;	34,74;	31,18;	27,02;	25,28;	21,04;	19,83;	15,1;	8,25;	6,32;	3,67;	1,41;	0;	0;	0;	0;	0;	0;	0;	0;	0;	0;	0;	0;	0;	0;	0;	0;	0;	0;	0;	0;	0;	0;	0;	0;	0;	0;	0;	0;	0;	0;	0;	0;	0;	0;	0;	0;	0;	0;	0;	0;	0;	0;	0;	0;	0;	0;	0;	0;	0;	0;	0;	0;	0
66;	16;	6;	1,03;	nan;	nan;	nan;	nan;	nan;	nan;	nan;	nan;	nan;	nan;	nan;	nan;	nan;	nan;	nan;	nan;	100,0;	99,93;	99,42;	99,26;	98,69;	97,74;	96,12;	94,82;	92,32;	91,53;	89,95;	87,02;	86,82;	83,93;	83,51;	79,46;	77,21;	70,9;	67,57;	66,88;	66,46;	64,13;	56,75;	55,62;	47,29;	44,41;	43,48;	43,07;	42,11;	41,77;	38,64;	30,76;	29,38;	24,03;	19,3;	17,53;	16,67;	15,61;	11,49;	4,62;	4,09;	1,92;	0,0;	0,0;	0,0;	0,0;	0,0;	0,0;	0,0;	0,0;	0,0;	0,0;	0,0;	0,0;	0,0;	0,0;	0,0;	0,0;	0,0;	0,0;	0,0;	0,0;	0,0;	0,0;	0,0;	0,0;	0,0;	0,0;	0,0;	0,0;	0,0;	0,0;	0,0;	0,0;	0,0;	0,0;	0,0;	0,0;	0,0;	0,0;	0,0;	0,0;	0,0;	0,0;	0,0
67;	3;	6;	1,03;	nan;	nan;	nan;	100,0;	99,34;	99,28;	98,8;	98,03;	98,02;	96,71;	95,16;	94,5;	94,15;	94,02;	88,68;	87,17;	82,35;	82,33;	81,81;	80,55;	77,97;	72,64;	70,34;	66,7;	64,91;	61,69;	57,88;	50,07;	48,48;	45,48;	42,5;	38,07;	35,3;	28,47;	23,99;	18,61;	17,94;	16,56;	9,87;	5,51;	3,42;	0,0;	0,0;	0,0;	0,0;	0,0;	0,0;	0,0;	0,0;	0,0;	0,0;	0,0;	0,0;	0,0;	0,0;	0,0;	0,0;	0,0;	0,0;	0,0;	0,0;	0,0;	0,0;	0,0;	0,0;	0,0;	0,0;	0,0;	0,0;	0,0;	0,0;	0,0;	0,0;	0,0;	0,0;	0,0;	0,0;	0,0;	0,0;	0,0;	0,0;	0,0;	0,0;	0,0;	0,0;	0,0;	0,0;	0,0;	0,0;	0,0;	0,0;	0,0;	0,0;	0,0;	0,0;	0,0;	0,0;	0,0;	0,0;	0,0;	0,0
68;	3;	6;	1,14;	nan;	nan;	nan;	100,0;	99,49;	99,29;	98,47;	97,64;	93,98;	91,8;	89,67;	88,05;	85,41;	82,22;	80,3;	79,47;	77,12;	75,43;	72,28;	71,99;	71,65;	68,03;	63,57;	60,64;	54,52;	50,68;	49,26;	46,51;	44,37;	35,58;	25,3;	23,78;	23,23;	21,51;	16,85;	13,21;	9,75;	8,27;	5,35;	4,65;	0,21;	0,0;	0,0;	0,0;	0,0;	0,0;	0,0;	0,0;	0,0;	0,0;	0,0;	0,0;	0,0;	0,0;	0,0;	0,0;	0,0;	0,0;	0,0;	0,0;	0,0;	0,0;	0,0;	0,0;	0,0;	0,0;	0,0;	0,0;	0,0;	0,0;	0,0;	0,0;	0,0;	0,0;	0,0;	0,0;	0,0;	0,0;	0,0;	0,0;	0,0;	0,0;	0,0;	0,0;	0,0;	0,0;	0,0;	0,0;	0,0;	0,0;	0,0;	0,0;	0,0;	0,0;	0,0;	0,0;	0,0;	0,0;	0,0;	0,0;	0,0
69;	13;	6;	0,94;	nan;	nan;	nan;	nan;	nan;	nan;	nan;	nan;	nan;	nan;	nan;	nan;	nan;	100,0;	99,55;	99,04;	98,97;	98,04;	95,69;	94,0;	92,85;	91,59;	91,26;	90,11;	89,95;	89,02;	87,52;	83,13;	82,59;	81,14;	79,8;	72,43;	70,75;	66,68;	64,95;	60,39;	56,39;	55,22;	53,27;	51,04;	50,43;	49,76;	43,38;	38,29;	35,53;	33,61;	25,22;	21,54;	17,69;	15,9;	15,9;	13,85;	6,23;	3,44;	3,32;	2,05;	1,06;	0,62;	0,0;	0,0;	0,0;	0,0;	0,0;	0,0;	0,0;	0,0;	0,0;	0,0;	0,0;	0,0;	0,0;	0,0;	0,0;	0,0;	0,0;	0,0;	0,0;	0,0;	0,0;	0,0;	0,0;	0,0;	0,0;	0,0;	0,0;	0,0;	0,0;	0,0;	0,0;	0,0;	0,0;	0,0;	0,0;	0,0;	0,0;	0,0;	0,0;	0,0;	0,0;	0,0;	0,0
70;	-2;	6;	0,92;	99,71;	99,3;	97,6;	96,84;	95,07;	94,02;	93,35;	92,64;	90,91;	86,32;	84,29;	79,99;	79,5;	76,66;	75,53;	73,96;	72,86;	70,25;	69,86;	68,11;	67,14;	66,92;	63,79;	61,25;	58,62;	51,91;	49,34;	47,63;	45,67;	44,79;	37,22;	35,36;	33,77;	24,89;	22,34;	20,81;	18,55;	17,42;	14,76;	6,67;	3,04;	0,21;	0;	0;	0;	0;	0;	0;	0;	0;	0;	0;	0;	0;	0;	0;	0;	0;	0;	0;	0;	0;	0;	0;	0;	0;	0;	0;	0;	0;	0;	0;	0;	0;	0;	0;	0;	0;	0;	0;	0;	0;	0;	0;	0;	0;	0;	0;	0;	0;	0;	0;	0;	0;	0;	0;	0;	0;	0;	0;	0
71;	-17;	6;	0,91;	84,35;	84,29;	82,63;	80,46;	79,26;	75,59;	75,47;	72,26;	66,92;	62,5;	60,07;	58,61;	55,1;	54,0;	52,28;	50,83;	50,77;	49,68;	47,23;	46,99;	43,22;	41,19;	39,18;	34,44;	27,56;	26,12;	21,75;	21,1;	14,49;	14,22;	11,95;	10,11;	4,63;	1,34;	0;	0;	0;	0;	0;	0;	0;	0;	0;	0;	0;	0;	0;	0;	0;	0;	0;	0;	0;	0;	0;	0;	0;	0;	0;	0;	0;	0;	0;	0;	0;	0;	0;	0;	0;	0;	0;	0;	0;	0;	0;	0;	0;	0;	0;	0;	0;	0;	0;	0;	0;	0;	0;	0;	0;	0;	0;	0;	0;	0;	0;	0;	0;	0;	0;	0;	0
72;	-7;	6;	0,91;	96,07;	95,97;	92,89;	91,4;	88,35;	83,9;	82,99;	80,42;	79,99;	78,76;	78,5;	76,05;	73,8;	72,91;	71,65;	71,56;	69,5;	69,24;	63,69;	58,2;	52,69;	52,31;	51,69;	51,23;	48,9;	48,4;	47,42;	43,01;	37,26;	33,93;	24,72;	18,21;	16,88;	12,71;	6,78;	6,25;	5,18;	0;	0;	0;	0;	0;	0;	0;	0;	0;	0;	0;	0;	0;	0;	0;	0;	0;	0;	0;	0;	0;	0;	0;	0;	0;	0;	0;	0;	0;	0;	0;	0;	0;	0;	0;	0;	0;	0;	0;	0;	0;	0;	0;	0;	0;	0;	0;	0;	0;	0;	0;	0;	0;	0;	0;	0;	0;	0;	0;	0;	0;	0;	0;	0
73;	3;	6;	0,89;	nan;	nan;	nan;	100,0;	99,95;	99,85;	99,5;	99,27;	98,38;	97,87;	96,71;	96,54;	95,78;	95,16;	94,92;	94,24;	94,11;	91,93;	89,62;	87,29;	83,37;	83,2;	79,94;	79,3;	75,84;	74,11;	72,29;	71,35;	66,12;	62,53;	54,28;	53,3;	49,86;	47,46;	44,56;	41,47;	39,5;	37,17;	34,53;	34,23;	32,29;	27,02;	22,04;	16,54;	8,84;	1,04;	0,0;	0,0;	0,0;	0,0;	0,0;	0,0;	0,0;	0,0;	0,0;	0,0;	0,0;	0,0;	0,0;	0,0;	0,0;	0,0;	0,0;	0,0;	0,0;	0,0;	0,0;	0,0;	0,0;	0,0;	0,0;	0,0;	0,0;	0,0;	0,0;	0,0;	0,0;	0,0;	0,0;	0,0;	0,0;	0,0;	0,0;	0,0;	0,0;	0,0;	0,0;	0,0;	0,0;	0,0;	0,0;	0,0;	0,0;	0,0;	0,0;	0,0;	0,0;	0,0;	0,0;	0,0;	0,0
74;	10;	6;	0,96;	nan;	nan;	nan;	nan;	nan;	nan;	nan;	nan;	nan;	nan;	100,0;	99,81;	99,54;	99,39;	98,75;	97,66;	96,68;	95,13;	94,5;	94,35;	91,19;	91,15;	89,74;	89,17;	88,18;	86,9;	86,43;	85,26;	81,87;	79,38;	78,74;	77,25;	74,5;	69,36;	68,24;	65,09;	63,16;	58,75;	57,86;	56,25;	55,85;	54,95;	54,1;	51,84;	50,81;	49,13;	46,64;	42,77;	42,2;	42,15;	41,51;	36,55;	30,76;	30,11;	28,81;	25,56;	21,68;	17,05;	14,94;	11,99;	10,24;	0,0;	0,0;	0,0;	0,0;	0,0;	0,0;	0,0;	0,0;	0,0;	0,0;	0,0;	0,0;	0,0;	0,0;	0,0;	0,0;	0,0;	0,0;	0,0;	0,0;	0,0;	0,0;	0,0;	0,0;	0,0;	0,0;	0,0;	0,0;	0,0;	0,0;	0,0;	0,0;	0,0;	0,0;	0,0;	0,0;	0,0;	0,0;	0,0;	0,0
75;	-18;	6;	0,91;	80,19;	78,6;	76,36;	75,27;	73,33;	72,89;	67,97;	64,29;	60,57;	60,24;	54,66;	51,17;	46,22;	44,45;	43,47;	42,97;	38,75;	37,66;	33,59;	29,97;	24,07;	18,21;	15,61;	15,26;	13,7;	7,42;	6,78;	5,46;	1,59;	0;	0;	0;	0;	0;	0;	0;	0;	0;	0;	0;	0;	0;	0;	0;	0;	0;	0;	0;	0;	0;	0;	0;	0;	0;	0;	0;	0;	0;	0;	0;	0;	0;	0;	0;	0;	0;	0;	0;	0;	0;	0;	0;	0;	0;	0;	0;	0;	0;	0;	0;	0;	0;	0;	0;	0;	0;	0;	0;	0;	0;	0;	0;	0;	0;	0;	0;	0;	0;	0;	0;	0
76;	-15;	6;	1,0;	81,02;	79,76;	77,97;	76,96;	76,83;	74,03;	70,56;	68,92;	66,96;	65,0;	64,21;	55,66;	52,1;	48,72;	47,17;	46,8;	46,39;	45,99;	42,07;	35,5;	32,71;	25,36;	23,32;	16,11;	15,81;	8,03;	7,31;	6,74;	3,16;	0,55;	0;	0;	0;	0;	0;	0;	0;	0;	0;	0;	0;	0;	0;	0;	0;	0;	0;	0;	0;	0;	0;	0;	0;	0;	0;	0;	0;	0;	0;	0;	0;	0;	0;	0;	0;	0;	0;	0;	0;	0;	0;	0;	0;	0;	0;	0;	0;	0;	0;	0;	0;	0;	0;	0;	0;	0;	0;	0;	0;	0;	0;	0;	0;	0;	0;	0;	0;	0;	0;	0;	0
77;	-1;	6;	0,91;	99,72;	99,09;	98,15;	98,14;	98,04;	95,79;	94,28;	92,08;	90,94;	87,95;	87,2;	87,04;	85,33;	81,89;	80,71;	77,64;	77,34;	69,01;	68,77;	68,03;	67,01;	65,43;	63,49;	62,57;	56,7;	56,3;	50,26;	46,13;	45,92;	45,92;	45,29;	43,6;	40,99;	40,86;	37,32;	32,92;	27,73;	27,14;	23,53;	18,87;	18,62;	17,96;	16,17;	13,72;	11,96;	9,85;	7,76;	3,07;	0;	0;	0;	0;	0;	0;	0;	0;	0;	0;	0;	0;	0;	0;	0;	0;	0;	0;	0;	0;	0;	0;	0;	0;	0;	0;	0;	0;	0;	0;	0;	0;	0;	0;	0;	0;	0;	0;	0;	0;	0;	0;	0;	0;	0;	0;	0;	0;	0;	0;	0;	0;	0
78;	5;	6;	0,94;	nan;	nan;	nan;	nan;	nan;	100,0;	99,96;	99,68;	98,72;	98,09;	97,17;	96,38;	94,9;	93,2;	92,9;	91,51;	91,21;	88,15;	87,36;	85,25;	82,93;	81,12;	77,6;	75,09;	72,96;	71,05;	70,45;	67,43;	66,08;	65,95;	64,89;	61,43;	56,0;	52,95;	50,6;	50,13;	47,69;	45,78;	43,0;	37,85;	36,7;	30,9;	30,77;	27,93;	24,15;	23,58;	20,62;	18,64;	15,23;	10,83;	10,35;	9,38;	7,01;	6,55;	4,65;	1,66;	0,0;	0,0;	0,0;	0,0;	0,0;	0,0;	0,0;	0,0;	0,0;	0,0;	0,0;	0,0;	0,0;	0,0;	0,0;	0,0;	0,0;	0,0;	0,0;	0,0;	0,0;	0,0;	0,0;	0,0;	0,0;	0,0;	0,0;	0,0;	0,0;	0,0;	0,0;	0,0;	0,0;	0,0;	0,0;	0,0;	0,0;	0,0;	0,0;	0,0;	0,0;	0,0;	0,0;	0,0;	0,0
79;	-2;	6;	1,05;	99,64;	99,49;	99,1;	97,63;	96,93;	95,72;	95,47;	93,76;	93,74;	91,92;	85,98;	84,84;	75,36;	72,59;	68,21;	66,69;	65,59;	60,71;	56,52;	50,22;	48,53;	44,7;	39,5;	38,3;	34,92;	29,02;	25,06;	23,37;	22,48;	20,34;	17,7;	12,98;	6,28;	5,33;	2,86;	0,22;	0;	0;	0;	0;	0;	0;	0;	0;	0;	0;	0;	0;	0;	0;	0;	0;	0;	0;	0;	0;	0;	0;	0;	0;	0;	0;	0;	0;	0;	0;	0;	0;	0;	0;	0;	0;	0;	0;	0;	0;	0;	0;	0;	0;	0;	0;	0;	0;	0;	0;	0;	0;	0;	0;	0;	0;	0;	0;	0;	0;	0;	0;	0;	0;	0
80;	-1;	6;	0,89;	99,84;	99,65;	99,23;	98,87;	97,33;	97,19;	94,32;	93,79;	91,59;	90,42;	88,79;	86,7;	84,15;	81,48;	81,07;	80,41;	80,02;	79,14;	78,22;	77,87;	71,88;	71,74;	70,51;	69,84;	66,02;	64,15;	61,17;	59,35;	58,28;	55,08;	54,92;	50,17;	46,41;	45,65;	45,36;	39,87;	35,19;	33,07;	21,63;	19,54;	19,45;	11,26;	10,59;	10,24;	7,96;	2,35;	0;	0;	0;	0;	0;	0;	0;	0;	0;	0;	0;	0;	0;	0;	0;	0;	0;	0;	0;	0;	0;	0;	0;	0;	0;	0;	0;	0;	0;	0;	0;	0;	0;	0;	0;	0;	0;	0;	0;	0;	0;	0;	0;	0;	0;	0;	0;	0;	0;	0;	0;	0;	0;	0;	0
81;	10;	6;	0,98;	nan;	nan;	nan;	nan;	nan;	nan;	nan;	nan;	nan;	nan;	100,0;	99,89;	99,66;	99,42;	99,12;	97,06;	95,89;	95,49;	94,77;	91,89;	90,42;	90,37;	89,12;	88,88;	88,64;	87,28;	81,0;	80,75;	76,5;	73,75;	71,66;	69,2;	69,08;	66,77;	60,17;	55,23;	53,24;	51,41;	50,79;	50,49;	49,01;	44,03;	43,55;	38,43;	37,26;	36,82;	35,69;	28,89;	23,38;	22,15;	17,79;	15,93;	14,81;	13,94;	11,12;	9,49;	5,5;	5,27;	1,13;	0,0;	0,0;	0,0;	0,0;	0,0;	0,0;	0,0;	0,0;	0,0;	0,0;	0,0;	0,0;	0,0;	0,0;	0,0;	0,0;	0,0;	0,0;	0,0;	0,0;	0,0;	0,0;	0,0;	0,0;	0,0;	0,0;	0,0;	0,0;	0,0;	0,0;	0,0;	0,0;	0,0;	0,0;	0,0;	0,0;	0,0;	0,0;	0,0;	0,0;	0,0;	0,0
82;	19;	6;	1,15;	nan;	nan;	nan;	nan;	nan;	nan;	nan;	nan;	nan;	nan;	nan;	nan;	nan;	nan;	nan;	nan;	nan;	nan;	nan;	100,0;	99,89;	99,16;	98,47;	98,24;	97,21;	95,58;	91,9;	91,55;	88,79;	88,4;	85,82;	83,67;	83,55;	80,07;	77,97;	75,43;	73,13;	72,22;	69,32;	63,08;	61,52;	61,13;	53,61;	52,81;	38,82;	37,22;	31,1;	28,05;	21,8;	19,1;	18,89;	15,64;	13,28;	4,22;	2,87;	0,0;	0,0;	0,0;	0,0;	0,0;	0,0;	0,0;	0,0;	0,0;	0,0;	0,0;	0,0;	0,0;	0,0;	0,0;	0,0;	0,0;	0,0;	0,0;	0,0;	0,0;	0,0;	0,0;	0,0;	0,0;	0,0;	0,0;	0,0;	0,0;	0,0;	0,0;	0,0;	0,0;	0,0;	0,0;	0,0;	0,0;	0,0;	0,0;	0,0;	0,0;	0,0;	0,0;	0,0;	0,0;	0,0
83;	0;	6;	0,91;	100,0;	99,74;	99,65;	99,07;	97,73;	96,69;	95,68;	94,07;	93,53;	92,85;	90,9;	90,49;	89,68;	87,14;	87,14;	84,72;	84,65;	78,95;	76,67;	71,53;	65,54;	63,09;	57,66;	57,19;	56,38;	54,93;	54,91;	53,31;	48,09;	46,18;	45,75;	42,84;	39,6;	38,1;	33,1;	31,89;	28,52;	22,33;	21,66;	20,35;	14,46;	14,06;	11,7;	11,22;	8,63;	7,19;	2,92;	0;	0;	0;	0;	0;	0;	0;	0;	0;	0;	0;	0;	0;	0;	0;	0;	0;	0;	0;	0;	0;	0;	0;	0;	0;	0;	0;	0;	0;	0;	0;	0;	0;	0;	0;	0;	0;	0;	0;	0;	0;	0;	0;	0;	0;	0;	0;	0;	0;	0;	0;	0;	0;	0
84;	-10;	6;	1,06;	84,12;	81,65;	79,9;	79,72;	77,11;	76,36;	75,71;	72,24;	71,46;	66,47;	66,26;	65,9;	63,98;	60,93;	60,33;	56,28;	51,09;	47,93;	44,48;	39,42;	36,87;	33,02;	30,82;	29,16;	27,0;	18,91;	12,85;	12,66;	8,06;	1,86;	0,91;	0;	0;	0;	0;	0;	0;	0;	0;	0;	0;	0;	0;	0;	0;	0;	0;	0;	0;	0;	0;	0;	0;	0;	0;	0;	0;	0;	0;	0;	0;	0;	0;	0;	0;	0;	0;	0;	0;	0;	0;	0;	0;	0;	0;	0;	0;	0;	0;	0;	0;	0;	0;	0;	0;	0;	0;	0;	0;	0;	0;	0;	0;	0;	0;	0;	0;	0;	0;	0;	0
85;	8;	6;	0,94;	nan;	nan;	nan;	nan;	nan;	nan;	nan;	nan;	100,0;	99,91;	99,55;	99,48;	99,14;	97,19;	96,52;	95,48;	94,83;	94,16;	93,89;	93,36;	93,23;	92,38;	88,94;	84,85;	82,14;	75,89;	75,19;	71,17;	64,94;	62,91;	61,05;	59,51;	54,79;	51,13;	50,08;	47,87;	43,24;	39,88;	30,69;	26,83;	23,92;	21,15;	19,96;	16,98;	16,92;	15,22;	14,85;	11,42;	3,58;	0,0;	0,0;	0,0;	0,0;	0,0;	0,0;	0,0;	0,0;	0,0;	0,0;	0,0;	0,0;	0,0;	0,0;	0,0;	0,0;	0,0;	0,0;	0,0;	0,0;	0,0;	0,0;	0,0;	0,0;	0,0;	0,0;	0,0;	0,0;	0,0;	0,0;	0,0;	0,0;	0,0;	0,0;	0,0;	0,0;	0,0;	0,0;	0,0;	0,0;	0,0;	0,0;	0,0;	0,0;	0,0;	0,0;	0,0;	0,0;	0,0;	0,0;	0,0;	0,0
86;	-7;	6;	0,97;	95,85;	95,41;	94,82;	93,44;	93,02;	91,15;	91,1;	87,47;	84,51;	79,45;	76,1;	73,0;	68,13;	67,81;	66,42;	63,37;	63,18;	60,77;	55,06;	51,87;	46,77;	38,91;	36,13;	31,81;	25,85;	24,42;	24,29;	22,73;	20,83;	19,39;	17,38;	13,73;	10,23;	9,54;	6,69;	0;	0;	0;	0;	0;	0;	0;	0;	0;	0;	0;	0;	0;	0;	0;	0;	0;	0;	0;	0;	0;	0;	0;	0;	0;	0;	0;	0;	0;	0;	0;	0;	0;	0;	0;	0;	0;	0;	0;	0;	0;	0;	0;	0;	0;	0;	0;	0;	0;	0;	0;	0;	0;	0;	0;	0;	0;	0;	0;	0;	0;	0;	0;	0;	0;	0
87;	-16;	6;	1,08;	84,49;	83,24;	79,54;	76,37;	73,72;	68,65;	67,8;	66,75;	62,4;	58,1;	56,64;	56,14;	54,52;	52,81;	51,32;	47,29;	46,54;	40,73;	37,12;	34,47;	32,95;	28,93;	20,37;	20,11;	15,58;	8,12;	4,64;	0;	0;	0;	0;	0;	0;	0;	0;	0;	0;	0;	0;	0;	0;	0;	0;	0;	0;	0;	0;	0;	0;	0;	0;	0;	0;	0;	0;	0;	0;	0;	0;	0;	0;	0;	0;	0;	0;	0;	0;	0;	0;	0;	0;	0;	0;	0;	0;	0;	0;	0;	0;	0;	0;	0;	0;	0;	0;	0;	0;	0;	0;	0;	0;	0;	0;	0;	0;	0;	0;	0;	0;	0;	0
88;	-4;	6;	1,04;	98,99;	98,5;	98,43;	95,77;	95,16;	92,87;	92,44;	91,44;	90,62;	88,7;	87,02;	81,78;	79,15;	76,88;	75,6;	74,69;	74,59;	74,45;	73,98;	72,82;	70,99;	70,75;	70,19;	69,19;	65,3;	64,73;	63,44;	63,01;	62,35;	59,42;	57,12;	56,78;	47,78;	47,35;	43,57;	43,38;	36,42;	27,82;	24,13;	22,2;	17,05;	15,64;	12,0;	11,89;	1,85;	0;	0;	0;	0;	0;	0;	0;	0;	0;	0;	0;	0;	0;	0;	0;	0;	0;	0;	0;	0;	0;	0;	0;	0;	0;	0;	0;	0;	0;	0;	0;	0;	0;	0;	0;	0;	0;	0;	0;	0;	0;	0;	0;	0;	0;	0;	0;	0;	0;	0;	0;	0;	0;	0;	0;	0
89;	-9;	6;	1,12;	89,4;	88,72;	87,74;	87,53;	86,19;	83,52;	80,24;	80,11;	79,03;	78,77;	74,25;	69,95;	67,72;	63,8;	56,43;	52,47;	51,27;	50,97;	48,53;	45,3;	45,24;	38,66;	38,52;	36,4;	32,98;	32,69;	25,71;	22,52;	16,7;	8,14;	5,28;	4,83;	4,64;	0;	0;	0;	0;	0;	0;	0;	0;	0;	0;	0;	0;	0;	0;	0;	0;	0;	0;	0;	0;	0;	0;	0;	0;	0;	0;	0;	0;	0;	0;	0;	0;	0;	0;	0;	0;	0;	0;	0;	0;	0;	0;	0;	0;	0;	0;	0;	0;	0;	0;	0;	0;	0;	0;	0;	0;	0;	0;	0;	0;	0;	0;	0;	0;	0;	0;	0;	0
90;	8;	6;	1,01;	nan;	nan;	nan;	nan;	nan;	nan;	nan;	nan;	100,0;	99,6;	99,44;	99,33;	97,78;	97,01;	96,41;	95,12;	92,72;	92,57;	92,03;	87,75;	86,83;	85,32;	83,06;	79,91;	77,13;	74,39;	69,97;	65,03;	62,58;	60,34;	58,82;	54,86;	53,8;	53,37;	51,95;	49,74;	45,52;	43,42;	40,84;	35,89;	35,02;	31,79;	28,02;	21,84;	21,15;	19,16;	17,44;	15,82;	5,07;	0,0;	0,0;	0,0;	0,0;	0,0;	0,0;	0,0;	0,0;	0,0;	0,0;	0,0;	0,0;	0,0;	0,0;	0,0;	0,0;	0,0;	0,0;	0,0;	0,0;	0,0;	0,0;	0,0;	0,0;	0,0;	0,0;	0,0;	0,0;	0,0;	0,0;	0,0;	0,0;	0,0;	0,0;	0,0;	0,0;	0,0;	0,0;	0,0;	0,0;	0,0;	0,0;	0,0;	0,0;	0,0;	0,0;	0,0;	0,0;	0,0;	0,0;	0,0;	0,0
91;	5;	6;	0,96;	nan;	nan;	nan;	nan;	nan;	100,0;	99,78;	99,45;	98,7;	98,19;	96,99;	96,79;	96,73;	94,78;	93,14;	92,08;	90,44;	90,18;	89,13;	88,66;	85,84;	85,02;	84,09;	81,77;	75,4;	73,32;	67,61;	65,43;	62,58;	55,65;	55,13;	51,55;	48,4;	42,6;	40,01;	38,48;	37,58;	36,57;	34,36;	34,2;	29,57;	28,49;	26,85;	14,57;	14,35;	10,97;	10,52;	7,24;	6,81;	2,24;	0,0;	0,0;	0,0;	0,0;	0,0;	0,0;	0,0;	0,0;	0,0;	0,0;	0,0;	0,0;	0,0;	0,0;	0,0;	0,0;	0,0;	0,0;	0,0;	0,0;	0,0;	0,0;	0,0;	0,0;	0,0;	0,0;	0,0;	0,0;	0,0;	0,0;	0,0;	0,0;	0,0;	0,0;	0,0;	0,0;	0,0;	0,0;	0,0;	0,0;	0,0;	0,0;	0,0;	0,0;	0,0;	0,0;	0,0;	0,0;	0,0;	0,0;	0,0
92;	17;	6;	1,01;	nan;	nan;	nan;	nan;	nan;	nan;	nan;	nan;	nan;	nan;	nan;	nan;	nan;	nan;	nan;	nan;	nan;	100,0;	100,0;	99,56;	99,4;	99,19;	98,07;	97,76;	95,08;	94,51;	89,85;	87,62;	85,51;	82,62;	80,45;	79,44;	76,82;	76,17;	74,45;	69,07;	68,03;	67,39;	63,76;	59,52;	55,85;	55,61;	54,87;	52,19;	49,8;	48,91;	41,91;	39,52;	38,92;	37,2;	32,93;	25,19;	23,32;	15,76;	11,43;	9,42;	8,17;	5,67;	0,0;	0,0;	0,0;	0,0;	0,0;	0,0;	0,0;	0,0;	0,0;	0,0;	0,0;	0,0;	0,0;	0,0;	0,0;	0,0;	0,0;	0,0;	0,0;	0,0;	0,0;	0,0;	0,0;	0,0;	0,0;	0,0;	0,0;	0,0;	0,0;	0,0;	0,0;	0,0;	0,0;	0,0;	0,0;	0,0;	0,0;	0,0;	0,0;	0,0;	0,0;	0,0;	0,0
93;	2;	6;	1,0;	nan;	nan;	100,0;	99,63;	98,42;	97,53;	97,01;	96,92;	94,52;	94,34;	93,0;	92,73;	91,04;	90,22;	88,07;	84,74;	81,79;	79,54;	79,29;	75,88;	73,41;	73,3;	72,41;	67,48;	67,01;	66,64;	64,25;	64,0;	62,16;	56,78;	55,64;	48,8;	48,57;	45,98;	44,95;	42,01;	41,87;	33,97;	26,18;	23,9;	20,59;	20,42;	16,99;	14,12;	9,7;	7,68;	3,57;	0,0;	0,0;	0,0;	0,0;	0,0;	0,0;	0,0;	0,0;	0,0;	0,0;	0,0;	0,0;	0,0;	0,0;	0,0;	0,0;	0,0;	0,0;	0,0;	0,0;	0,0;	0,0;	0,0;	0,0;	0,0;	0,0;	0,0;	0,0;	0,0;	0,0;	0,0;	0,0;	0,0;	0,0;	0,0;	0,0;	0,0;	0,0;	0,0;	0,0;	0,0;	0,0;	0,0;	0,0;	0,0;	0,0;	0,0;	0,0;	0,0;	0,0;	0,0;	0,0;	0,0;	0,0
94;	0;	6;	0,95;	100,0;	99,68;	99,35;	98,83;	98,27;	97,82;	97,76;	97,02;	95,98;	94,85;	94,29;	93,29;	87,84;	87,77;	85,33;	81,2;	75,07;	72,09;	70,48;	68,21;	68,0;	63,72;	60,04;	59,1;	57,13;	57,11;	56,2;	48,11;	45,83;	38,85;	33,82;	28,42;	26,61;	26,47;	22,04;	18,6;	16,71;	13,54;	10,93;	10,86;	10,28;	9,48;	8,44;	8,12;	5,12;	4,42;	0,19;	0;	0;	0;	0;	0;	0;	0;	0;	0;	0;	0;	0;	0;	0;	0;	0;	0;	0;	0;	0;	0;	0;	0;	0;	0;	0;	0;	0;	0;	0;	0;	0;	0;	0;	0;	0;	0;	0;	0;	0;	0;	0;	0;	0;	0;	0;	0;	0;	0;	0;	0;	0;	0;	0
95;	16;	6;	0,98;	nan;	nan;	nan;	nan;	nan;	nan;	nan;	nan;	nan;	nan;	nan;	nan;	nan;	nan;	nan;	nan;	100,0;	99,77;	99,72;	99,56;	98,89;	98,03;	96,83;	95,72;	94,06;	94,03;	93,85;	92,28;	90,22;	86,03;	84,94;	84,04;	80,26;	77,09;	74,09;	68,54;	64,96;	64,25;	62,02;	58,89;	55,67;	51,8;	44,83;	38,61;	32,53;	32,17;	29,15;	28,91;	28,29;	21,91;	21,06;	14,87;	14,5;	10,52;	10,13;	6,86;	2,39;	0,0;	0,0;	0,0;	0,0;	0,0;	0,0;	0,0;	0,0;	0,0;	0,0;	0,0;	0,0;	0,0;	0,0;	0,0;	0,0;	0,0;	0,0;	0,0;	0,0;	0,0;	0,0;	0,0;	0,0;	0,0;	0,0;	0,0;	0,0;	0,0;	0,0;	0,0;	0,0;	0,0;	0,0;	0,0;	0,0;	0,0;	0,0;	0,0;	0,0;	0,0;	0,0;	0,0;	0,0
96;	-11;	6;	0,85;	92,51;	91,93;	91,02;	86,92;	83,67;	79,09;	76,76;	73,36;	70,43;	69,37;	67,98;	64,72;	64,53;	64,06;	62,83;	59,18;	54,18;	52,73;	50,63;	49,48;	49,07;	42,79;	39,02;	34,66;	30,46;	30,42;	29,23;	27,26;	24,62;	24,34;	20,85;	20,67;	19,97;	12,75;	9,28;	7,09;	6,17;	1,41;	1,14;	1,05;	0,34;	0;	0;	0;	0;	0;	0;	0;	0;	0;	0;	0;	0;	0;	0;	0;	0;	0;	0;	0;	0;	0;	0;	0;	0;	0;	0;	0;	0;	0;	0;	0;	0;	0;	0;	0;	0;	0;	0;	0;	0;	0;	0;	0;	0;	0;	0;	0;	0;	0;	0;	0;	0;	0;	0;	0;	0;	0;	0;	0;	0
97;	-5;	6;	1,08;	96,91;	96,13;	94,68;	94,56;	92,7;	90,83;	90,25;	87,2;	85,63;	83,58;	83,36;	83,22;	79,87;	78,01;	75,37;	73,74;	72,93;	71,95;	70,21;	68,7;	67,13;	60,62;	55,89;	52,92;	50,42;	45,43;	39,94;	37,28;	30,84;	28,22;	22,47;	21,08;	17,14;	9,82;	7,66;	4,74;	0;	0;	0;	0;	0;	0;	0;	0;	0;	0;	0;	0;	0;	0;	0;	0;	0;	0;	0;	0;	0;	0;	0;	0;	0;	0;	0;	0;	0;	0;	0;	0;	0;	0;	0;	0;	0;	0;	0;	0;	0;	0;	0;	0;	0;	0;	0;	0;	0;	0;	0;	0;	0;	0;	0;	0;	0;	0;	0;	0;	0;	0;	0;	0;	0
98;	6;	6;	1,05;	nan;	nan;	nan;	nan;	nan;	nan;	100,0;	99,99;	99,67;	99,31;	98,61;	98,38;	97,79;	96,28;	96,08;	94,17;	94,08;	92,38;	89,73;	89,53;	87,97;	86,22;	85,09;	78,81;	77,26;	74,38;	71,67;	70,67;	65,1;	63,82;	61,57;	60,93;	54,12;	50,58;	50,03;	49,99;	45,46;	44,47;	41,9;	34,23;	32,74;	29,56;	24,7;	19,21;	13,71;	7,6;	2,24;	0,0;	0,0;	0,0;	0,0;	0,0;	0,0;	0,0;	0,0;	0,0;	0,0;	0,0;	0,0;	0,0;	0,0;	0,0;	0,0;	0,0;	0,0;	0,0;	0,0;	0,0;	0,0;	0,0;	0,0;	0,0;	0,0;	0,0;	0,0;	0,0;	0,0;	0,0;	0,0;	0,0;	0,0;	0,0;	0,0;	0,0;	0,0;	0,0;	0,0;	0,0;	0,0;	0,0;	0,0;	0,0;	0,0;	0,0;	0,0;	0,0;	0,0;	0,0;	0,0;	0,0;	0,0
99;	3;	6;	1,17;	nan;	nan;	nan;	100,0;	99,8;	99,41;	99,16;	98,29;	97,85;	96,88;	96,35;	95,82;	92,31;	90,19;	88,24;	85,23;	84,14;	81,98;	80,31;	79,35;	78,46;	72,84;	70,61;	70,48;	68,08;	66,59;	65,57;	63,41;	61,82;	61,02;	60,08;	53,73;	49,62;	48,36;	43,62;	34,12;	28,87;	21,6;	11,26;	6,27;	6,03;	5,03;	3,74;	2,46;	0,57;	0,0;	0,0;	0,0;	0,0;	0,0;	0,0;	0,0;	0,0;	0,0;	0,0;	0,0;	0,0;	0,0;	0,0;	0,0;	0,0;	0,0;	0,0;	0,0;	0,0;	0,0;	0,0;	0,0;	0,0;	0,0;	0,0;	0,0;	0,0;	0,0;	0,0;	0,0;	0,0;	0,0;	0,0;	0,0;	0,0;	0,0;	0,0;	0,0;	0,0;	0,0;	0,0;	0,0;	0,0;	0,0;	0,0;	0,0;	0,0;	0,0;	0,0;	0,0;	0,0;	0,0;	0,0;	0,0;	0,0
