0;	-12;	6;	1,12;	90,41;	89,61;	89,57;	85,0;	82,12;	81,37;	80,43;	79,9;	77,88;	75,37;	73,1;	70,32;	68,36;	64,95;	62,3;	61,36;	61,28;	57,31;	55,21;	45,05;	41,56;	33,58;	32,3;	30,42;	27,88;	27,37;	23,24;	22,01;	17,86;	12,45;	11,32;	10,28;	10,15;	7,39;	6,66;	5,63;	0;	0;	0;	0;	0;	0;	0;	0;	0;	0;	0;	0;	0;	0;	0;	0;	0;	0;	0;	0;	0;	0;	0;	0;	0;	0;	0;	0;	0;	0;	0;	0;	0;	0;	0;	0;	0;	0;	0;	0;	0;	0;	0;	0;	0;	0;	0;	0;	0;	0;	0;	0;	0;	0;	0;	0;	0;	0;	0;	0;	0;	0;	0;	0;	0
1;	26;	6;	0,91;	nan;	nan;	nan;	nan;	nan;	nan;	nan;	nan;	nan;	nan;	nan;	nan;	nan;	nan;	nan;	nan;	nan;	nan;	nan;	nan;	nan;	nan;	nan;	nan;	nan;	nan;	100,0;	99,97;	99,96;	99,55;	98,79;	97,99;	97,88;	97,7;	97,06;	93,34;	92,82;	92,4;	91,96;	88,67;	87,68;	86,85;	86,02;	80,69;	76,55;	73,22;	71,57;	70,76;	69,09;	62,88;	59,73;	51,88;	48,25;	46,64;	45,74;	41,22;	40,22;	39,63;	39,14;	37,94;	35,57;	33,05;	32,19;	28,02;	23,64;	17,85;	17,45;	17,31;	14,21;	13,81;	10,75;	7,7;	0,98;	0,0;	0,0;	0,0;	0,0;	0,0;	0,0;	0,0;	0,0;	0,0;	0,0;	0,0;	0,0;	0,0;	0,0;	0,0;	0,0;	0,0;	0,0;	0,0;	0,0;	0,0;	0,0;	0,0;	0,0;	0,0;	0,0;	0,0;	0,0
2;	18;	6;	1,01;	nan;	nan;	nan;	nan;	nan;	nan;	nan;	nan;	nan;	nan;	nan;	nan;	nan;	nan;	nan;	nan;	nan;	nan;	100,0;	99,72;	99,47;	99,47;	99,38;	99,2;	98,17;	98,03;	95,95;	93,94;	93,41;	90,91;	89,42;	87,13;	85,06;	84,32;	80,25;	78,29;	77,98;	76,57;	74,3;	69,45;	67,21;	66,28;	62,84;	59,42;	55,79;	49,32;	48,08;	45,7;	38,16;	33,62;	29,74;	27,17;	21,43;	15,62;	15,25;	7,07;	3,74;	3,59;	0,0;	0,0;	0,0;	0,0;	0,0;	0,0;	0,0;	0,0;	0,0;	0,0;	0,0;	0,0;	0,0;	0,0;	0,0;	0,0;	0,0;	0,0;	0,0;	0,0;	0,0;	0,0;	0,0;	0,0;	0,0;	0,0;	0,0;	0,0;	0,0;	0,0;	0,0;	0,0;	0,0;	0,0;	0,0;	0,0;	0,0;	0,0;	0,0;	0,0;	0,0;	0,0;	0,0
3;	9;	6;	0,88;	nan;	nan;	nan;	nan;	nan;	nan;	nan;	nan;	nan;	100,0;	99,86;	99,22;	98,87;	97,33;	97,03;	96,46;	95,82;	95,45;	95,1;	94,25;	93,52;	90,15;	89,39;	88,24;	82,97;	75,89;	73,07;	69,9;	68,12;	67,19;	66,94;	63,64;	63,23;	62,13;	61,12;	60,36;	50,31;	46,75;	42,55;	41,31;	38,16;	37,68;	34,23;	31,9;	31,78;	31,63;	29,19;	21,95;	11,9;	8,81;	5,4;	1,63;	0,0;	0,0;	0,0;	0,0;	0,0;	0,0;	0,0;	0,0;	0,0;	0,0;	0,0;	0,0;	0,0;	0,0;	0,0;	0,0;	0,0;	0,0;	0,0;	0,0;	0,0;	0,0;	0,0;	0,0;	0,0;	0,0;	0,0;	0,0;	0,0;	0,0;	0,0;	0,0;	0,0;	0,0;	0,0;	0,0;	0,0;	0,0;	0,0;	0,0;	0,0;	0,0;	0,0;	0,0;	0,0;	0,0;	0,0;	0,0;	0,0
4;	-11;	6;	1,07;	87,38;	85,74;	84,61;	84,42;	78,89;	78,62;	78,42;	75,62;	75,45;	74,51;	73,88;	69,17;	66,52;	59,53;	58,82;	57,55;	53,73;	53,57;	47,04;	45,38;	41,65;	38,27;	36,09;	34,65;	29,08;	24,33;	23,18;	7,92;	0;	0;	0;	0;	0;	0;	0;	0;	0;	0;	0;	0;	0;	0;	0;	0;	0;	0;	0;	0;	0;	0;	0;	0;	0;	0;	0;	0;	0;	0;	0;	0;	0;	0;	0;	0;	0;	0;	0;	0;	0;	0;	0;	0;	0;	0;	0;	0;	0;	0;	0;	0;	0;	0;	0;	0;	0;	0;	0;	0;	0;	0;	0;	0;	0;	0;	0;	0;	0;	0;	0;	0;	0
5;	17;	6;	0,96;	nan;	nan;	nan;	nan;	nan;	nan;	nan;	nan;	nan;	nan;	nan;	nan;	nan;	nan;	nan;	nan;	nan;	100,0;	99,95;	99,85;	99,55;	98,19;	97,14;	96,27;	95,84;	93,36;	93,07;	92,83;	92,65;	91,37;	89,03;	88,53;	85,72;	83,95;	82,13;	81,76;	78,61;	73,59;	69,88;	68,62;	68,41;	65,56;	59,62;	57,23;	55,52;	55,09;	51,45;	47,36;	44,05;	44,04;	42,83;	38,74;	35,54;	29,33;	22,27;	21,27;	20,51;	16,24;	14,46;	7,02;	1,62;	0,0;	0,0;	0,0;	0,0;	0,0;	0,0;	0,0;	0,0;	0,0;	0,0;	0,0;	0,0;	0,0;	0,0;	0,0;	0,0;	0,0;	0,0;	0,0;	0,0;	0,0;	0,0;	0,0;	0,0;	0,0;	0,0;	0,0;	0,0;	0,0;	0,0;	0,0;	0,0;	0,0;	0,0;	0,0;	0,0;	0,0;	0,0;	0,0;	0,0
6;	0;	6;	1,02;	100,0;	99,92;	99,66;	99,3;	98,92;	96,8;	96,55;	95,25;	92,6;	89,96;	88,84;	87,7;	85,31;	84,84;	83,37;	79,49;	77,17;	74,87;	72,98;	71,79;	71,14;	68,77;	63,54;	62,88;	57,59;	52,49;	48,76;	48,76;	47,49;	45,61;	42,56;	41,85;	38,21;	34,43;	29,37;	27,16;	24,64;	22,42;	20,79;	19,84;	13,58;	8,5;	1,49;	0;	0;	0;	0;	0;	0;	0;	0;	0;	0;	0;	0;	0;	0;	0;	0;	0;	0;	0;	0;	0;	0;	0;	0;	0;	0;	0;	0;	0;	0;	0;	0;	0;	0;	0;	0;	0;	0;	0;	0;	0;	0;	0;	0;	0;	0;	0;	0;	0;	0;	0;	0;	0;	0;	0;	0;	0;	0
7;	-12;	6;	0,95;	87,96;	83,72;	82,36;	78,36;	78,06;	76,25;	74,29;	73,37;	72,14;	71,33;	69,32;	66,93;	64,2;	60,69;	60,55;	59,0;	56,08;	53,99;	49,96;	48,02;	41,29;	39,08;	39,0;	38,47;	33,64;	31,48;	28,58;	27,98;	22,47;	21,72;	12,4;	11,87;	6,85;	3,91;	0,5;	0;	0;	0;	0;	0;	0;	0;	0;	0;	0;	0;	0;	0;	0;	0;	0;	0;	0;	0;	0;	0;	0;	0;	0;	0;	0;	0;	0;	0;	0;	0;	0;	0;	0;	0;	0;	0;	0;	0;	0;	0;	0;	0;	0;	0;	0;	0;	0;	0;	0;	0;	0;	0;	0;	0;	0;	0;	0;	0;	0;	0;	0;	0;	0;	0;	0
8;	-2;	6;	1,21;	98,98;	98,23;	96,84;	96,09;	95,55;	94,19;	91,77;	90,91;	89,92;	88,43;	87,28;	81,27;	78,19;	76,82;	76,72;	70,16;	67,33;	64,25;	55,52;	50,81;	43,66;	42,51;	40,85;	40,31;	32,8;	31,88;	27,73;	23,34;	20,85;	20,14;	11,67;	4,11;	1,17;	0;	0;	0;	0;	0;	0;	0;	0;	0;	0;	0;	0;	0;	0;	0;	0;	0;	0;	0;	0;	0;	0;	0;	0;	0;	0;	0;	0;	0;	0;	0;	0;	0;	0;	0;	0;	0;	0;	0;	0;	0;	0;	0;	0;	0;	0;	0;	0;	0;	0;	0;	0;	0;	0;	0;	0;	0;	0;	0;	0;	0;	0;	0;	0;	0;	0;	0;	0
9;	5;	6;	1,25;	nan;	nan;	nan;	nan;	nan;	100,0;	99,95;	99,27;	98,97;	98,11;	96,56;	96,25;	93,16;	92,98;	90,97;	90,24;	86,51;	82,1;	81,27;	74,95;	74,51;	71,98;	71,16;	71,13;	69,98;	68,71;	67,54;	66,8;	64,84;	62,07;	61,8;	55,48;	44,3;	43,24;	34,92;	34,6;	33,16;	28,12;	24,1;	18,69;	15,07;	10,5;	9,07;	4,33;	2,18;	0,0;	0,0;	0,0;	0,0;	0,0;	0,0;	0,0;	0,0;	0,0;	0,0;	0,0;	0,0;	0,0;	0,0;	0,0;	0,0;	0,0;	0,0;	0,0;	0,0;	0,0;	0,0;	0,0;	0,0;	0,0;	0,0;	0,0;	0,0;	0,0;	0,0;	0,0;	0,0;	0,0;	0,0;	0,0;	0,0;	0,0;	0,0;	0,0;	0,0;	0,0;	0,0;	0,0;	0,0;	0,0;	0,0;	0,0;	0,0;	0,0;	0,0;	0,0;	0,0;	0,0;	0,0;	0,0;	0,0
10;	-14;	6;	1,16;	88,34;	87,32;	86,6;	85,65;	84,63;	83,54;	79,88;	79,01;	73,86;	72,24;	71,95;	71,33;	69,75;	65,07;	64,06;	63,11;	53,57;	47,33;	42,48;	39,75;	39,58;	39,09;	32,4;	27,14;	25,49;	23,56;	9,74;	8,97;	4,03;	1,56;	1,04;	0,92;	0;	0;	0;	0;	0;	0;	0;	0;	0;	0;	0;	0;	0;	0;	0;	0;	0;	0;	0;	0;	0;	0;	0;	0;	0;	0;	0;	0;	0;	0;	0;	0;	0;	0;	0;	0;	0;	0;	0;	0;	0;	0;	0;	0;	0;	0;	0;	0;	0;	0;	0;	0;	0;	0;	0;	0;	0;	0;	0;	0;	0;	0;	0;	0;	0;	0;	0;	0;	0
11;	-18;	6;	0,93;	77,23;	77,08;	76,17;	74,12;	70,39;	68,6;	66,28;	62,94;	57,49;	53,57;	49,03;	45,29;	43,61;	38,34;	35,05;	32,09;	28,75;	22,39;	21,71;	17,64;	16,04;	9,19;	1,6;	1,49;	0;	0;	0;	0;	0;	0;	0;	0;	0;	0;	0;	0;	0;	0;	0;	0;	0;	0;	0;	0;	0;	0;	0;	0;	0;	0;	0;	0;	0;	0;	0;	0;	0;	0;	0;	0;	0;	0;	0;	0;	0;	0;	0;	0;	0;	0;	0;	0;	0;	0;	0;	0;	0;	0;	0;	0;	0;	0;	0;	0;	0;	0;	0;	0;	0;	0;	0;	0;	0;	0;	0;	0;	0;	0;	0;	0;	0
12;	18;	6;	1,11;	nan;	nan;	nan;	nan;	nan;	nan;	nan;	nan;	nan;	nan;	nan;	nan;	nan;	nan;	nan;	nan;	nan;	nan;	100,0;	99,84;	99,78;	99,05;	98,19;	97,53;	97,08;	96,72;	96,47;	92,51;	90,41;	89,92;	87,35;	82,65;	81,68;	79,99;	79,14;	76,25;	73,88;	66,52;	65,4;	58,51;	56,01;	55,03;	50,91;	45,51;	41,51;	38,33;	35,34;	34,91;	31,09;	28,04;	18,47;	17,44;	13,98;	13,03;	12,98;	11,47;	9,82;	5,49;	3,98;	0,27;	0,0;	0,0;	0,0;	0,0;	0,0;	0,0;	0,0;	0,0;	0,0;	0,0;	0,0;	0,0;	0,0;	0,0;	0,0;	0,0;	0,0;	0,0;	0,0;	0,0;	0,0;	0,0;	0,0;	0,0;	0,0;	0,0;	0,0;	0,0;	0,0;	0,0;	0,0;	0,0;	0,0;	0,0;	0,0;	0,0;	0,0;	0,0;	0,0;	0,0;	0,0
13;	-8;	6;	0,84;	94,87;	93,35;	92,38;	91,42;	90,44;	89,19;	88,14;	84,84;	84,11;	83,6;	77,85;	74,48;	70,7;	69,53;	69,47;	63,35;	62,31;	61,29;	58,46;	56,03;	55,11;	53,57;	52,85;	50,2;	48,03;	45,7;	44,56;	43,79;	41,86;	37,56;	31,88;	30,84;	28,23;	27,94;	26,08;	25,22;	22,93;	21,21;	18,6;	8,96;	4,65;	3,41;	1,29;	0;	0;	0;	0;	0;	0;	0;	0;	0;	0;	0;	0;	0;	0;	0;	0;	0;	0;	0;	0;	0;	0;	0;	0;	0;	0;	0;	0;	0;	0;	0;	0;	0;	0;	0;	0;	0;	0;	0;	0;	0;	0;	0;	0;	0;	0;	0;	0;	0;	0;	0;	0;	0;	0;	0;	0;	0;	0
14;	-7;	6;	0,89;	94,13;	91,53;	90,35;	89,99;	85,72;	82,25;	81,35;	80,9;	80,28;	77,6;	74,11;	71,11;	66,98;	66,36;	62,71;	59,56;	57,06;	55,96;	50,66;	43,19;	39,89;	36,28;	33,98;	32,96;	28,95;	23,5;	16,42;	7,82;	7,49;	6,07;	5,92;	3,02;	1,45;	0,8;	0;	0;	0;	0;	0;	0;	0;	0;	0;	0;	0;	0;	0;	0;	0;	0;	0;	0;	0;	0;	0;	0;	0;	0;	0;	0;	0;	0;	0;	0;	0;	0;	0;	0;	0;	0;	0;	0;	0;	0;	0;	0;	0;	0;	0;	0;	0;	0;	0;	0;	0;	0;	0;	0;	0;	0;	0;	0;	0;	0;	0;	0;	0;	0;	0;	0;	0
15;	8;	6;	0,88;	nan;	nan;	nan;	nan;	nan;	nan;	nan;	nan;	100,0;	99,9;	99,53;	99,49;	99,46;	99,22;	97,24;	97,2;	95,88;	95,6;	94,94;	93,96;	93,58;	90,61;	86,59;	84,1;	78,39;	73,91;	73,01;	70,69;	66,42;	63,88;	60,96;	58,17;	55,73;	53,34;	52,76;	49,75;	43,32;	41,71;	39,55;	34,01;	30,04;	21,06;	19,76;	18,03;	15,14;	8,0;	4,5;	3,13;	2,61;	0,0;	0,0;	0,0;	0,0;	0,0;	0,0;	0,0;	0,0;	0,0;	0,0;	0,0;	0,0;	0,0;	0,0;	0,0;	0,0;	0,0;	0,0;	0,0;	0,0;	0,0;	0,0;	0,0;	0,0;	0,0;	0,0;	0,0;	0,0;	0,0;	0,0;	0,0;	0,0;	0,0;	0,0;	0,0;	0,0;	0,0;	0,0;	0,0;	0,0;	0,0;	0,0;	0,0;	0,0;	0,0;	0,0;	0,0;	0,0;	0,0;	0,0;	0,0;	0,0
16;	-19;	6;	1,13;	70,91;	67,77;	66,99;	66,53;	65,96;	60,54;	58,45;	55,81;	52,41;	51,49;	45,75;	45,51;	40,58;	35,83;	32,16;	25,08;	23,51;	19,36;	11,67;	4,58;	2,53;	0;	0;	0;	0;	0;	0;	0;	0;	0;	0;	0;	0;	0;	0;	0;	0;	0;	0;	0;	0;	0;	0;	0;	0;	0;	0;	0;	0;	0;	0;	0;	0;	0;	0;	0;	0;	0;	0;	0;	0;	0;	0;	0;	0;	0;	0;	0;	0;	0;	0;	0;	0;	0;	0;	0;	0;	0;	0;	0;	0;	0;	0;	0;	0;	0;	0;	0;	0;	0;	0;	0;	0;	0;	0;	0;	0;	0;	0;	0;	0
17;	13;	6;	0,92;	nan;	nan;	nan;	nan;	nan;	nan;	nan;	nan;	nan;	nan;	nan;	nan;	nan;	100,0;	99,83;	98,88;	98,64;	97,93;	96,94;	96,91;	95,81;	95,55;	93,44;	92,94;	92,41;	91,97;	89,97;	85,47;	80,74;	73,67;	69,6;	66,53;	66,13;	64,75;	62,49;	56,72;	49,37;	48,13;	46,03;	42,13;	39,41;	36,38;	32,9;	32,86;	31,09;	29,99;	28,89;	27,11;	24,36;	24,07;	20,38;	18,6;	13,84;	13,73;	6,83;	4,64;	2,64;	0,0;	0,0;	0,0;	0,0;	0,0;	0,0;	0,0;	0,0;	0,0;	0,0;	0,0;	0,0;	0,0;	0,0;	0,0;	0,0;	0,0;	0,0;	0,0;	0,0;	0,0;	0,0;	0,0;	0,0;	0,0;	0,0;	0,0;	0,0;	0,0;	0,0;	0,0;	0,0;	0,0;	0,0;	0,0;	0,0;	0,0;	0,0;	0,0;	0,0;	0,0;	0,0;	0,0;	0,0
18;	-7;	6;	0,97;	94,29;	93,04;	91,1;	88,71;	86,75;	86,06;	82,86;	81,55;	81,26;	80,55;	76,48;	76,38;	74,81;	70,82;	69,91;	68,88;	64,15;	60,99;	60,78;	56,47;	52,64;	48,93;	44,54;	42,58;	41,59;	41,26;	35,23;	29,4;	26,09;	22,52;	17,91;	15,53;	14,27;	12,01;	7,32;	0;	0;	0;	0;	0;	0;	0;	0;	0;	0;	0;	0;	0;	0;	0;	0;	0;	0;	0;	0;	0;	0;	0;	0;	0;	0;	0;	0;	0;	0;	0;	0;	0;	0;	0;	0;	0;	0;	0;	0;	0;	0;	0;	0;	0;	0;	0;	0;	0;	0;	0;	0;	0;	0;	0;	0;	0;	0;	0;	0;	0;	0;	0;	0;	0;	0
19;	10;	6;	1,0;	nan;	nan;	nan;	nan;	nan;	nan;	nan;	nan;	nan;	nan;	100,0;	99,7;	99,45;	98,83;	97,59;	96,76;	95,74;	93,57;	93,06;	91,9;	89,6;	87,89;	83,65;	82,27;	82,12;	78,35;	76,06;	72,48;	71,11;	66,29;	66,06;	58,04;	57,03;	53,3;	49,54;	48,22;	42,59;	42,15;	36,75;	35,12;	26,75;	24,18;	21,56;	15,77;	11,07;	0,0;	0,0;	0,0;	0,0;	0,0;	0,0;	0,0;	0,0;	0,0;	0,0;	0,0;	0,0;	0,0;	0,0;	0,0;	0,0;	0,0;	0,0;	0,0;	0,0;	0,0;	0,0;	0,0;	0,0;	0,0;	0,0;	0,0;	0,0;	0,0;	0,0;	0,0;	0,0;	0,0;	0,0;	0,0;	0,0;	0,0;	0,0;	0,0;	0,0;	0,0;	0,0;	0,0;	0,0;	0,0;	0,0;	0,0;	0,0;	0,0;	0,0;	0,0;	0,0;	0,0;	0,0;	0,0;	0,0
20;	1;	6;	1,04;	nan;	100,0;	99,96;	99,46;	99,23;	98,8;	97,69;	96,54;	96,02;	93,76;	93,08;	91,02;	89,13;	89,11;	89,02;	88,51;	86,56;	80,84;	77,52;	76,26;	74,24;	72,64;	70,54;	67,71;	65,21;	64,68;	61,48;	58,75;	56,94;	56,19;	53,03;	50,13;	46,02;	42,44;	40,04;	32,89;	32,57;	30,33;	28,82;	26,75;	25,65;	17,24;	14,44;	13,02;	7,96;	6,6;	0,0;	0,0;	0,0;	0,0;	0,0;	0,0;	0,0;	0,0;	0,0;	0,0;	0,0;	0,0;	0,0;	0,0;	0,0;	0,0;	0,0;	0,0;	0,0;	0,0;	0,0;	0,0;	0,0;	0,0;	0,0;	0,0;	0,0;	0,0;	0,0;	0,0;	0,0;	0,0;	0,0;	0,0;	0,0;	0,0;	0,0;	0,0;	0,0;	0,0;	0,0;	0,0;	0,0;	0,0;	0,0;	0,0;	0,0;	0,0;	0,0;	0,0;	0,0;	0,0;	0,0;	0,0;	0,0
21;	-9;	6;	1,04;	91,67;	86,92;	84,78;	83,13;	79,88;	78,28;	75,87;	73,01;	72,95;	70,62;	70,59;	69,64;	67,54;	67,12;	66,16;	62,14;	60,84;	60,33;	59,66;	57,65;	50,03;	47,75;	44,86;	43,54;	38,65;	34,1;	32,94;	30,83;	30,59;	24,47;	20,56;	15,52;	11,51;	9,63;	8,26;	0,97;	0;	0;	0;	0;	0;	0;	0;	0;	0;	0;	0;	0;	0;	0;	0;	0;	0;	0;	0;	0;	0;	0;	0;	0;	0;	0;	0;	0;	0;	0;	0;	0;	0;	0;	0;	0;	0;	0;	0;	0;	0;	0;	0;	0;	0;	0;	0;	0;	0;	0;	0;	0;	0;	0;	0;	0;	0;	0;	0;	0;	0;	0;	0;	0;	0
22;	1;	6;	1,08;	nan;	100,0;	99,77;	98,35;	98,07;	97,9;	97,42;	97,4;	97,38;	96,7;	94,53;	91,65;	89,06;	87,83;	87,49;	87,03;	82,99;	81,27;	78,8;	74,4;	73,37;	73,28;	72,38;	70,13;	67,87;	67,23;	64,18;	58,36;	57,22;	55,1;	53,53;	52,85;	47,76;	43,89;	40,54;	35,41;	30,86;	26,62;	26,5;	26,42;	25,84;	22,14;	21,63;	21,11;	17,68;	16,33;	15,81;	12,12;	11,99;	11,68;	11,07;	7,96;	2,38;	0,0;	0,0;	0,0;	0,0;	0,0;	0,0;	0,0;	0,0;	0,0;	0,0;	0,0;	0,0;	0,0;	0,0;	0,0;	0,0;	0,0;	0,0;	0,0;	0,0;	0,0;	0,0;	0,0;	0,0;	0,0;	0,0;	0,0;	0,0;	0,0;	0,0;	0,0;	0,0;	0,0;	0,0;	0,0;	0,0;	0,0;	0,0;	0,0;	0,0;	0,0;	0,0;	0,0;	0,0;	0,0;	0,0;	0,0;	0,0
23;	1;	6;	1,0;	nan;	100,0;	99,96;	99,35;	98,31;	97,68;	96,47;	94,55;	90,09;	87,76;	85,26;	84,64;	83,76;	81,57;	80,89;	76,82;	71,26;	69,2;	66,51;	63,47;	61,95;	61,59;	57,65;	57,3;	55,14;	51,17;	48,53;	47,44;	47,25;	39,93;	37,85;	32,13;	32,11;	29,51;	27,78;	16,82;	13,88;	11,88;	10,4;	9,29;	8,76;	4,03;	0,0;	0,0;	0,0;	0,0;	0,0;	0,0;	0,0;	0,0;	0,0;	0,0;	0,0;	0,0;	0,0;	0,0;	0,0;	0,0;	0,0;	0,0;	0,0;	0,0;	0,0;	0,0;	0,0;	0,0;	0,0;	0,0;	0,0;	0,0;	0,0;	0,0;	0,0;	0,0;	0,0;	0,0;	0,0;	0,0;	0,0;	0,0;	0,0;	0,0;	0,0;	0,0;	0,0;	0,0;	0,0;	0,0;	0,0;	0,0;	0,0;	0,0;	0,0;	0,0;	0,0;	0,0;	0,0;	0,0;	0,0;	0,0;	0,0
24;	-6;	6;	1,01;	96,36;	94,72;	92,36;	91,06;	89,48;	89,46;	87,06;	84,83;	83,43;	81,85;	81,85;	80,24;	78,48;	77,51;	76,21;	75,12;	74,81;	74,52;	71,27;	68,78;	64,61;	60,41;	60,09;	56,3;	53,02;	51,9;	45,94;	44,0;	39,84;	38,2;	28,32;	25,04;	24,68;	24,17;	19,91;	17,88;	15,79;	15,22;	12,05;	11,1;	5,85;	2,78;	0;	0;	0;	0;	0;	0;	0;	0;	0;	0;	0;	0;	0;	0;	0;	0;	0;	0;	0;	0;	0;	0;	0;	0;	0;	0;	0;	0;	0;	0;	0;	0;	0;	0;	0;	0;	0;	0;	0;	0;	0;	0;	0;	0;	0;	0;	0;	0;	0;	0;	0;	0;	0;	0;	0;	0;	0;	0;	0
