0;	2;	6;	1,02;	nan;	nan;	100,0;	99,97;	99,87;	98,9;	98,51;	97,72;	97,11;	97,09;	96,2;	94,28;	93,63;	92,65;	91,52;	90,4;	88,52;	87,26;	86,38;	84,33;	82,2;	81,51;	73,34;	65,36;	63,46;	60,75;	56,15;	49,63;	45,59;	45,19;	37,86;	34,83;	31,47;	27,49;	22,41;	20,08;	17,57;	15,77;	11,71;	6,87;	5,89;	0,76;	0,0;	0,0;	0,0;	0,0;	0,0;	0,0;	0,0;	0,0;	0,0;	0,0;	0,0;	0,0;	0,0;	0,0;	0,0;	0,0;	0,0;	0,0;	0,0;	0,0;	0,0;	0,0;	0,0;	0,0;	0,0;	0,0;	0,0;	0,0;	0,0;	0,0;	0,0;	0,0;	0,0;	0,0;	0,0;	0,0;	0,0;	0,0;	0,0;	0,0;	0,0;	0,0;	0,0;	0,0;	0,0;	0,0;	0,0;	0,0;	0,0;	0,0;	0,0;	0,0;	0,0;	0,0;	0,0;	0,0;	0,0;	0,0;	0,0
1;	-1;	6;	0,77;	99,86;	99,79;	99,66;	98,56;	97,5;	97,12;	96,38;	96,0;	94,64;	93,78;	93,4;	90,89;	88,75;	87,62;	86,06;	85,61;	84,07;	83,34;	80,19;	77,96;	76,64;	73,13;	71,97;	71,07;	69,96;	68,97;	65,06;	61,33;	61,23;	59,25;	58,86;	55,5;	50,46;	46,38;	45,56;	41,07;	38,38;	32,34;	31,53;	31,04;	31,0;	29,84;	27,42;	26,05;	24,47;	17,72;	16,69;	15,72;	12,02;	8,34;	0;	0;	0;	0;	0;	0;	0;	0;	0;	0;	0;	0;	0;	0;	0;	0;	0;	0;	0;	0;	0;	0;	0;	0;	0;	0;	0;	0;	0;	0;	0;	0;	0;	0;	0;	0;	0;	0;	0;	0;	0;	0;	0;	0;	0;	0;	0;	0;	0;	0;	0
2;	13;	6;	0,87;	nan;	nan;	nan;	nan;	nan;	nan;	nan;	nan;	nan;	nan;	nan;	nan;	nan;	100,0;	99,81;	99,51;	99,18;	98,99;	98,41;	97,28;	96,2;	95,51;	92,47;	89,13;	88,89;	87,25;	85,51;	84,48;	83,02;	83,02;	80,54;	75,19;	72,59;	69,58;	69,53;	65,87;	64,95;	60,95;	58,53;	57,47;	56,6;	55,04;	52,53;	49,52;	44,23;	40,0;	37,93;	33,5;	29,05;	27,77;	25,77;	21,33;	21,2;	18,77;	17,95;	15,24;	5,41;	4,39;	0,0;	0,0;	0,0;	0,0;	0,0;	0,0;	0,0;	0,0;	0,0;	0,0;	0,0;	0,0;	0,0;	0,0;	0,0;	0,0;	0,0;	0,0;	0,0;	0,0;	0,0;	0,0;	0,0;	0,0;	0,0;	0,0;	0,0;	0,0;	0,0;	0,0;	0,0;	0,0;	0,0;	0,0;	0,0;	0,0;	0,0;	0,0;	0,0;	0,0;	0,0;	0,0;	0,0
3;	9;	6;	1,03;	nan;	nan;	nan;	nan;	nan;	nan;	nan;	nan;	nan;	100,0;	99,94;	99,27;	99,18;	98,75;	97,31;	95,59;	93,9;	93,85;	92,0;	89,09;	88,29;	87,22;	86,91;	85,66;	82,01;	79,2;	77,45;	77,12;	76,65;	71,33;	70,98;	65,7;	65,14;	63,0;	62,28;	61,32;	56,3;	55,16;	49,89;	49,7;	42,66;	39,92;	38,91;	35,65;	30,91;	29,12;	28,24;	25,38;	24,44;	23,9;	18,12;	16,49;	12,7;	0,0;	0,0;	0,0;	0,0;	0,0;	0,0;	0,0;	0,0;	0,0;	0,0;	0,0;	0,0;	0,0;	0,0;	0,0;	0,0;	0,0;	0,0;	0,0;	0,0;	0,0;	0,0;	0,0;	0,0;	0,0;	0,0;	0,0;	0,0;	0,0;	0,0;	0,0;	0,0;	0,0;	0,0;	0,0;	0,0;	0,0;	0,0;	0,0;	0,0;	0,0;	0,0;	0,0;	0,0;	0,0;	0,0;	0,0;	0,0
4;	-11;	6;	0,97;	87,57;	85,77;	84,85;	84,68;	82,59;	82,03;	78,31;	78,06;	73,07;	72,48;	71,93;	70,79;	70,62;	69,96;	69,83;	69,23;	68,47;	67,86;	65,48;	63,46;	63,03;	61,47;	56,73;	56,03;	50,75;	49,76;	43,3;	36,9;	32,83;	27,38;	27,12;	20,98;	19,41;	12,24;	11,53;	5,92;	1,94;	0;	0;	0;	0;	0;	0;	0;	0;	0;	0;	0;	0;	0;	0;	0;	0;	0;	0;	0;	0;	0;	0;	0;	0;	0;	0;	0;	0;	0;	0;	0;	0;	0;	0;	0;	0;	0;	0;	0;	0;	0;	0;	0;	0;	0;	0;	0;	0;	0;	0;	0;	0;	0;	0;	0;	0;	0;	0;	0;	0;	0;	0;	0;	0
5;	3;	6;	0,93;	nan;	nan;	nan;	100,0;	99,96;	99,66;	98,91;	97,87;	97,22;	97,08;	94,69;	91,5;	90,31;	88,76;	88,41;	86,95;	86,71;	82,93;	77,57;	75,46;	71,41;	69,42;	65,61;	64,12;	60,79;	60,71;	54,82;	52,06;	50,34;	49,75;	45,45;	42,94;	41,53;	40,07;	35,06;	34,91;	32,35;	29,15;	27,38;	23,63;	21,75;	20,44;	18,62;	8,79;	6,04;	0,92;	0,0;	0,0;	0,0;	0,0;	0,0;	0,0;	0,0;	0,0;	0,0;	0,0;	0,0;	0,0;	0,0;	0,0;	0,0;	0,0;	0,0;	0,0;	0,0;	0,0;	0,0;	0,0;	0,0;	0,0;	0,0;	0,0;	0,0;	0,0;	0,0;	0,0;	0,0;	0,0;	0,0;	0,0;	0,0;	0,0;	0,0;	0,0;	0,0;	0,0;	0,0;	0,0;	0,0;	0,0;	0,0;	0,0;	0,0;	0,0;	0,0;	0,0;	0,0;	0,0;	0,0;	0,0;	0,0
6;	0;	6;	1,08;	100,0;	99,69;	99,45;	99,22;	97,79;	97,16;	96,59;	95,19;	95,05;	93,2;	92,65;	90,05;	89,35;	86,55;	83,6;	82,06;	80,81;	79,28;	77,05;	68,51;	68,21;	65,5;	59,43;	59,4;	56,4;	51,03;	49,5;	46,62;	38,3;	37,16;	33,15;	24,09;	16,63;	13,97;	13,96;	9,89;	8,69;	4,48;	0;	0;	0;	0;	0;	0;	0;	0;	0;	0;	0;	0;	0;	0;	0;	0;	0;	0;	0;	0;	0;	0;	0;	0;	0;	0;	0;	0;	0;	0;	0;	0;	0;	0;	0;	0;	0;	0;	0;	0;	0;	0;	0;	0;	0;	0;	0;	0;	0;	0;	0;	0;	0;	0;	0;	0;	0;	0;	0;	0;	0;	0;	0
7;	-15;	6;	1,03;	82,85;	78,9;	76,16;	72,55;	71,71;	68,87;	66,95;	63,01;	61,17;	58,24;	51,69;	47,73;	44,62;	39,23;	37,85;	33,46;	28,46;	26,14;	25,74;	22,02;	13,25;	8,79;	8,15;	3,63;	0;	0;	0;	0;	0;	0;	0;	0;	0;	0;	0;	0;	0;	0;	0;	0;	0;	0;	0;	0;	0;	0;	0;	0;	0;	0;	0;	0;	0;	0;	0;	0;	0;	0;	0;	0;	0;	0;	0;	0;	0;	0;	0;	0;	0;	0;	0;	0;	0;	0;	0;	0;	0;	0;	0;	0;	0;	0;	0;	0;	0;	0;	0;	0;	0;	0;	0;	0;	0;	0;	0;	0;	0;	0;	0;	0;	0
8;	6;	6;	1,07;	nan;	nan;	nan;	nan;	nan;	nan;	100,0;	99,79;	99,14;	98,86;	98,75;	98,61;	97,97;	97,42;	96,35;	96,16;	94,12;	92,5;	90,52;	87,44;	87,36;	84,96;	83,8;	83,0;	79,57;	77,81;	69,96;	68,73;	65,51;	58,85;	53,18;	53,05;	48,63;	44,99;	36,66;	35,41;	34,83;	31,92;	22,11;	21,87;	18,41;	13,84;	13,27;	12,52;	7,51;	6,29;	5,24;	0,0;	0,0;	0,0;	0,0;	0,0;	0,0;	0,0;	0,0;	0,0;	0,0;	0,0;	0,0;	0,0;	0,0;	0,0;	0,0;	0,0;	0,0;	0,0;	0,0;	0,0;	0,0;	0,0;	0,0;	0,0;	0,0;	0,0;	0,0;	0,0;	0,0;	0,0;	0,0;	0,0;	0,0;	0,0;	0,0;	0,0;	0,0;	0,0;	0,0;	0,0;	0,0;	0,0;	0,0;	0,0;	0,0;	0,0;	0,0;	0,0;	0,0;	0,0;	0,0;	0,0;	0,0
9;	-15;	6;	0,97;	80,0;	78,64;	77,19;	74,47;	70,92;	69,51;	67,94;	67,93;	66,92;	65,72;	64,48;	62,36;	61,8;	59,77;	57,76;	55,53;	55,13;	54,32;	52,75;	45,62;	43,64;	43,45;	35,57;	33,42;	32,64;	28,23;	25,19;	25,18;	24,02;	23,02;	20,28;	15,59;	14,37;	5,66;	0,66;	0,32;	0,04;	0;	0;	0;	0;	0;	0;	0;	0;	0;	0;	0;	0;	0;	0;	0;	0;	0;	0;	0;	0;	0;	0;	0;	0;	0;	0;	0;	0;	0;	0;	0;	0;	0;	0;	0;	0;	0;	0;	0;	0;	0;	0;	0;	0;	0;	0;	0;	0;	0;	0;	0;	0;	0;	0;	0;	0;	0;	0;	0;	0;	0;	0;	0;	0
10;	0;	6;	0,94;	100,0;	100,0;	99,86;	99,21;	97,69;	97,38;	96,19;	94,91;	94,36;	92,78;	92,09;	90,09;	88,68;	81,49;	81,03;	79,89;	77,92;	73,15;	73,04;	73,03;	68,86;	64,1;	59,71;	56,04;	51,43;	50,76;	48,09;	45,79;	42,79;	40,96;	39,11;	38,04;	37,08;	36,67;	34,08;	28,07;	24,52;	20,99;	14,13;	13,34;	11,79;	9,21;	0;	0;	0;	0;	0;	0;	0;	0;	0;	0;	0;	0;	0;	0;	0;	0;	0;	0;	0;	0;	0;	0;	0;	0;	0;	0;	0;	0;	0;	0;	0;	0;	0;	0;	0;	0;	0;	0;	0;	0;	0;	0;	0;	0;	0;	0;	0;	0;	0;	0;	0;	0;	0;	0;	0;	0;	0;	0;	0
11;	-10;	6;	1,17;	91,46;	89,96;	88,9;	84,75;	82,46;	81,77;	75,02;	70,97;	66,8;	65,89;	61,21;	57,32;	56,44;	52,99;	49,83;	46,93;	44,32;	41,96;	40,75;	38,06;	29,16;	27,98;	23,81;	18,62;	10,43;	2,1;	0;	0;	0;	0;	0;	0;	0;	0;	0;	0;	0;	0;	0;	0;	0;	0;	0;	0;	0;	0;	0;	0;	0;	0;	0;	0;	0;	0;	0;	0;	0;	0;	0;	0;	0;	0;	0;	0;	0;	0;	0;	0;	0;	0;	0;	0;	0;	0;	0;	0;	0;	0;	0;	0;	0;	0;	0;	0;	0;	0;	0;	0;	0;	0;	0;	0;	0;	0;	0;	0;	0;	0;	0;	0;	0
12;	-1;	6;	1,2;	99,83;	99,49;	99,03;	98,72;	98,0;	95,33;	95,33;	93,66;	89,87;	86,35;	80,96;	79,76;	75,32;	74,47;	73,08;	69,21;	68,29;	66,77;	66,33;	66,0;	63,31;	60,6;	59,52;	51,55;	49,23;	47,0;	44,91;	43,01;	41,91;	37,78;	35,12;	26,87;	24,48;	23,18;	17,59;	16,23;	13,2;	12,87;	11,91;	10,35;	6,92;	0;	0;	0;	0;	0;	0;	0;	0;	0;	0;	0;	0;	0;	0;	0;	0;	0;	0;	0;	0;	0;	0;	0;	0;	0;	0;	0;	0;	0;	0;	0;	0;	0;	0;	0;	0;	0;	0;	0;	0;	0;	0;	0;	0;	0;	0;	0;	0;	0;	0;	0;	0;	0;	0;	0;	0;	0;	0;	0;	0
13;	-5;	6;	1,02;	96,1;	95,07;	94,12;	93,94;	93,34;	90,33;	86,85;	83,41;	82,91;	80,06;	76,77;	72,93;	69,12;	66,04;	61,34;	58,21;	55,01;	47,63;	46,04;	43,47;	39,44;	36,52;	35,1;	31,23;	30,88;	26,99;	22,75;	16,75;	14,9;	14,75;	8,78;	4,26;	1,84;	0;	0;	0;	0;	0;	0;	0;	0;	0;	0;	0;	0;	0;	0;	0;	0;	0;	0;	0;	0;	0;	0;	0;	0;	0;	0;	0;	0;	0;	0;	0;	0;	0;	0;	0;	0;	0;	0;	0;	0;	0;	0;	0;	0;	0;	0;	0;	0;	0;	0;	0;	0;	0;	0;	0;	0;	0;	0;	0;	0;	0;	0;	0;	0;	0;	0;	0;	0
14;	7;	6;	1,04;	nan;	nan;	nan;	nan;	nan;	nan;	nan;	100,0;	99,34;	99,08;	98,6;	97,68;	97,25;	96,75;	95,97;	95,61;	95,5;	94,42;	92,95;	91,28;	88,84;	88,43;	86,15;	79,79;	76,39;	75,57;	72,93;	71,32;	70,71;	68,97;	68,14;	67,3;	66,94;	64,0;	61,54;	53,52;	50,8;	47,38;	46,53;	44,98;	44,49;	43,76;	40,05;	33,01;	31,56;	25,61;	25,36;	24,91;	17,07;	12,58;	8,88;	5,93;	0,0;	0,0;	0,0;	0,0;	0,0;	0,0;	0,0;	0,0;	0,0;	0,0;	0,0;	0,0;	0,0;	0,0;	0,0;	0,0;	0,0;	0,0;	0,0;	0,0;	0,0;	0,0;	0,0;	0,0;	0,0;	0,0;	0,0;	0,0;	0,0;	0,0;	0,0;	0,0;	0,0;	0,0;	0,0;	0,0;	0,0;	0,0;	0,0;	0,0;	0,0;	0,0;	0,0;	0,0;	0,0;	0,0;	0,0;	0,0;	0,0
15;	9;	6;	1,05;	nan;	nan;	nan;	nan;	nan;	nan;	nan;	nan;	nan;	100,0;	99,4;	99,35;	98,46;	96,77;	95,88;	95,52;	94,78;	93,26;	92,6;	90,5;	89,41;	87,59;	85,45;	85,31;	81,52;	81,05;	79,38;	69,96;	67,68;	64,48;	62,01;	57,2;	48,53;	40,51;	34,01;	32,71;	31,25;	30,46;	25,19;	22,46;	20,55;	19,09;	13,08;	11,2;	4,42;	0,0;	0,0;	0,0;	0,0;	0,0;	0,0;	0,0;	0,0;	0,0;	0,0;	0,0;	0,0;	0,0;	0,0;	0,0;	0,0;	0,0;	0,0;	0,0;	0,0;	0,0;	0,0;	0,0;	0,0;	0,0;	0,0;	0,0;	0,0;	0,0;	0,0;	0,0;	0,0;	0,0;	0,0;	0,0;	0,0;	0,0;	0,0;	0,0;	0,0;	0,0;	0,0;	0,0;	0,0;	0,0;	0,0;	0,0;	0,0;	0,0;	0,0;	0,0;	0,0;	0,0;	0,0;	0,0;	0,0
16;	10;	6;	0,83;	nan;	nan;	nan;	nan;	nan;	nan;	nan;	nan;	nan;	nan;	100,0;	99,94;	99,56;	98,36;	97,58;	96,67;	95,73;	94,71;	93,67;	93,17;	93,09;	92,87;	91,58;	91,39;	91,06;	86,0;	85,03;	84,85;	81,59;	76,86;	71,38;	71,27;	70,86;	69,38;	68,4;	66,46;	66,21;	64,36;	64,03;	57,71;	57,68;	55,57;	52,69;	52,54;	51,74;	50,75;	44,75;	41,57;	37,55;	33,52;	25,4;	24,62;	22,54;	17,42;	16,69;	14,83;	8,97;	6,1;	0,0;	0,0;	0,0;	0,0;	0,0;	0,0;	0,0;	0,0;	0,0;	0,0;	0,0;	0,0;	0,0;	0,0;	0,0;	0,0;	0,0;	0,0;	0,0;	0,0;	0,0;	0,0;	0,0;	0,0;	0,0;	0,0;	0,0;	0,0;	0,0;	0,0;	0,0;	0,0;	0,0;	0,0;	0,0;	0,0;	0,0;	0,0;	0,0;	0,0;	0,0;	0,0;	0,0
17;	8;	6;	1,09;	nan;	nan;	nan;	nan;	nan;	nan;	nan;	nan;	100,0;	99,88;	99,67;	99,47;	99,27;	98,66;	97,23;	95,78;	95,6;	93,25;	92,29;	91,79;	89,51;	88,28;	84,77;	81,94;	81,92;	81,09;	80,02;	74,57;	69,25;	65,73;	63,1;	62,21;	59,12;	58,39;	54,7;	51,68;	47,27;	37,17;	31,23;	22,51;	15,53;	10,9;	10,36;	6,34;	6,28;	5,96;	4,95;	1,3;	0,0;	0,0;	0,0;	0,0;	0,0;	0,0;	0,0;	0,0;	0,0;	0,0;	0,0;	0,0;	0,0;	0,0;	0,0;	0,0;	0,0;	0,0;	0,0;	0,0;	0,0;	0,0;	0,0;	0,0;	0,0;	0,0;	0,0;	0,0;	0,0;	0,0;	0,0;	0,0;	0,0;	0,0;	0,0;	0,0;	0,0;	0,0;	0,0;	0,0;	0,0;	0,0;	0,0;	0,0;	0,0;	0,0;	0,0;	0,0;	0,0;	0,0;	0,0;	0,0;	0,0
18;	8;	6;	1,02;	nan;	nan;	nan;	nan;	nan;	nan;	nan;	nan;	100,0;	99,89;	99,87;	99,78;	98,95;	98,55;	97,89;	96,73;	93,57;	92,68;	90,97;	89,18;	88,24;	83,4;	82,3;	81,21;	80,87;	78,21;	77,35;	71,76;	71,7;	63,3;	62,84;	57,87;	57,22;	50,11;	47,92;	47,08;	45,0;	43,67;	40,46;	39,36;	33,89;	32,26;	30,52;	29,58;	28,68;	23,11;	21,87;	14,83;	12,01;	3,17;	2,69;	0,49;	0,0;	0,0;	0,0;	0,0;	0,0;	0,0;	0,0;	0,0;	0,0;	0,0;	0,0;	0,0;	0,0;	0,0;	0,0;	0,0;	0,0;	0,0;	0,0;	0,0;	0,0;	0,0;	0,0;	0,0;	0,0;	0,0;	0,0;	0,0;	0,0;	0,0;	0,0;	0,0;	0,0;	0,0;	0,0;	0,0;	0,0;	0,0;	0,0;	0,0;	0,0;	0,0;	0,0;	0,0;	0,0;	0,0;	0,0;	0,0;	0,0
19;	-1;	6;	0,93;	99,63;	99,48;	98,95;	98,75;	98,03;	97,51;	96,45;	95,42;	92,9;	90,51;	85,94;	83,3;	82,27;	80,24;	78,8;	78,02;	77,26;	74,9;	69,92;	68,41;	62,19;	60,9;	58,51;	57,3;	54,25;	49,43;	48,64;	46,48;	41,85;	39,96;	36,2;	35,2;	32,23;	24,46;	23,3;	21,86;	20,48;	19,75;	19,71;	16,99;	16,45;	15,4;	13,93;	13,4;	12,44;	8,11;	2,07;	1,62;	0;	0;	0;	0;	0;	0;	0;	0;	0;	0;	0;	0;	0;	0;	0;	0;	0;	0;	0;	0;	0;	0;	0;	0;	0;	0;	0;	0;	0;	0;	0;	0;	0;	0;	0;	0;	0;	0;	0;	0;	0;	0;	0;	0;	0;	0;	0;	0;	0;	0;	0;	0;	0
20;	2;	6;	0,97;	nan;	nan;	100,0;	99,82;	99,55;	98,94;	98,67;	98,21;	97,56;	96,32;	94,74;	91,54;	89,74;	89,37;	86,66;	86,18;	82,99;	78,96;	75,79;	73,63;	72,64;	70,95;	65,9;	64,23;	61,58;	61,15;	58,7;	58,37;	55,48;	49,74;	46,56;	42,89;	42,61;	39,44;	39,11;	34,22;	32,47;	26,29;	23,2;	21,54;	20,08;	19,35;	16,94;	11,69;	10,09;	5,3;	0,0;	0,0;	0,0;	0,0;	0,0;	0,0;	0,0;	0,0;	0,0;	0,0;	0,0;	0,0;	0,0;	0,0;	0,0;	0,0;	0,0;	0,0;	0,0;	0,0;	0,0;	0,0;	0,0;	0,0;	0,0;	0,0;	0,0;	0,0;	0,0;	0,0;	0,0;	0,0;	0,0;	0,0;	0,0;	0,0;	0,0;	0,0;	0,0;	0,0;	0,0;	0,0;	0,0;	0,0;	0,0;	0,0;	0,0;	0,0;	0,0;	0,0;	0,0;	0,0;	0,0;	0,0;	0,0
21;	13;	6;	0,97;	nan;	nan;	nan;	nan;	nan;	nan;	nan;	nan;	nan;	nan;	nan;	nan;	nan;	100,0;	99,85;	99,48;	98,94;	98,05;	96,23;	95,56;	95,1;	93,71;	93,13;	91,62;	89,01;	85,41;	82,56;	80,48;	75,35;	72,33;	70,28;	68,38;	67,01;	63,48;	63,06;	57,8;	55,44;	51,6;	48,49;	43,82;	42,8;	39,76;	37,75;	34,24;	32,11;	26,46;	22,77;	18,06;	16,68;	14,26;	8,55;	6,38;	4,85;	3,14;	0,6;	0,0;	0,0;	0,0;	0,0;	0,0;	0,0;	0,0;	0,0;	0,0;	0,0;	0,0;	0,0;	0,0;	0,0;	0,0;	0,0;	0,0;	0,0;	0,0;	0,0;	0,0;	0,0;	0,0;	0,0;	0,0;	0,0;	0,0;	0,0;	0,0;	0,0;	0,0;	0,0;	0,0;	0,0;	0,0;	0,0;	0,0;	0,0;	0,0;	0,0;	0,0;	0,0;	0,0;	0,0;	0,0;	0,0
22;	9;	6;	0,94;	nan;	nan;	nan;	nan;	nan;	nan;	nan;	nan;	nan;	100,0;	99,84;	99,62;	99,11;	98,86;	98,4;	97,03;	96,38;	94,66;	94,33;	92,04;	91,86;	89,22;	87,98;	85,44;	82,39;	78,9;	74,78;	73,7;	72,28;	70,94;	65,96;	64,67;	59,97;	57,93;	54,0;	49,64;	47,33;	45,11;	41,34;	34,86;	34,55;	32,36;	31,62;	22,3;	21,93;	20,81;	17,75;	13,52;	5,91;	4,58;	2,47;	0,0;	0,0;	0,0;	0,0;	0,0;	0,0;	0,0;	0,0;	0,0;	0,0;	0,0;	0,0;	0,0;	0,0;	0,0;	0,0;	0,0;	0,0;	0,0;	0,0;	0,0;	0,0;	0,0;	0,0;	0,0;	0,0;	0,0;	0,0;	0,0;	0,0;	0,0;	0,0;	0,0;	0,0;	0,0;	0,0;	0,0;	0,0;	0,0;	0,0;	0,0;	0,0;	0,0;	0,0;	0,0;	0,0;	0,0;	0,0;	0,0;	0,0
23;	2;	6;	1,05;	nan;	nan;	100,0;	99,87;	99,57;	98,16;	97,73;	96,94;	96,15;	93,73;	93,13;	90,32;	89,58;	89,29;	86,74;	85,0;	81,44;	76,94;	75,42;	71,05;	69,53;	67,85;	64,39;	56,73;	54,01;	49,95;	47,68;	46,06;	45,71;	43,1;	42,79;	40,22;	36,85;	33,42;	30,79;	30,46;	26,9;	22,44;	16,17;	14,45;	11,32;	9,13;	5,09;	4,29;	2,02;	0,0;	0,0;	0,0;	0,0;	0,0;	0,0;	0,0;	0,0;	0,0;	0,0;	0,0;	0,0;	0,0;	0,0;	0,0;	0,0;	0,0;	0,0;	0,0;	0,0;	0,0;	0,0;	0,0;	0,0;	0,0;	0,0;	0,0;	0,0;	0,0;	0,0;	0,0;	0,0;	0,0;	0,0;	0,0;	0,0;	0,0;	0,0;	0,0;	0,0;	0,0;	0,0;	0,0;	0,0;	0,0;	0,0;	0,0;	0,0;	0,0;	0,0;	0,0;	0,0;	0,0;	0,0;	0,0;	0,0
24;	3;	6;	0,88;	nan;	nan;	nan;	100,0;	99,81;	99,66;	99,01;	98,95;	98,84;	98,61;	97,58;	96,8;	93,98;	90,89;	89,07;	86,32;	84,11;	82,02;	82,0;	78,24;	77,37;	75,49;	73,32;	72,53;	70,06;	67,28;	66,07;	63,69;	63,45;	60,54;	58,03;	51,61;	49,9;	49,5;	45,88;	45,53;	43,63;	38,98;	37,99;	36,97;	34,56;	32,91;	30,46;	25,76;	20,11;	19,29;	14,71;	11,41;	6,5;	3,87;	3,31;	3,08;	2,68;	0,0;	0,0;	0,0;	0,0;	0,0;	0,0;	0,0;	0,0;	0,0;	0,0;	0,0;	0,0;	0,0;	0,0;	0,0;	0,0;	0,0;	0,0;	0,0;	0,0;	0,0;	0,0;	0,0;	0,0;	0,0;	0,0;	0,0;	0,0;	0,0;	0,0;	0,0;	0,0;	0,0;	0,0;	0,0;	0,0;	0,0;	0,0;	0,0;	0,0;	0,0;	0,0;	0,0;	0,0;	0,0;	0,0;	0,0;	0,0
25;	1;	6;	1,02;	nan;	100,0;	99,97;	99,48;	98,2;	97,24;	96,73;	96,68;	96,47;	96,13;	95,69;	94,46;	91,55;	90,61;	87,89;	86,39;	85,22;	80,48;	80,14;	77,09;	69,0;	66,15;	65,44;	64,78;	58,99;	58,48;	56,66;	56,59;	54,12;	48,19;	46,61;	36,58;	32,24;	31,85;	28,57;	26,45;	23,99;	23,35;	21,3;	17,04;	3,34;	0,0;	0,0;	0,0;	0,0;	0,0;	0,0;	0,0;	0,0;	0,0;	0,0;	0,0;	0,0;	0,0;	0,0;	0,0;	0,0;	0,0;	0,0;	0,0;	0,0;	0,0;	0,0;	0,0;	0,0;	0,0;	0,0;	0,0;	0,0;	0,0;	0,0;	0,0;	0,0;	0,0;	0,0;	0,0;	0,0;	0,0;	0,0;	0,0;	0,0;	0,0;	0,0;	0,0;	0,0;	0,0;	0,0;	0,0;	0,0;	0,0;	0,0;	0,0;	0,0;	0,0;	0,0;	0,0;	0,0;	0,0;	0,0;	0,0;	0,0
26;	0;	6;	1,15;	100,0;	99,98;	99,35;	98,81;	98,35;	95,99;	94,48;	92,74;	88,52;	86,75;	81,57;	81,34;	78,44;	77,92;	77,0;	67,42;	65,95;	61,99;	60,86;	58,09;	55,19;	53,18;	48,25;	47,06;	43,3;	32,65;	29,14;	26,7;	26,14;	24,95;	22,57;	22,57;	19,62;	17,87;	15,77;	2,86;	0,52;	0;	0;	0;	0;	0;	0;	0;	0;	0;	0;	0;	0;	0;	0;	0;	0;	0;	0;	0;	0;	0;	0;	0;	0;	0;	0;	0;	0;	0;	0;	0;	0;	0;	0;	0;	0;	0;	0;	0;	0;	0;	0;	0;	0;	0;	0;	0;	0;	0;	0;	0;	0;	0;	0;	0;	0;	0;	0;	0;	0;	0;	0;	0;	0
27;	8;	6;	0,94;	nan;	nan;	nan;	nan;	nan;	nan;	nan;	nan;	100,0;	99,84;	99,48;	99,37;	99,32;	99,05;	98,46;	97,82;	97,81;	96,54;	96,46;	95,36;	93,34;	88,48;	87,43;	86,74;	86,54;	85,54;	82,89;	79,29;	78,1;	73,83;	72,65;	69,73;	69,5;	68,46;	67,6;	65,22;	61,04;	58,06;	53,85;	45,56;	39,6;	36,99;	35,16;	28,94;	25,73;	25,06;	23,42;	22,65;	21,98;	14,3;	11,56;	8,56;	7,72;	2,82;	0,0;	0,0;	0,0;	0,0;	0,0;	0,0;	0,0;	0,0;	0,0;	0,0;	0,0;	0,0;	0,0;	0,0;	0,0;	0,0;	0,0;	0,0;	0,0;	0,0;	0,0;	0,0;	0,0;	0,0;	0,0;	0,0;	0,0;	0,0;	0,0;	0,0;	0,0;	0,0;	0,0;	0,0;	0,0;	0,0;	0,0;	0,0;	0,0;	0,0;	0,0;	0,0;	0,0;	0,0;	0,0;	0,0;	0,0
28;	10;	6;	0,93;	nan;	nan;	nan;	nan;	nan;	nan;	nan;	nan;	nan;	nan;	100,0;	100,0;	99,55;	99,04;	98,97;	98,19;	96,31;	95,27;	95,04;	94,06;	89,46;	87,17;	86,14;	84,6;	84,52;	83,85;	82,94;	82,92;	81,07;	78,86;	76,29;	76,16;	73,5;	72,16;	70,34;	70,19;	69,79;	68,05;	67,3;	66,39;	65,21;	63,75;	62,87;	60,57;	60,51;	58,05;	52,53;	47,1;	39,64;	33,37;	33,32;	31,4;	31,12;	29,03;	27,31;	21,22;	15,97;	15,06;	12,26;	12,07;	9,44;	5,25;	3,85;	0,0;	0,0;	0,0;	0,0;	0,0;	0,0;	0,0;	0,0;	0,0;	0,0;	0,0;	0,0;	0,0;	0,0;	0,0;	0,0;	0,0;	0,0;	0,0;	0,0;	0,0;	0,0;	0,0;	0,0;	0,0;	0,0;	0,0;	0,0;	0,0;	0,0;	0,0;	0,0;	0,0;	0,0;	0,0;	0,0;	0,0;	0,0
29;	13;	6;	1,04;	nan;	nan;	nan;	nan;	nan;	nan;	nan;	nan;	nan;	nan;	nan;	nan;	nan;	100,0;	99,89;	99,21;	99,15;	97,76;	97,66;	97,19;	94,12;	93,53;	92,12;	91,3;	90,53;	86,91;	83,7;	82,68;	80,61;	77,74;	75,68;	73,83;	73,59;	69,0;	66,32;	59,38;	56,62;	51,15;	47,65;	47,12;	46,14;	41,81;	41,57;	40,08;	39,81;	36,53;	32,91;	31,93;	30,37;	29,33;	27,02;	25,92;	24,02;	17,85;	14,96;	7,13;	3,62;	0,0;	0,0;	0,0;	0,0;	0,0;	0,0;	0,0;	0,0;	0,0;	0,0;	0,0;	0,0;	0,0;	0,0;	0,0;	0,0;	0,0;	0,0;	0,0;	0,0;	0,0;	0,0;	0,0;	0,0;	0,0;	0,0;	0,0;	0,0;	0,0;	0,0;	0,0;	0,0;	0,0;	0,0;	0,0;	0,0;	0,0;	0,0;	0,0;	0,0;	0,0;	0,0;	0,0;	0,0
30;	1;	6;	1,09;	nan;	100,0;	99,84;	99,69;	99,51;	99,05;	97,81;	97,56;	95,86;	94,42;	92,28;	91,0;	86,17;	84,74;	84,4;	82,03;	80,12;	78,09;	77,82;	77,39;	75,26;	70,27;	69,66;	67,56;	64,0;	61,44;	57,57;	56,18;	54,31;	52,62;	49,81;	48,55;	37,17;	29,39;	23,83;	15,65;	15,56;	11,41;	9,36;	5,98;	2,71;	0,43;	0,0;	0,0;	0,0;	0,0;	0,0;	0,0;	0,0;	0,0;	0,0;	0,0;	0,0;	0,0;	0,0;	0,0;	0,0;	0,0;	0,0;	0,0;	0,0;	0,0;	0,0;	0,0;	0,0;	0,0;	0,0;	0,0;	0,0;	0,0;	0,0;	0,0;	0,0;	0,0;	0,0;	0,0;	0,0;	0,0;	0,0;	0,0;	0,0;	0,0;	0,0;	0,0;	0,0;	0,0;	0,0;	0,0;	0,0;	0,0;	0,0;	0,0;	0,0;	0,0;	0,0;	0,0;	0,0;	0,0;	0,0;	0,0;	0,0
31;	-9;	6;	0,95;	92,57;	91,04;	88,91;	88,06;	85,8;	83,2;	81,38;	80,84;	78,77;	78,13;	76,16;	74,44;	74,21;	73,09;	71,77;	69,85;	67,38;	65,2;	64,56;	63,0;	60,78;	55,38;	54,93;	49,53;	43,61;	38,71;	37,79;	37,11;	33,33;	29,57;	28,04;	24,62;	22,08;	19,37;	17,61;	14,28;	8,43;	3,06;	0;	0;	0;	0;	0;	0;	0;	0;	0;	0;	0;	0;	0;	0;	0;	0;	0;	0;	0;	0;	0;	0;	0;	0;	0;	0;	0;	0;	0;	0;	0;	0;	0;	0;	0;	0;	0;	0;	0;	0;	0;	0;	0;	0;	0;	0;	0;	0;	0;	0;	0;	0;	0;	0;	0;	0;	0;	0;	0;	0;	0;	0;	0
32;	-6;	6;	0,91;	94,6;	94,6;	92,18;	92,1;	89,6;	89,46;	87,55;	84,95;	82,97;	80,52;	77,42;	77,36;	74,89;	74,88;	74,65;	73,26;	72,06;	69,57;	66,86;	64,48;	60,47;	59,67;	56,9;	56,18;	55,76;	54,46;	54,34;	52,51;	52,2;	50,32;	49,97;	39,43;	31,94;	26,45;	21,65;	14,63;	12,82;	11,88;	9,46;	4,29;	1,01;	0;	0;	0;	0;	0;	0;	0;	0;	0;	0;	0;	0;	0;	0;	0;	0;	0;	0;	0;	0;	0;	0;	0;	0;	0;	0;	0;	0;	0;	0;	0;	0;	0;	0;	0;	0;	0;	0;	0;	0;	0;	0;	0;	0;	0;	0;	0;	0;	0;	0;	0;	0;	0;	0;	0;	0;	0;	0;	0;	0
33;	14;	6;	0,94;	nan;	nan;	nan;	nan;	nan;	nan;	nan;	nan;	nan;	nan;	nan;	nan;	nan;	nan;	100,0;	99,76;	99,63;	99,42;	98,97;	98,5;	97,29;	97,01;	95,02;	94,64;	94,48;	93,41;	90,63;	86,04;	83,83;	82,43;	82,08;	77,73;	75,31;	72,9;	71,15;	69,3;	67,95;	66,38;	66,2;	64,39;	63,98;	59,21;	58,89;	55,39;	52,99;	47,03;	46,72;	44,61;	43,73;	37,64;	36,44;	32,38;	29,53;	27,04;	20,49;	14,41;	12,61;	8,94;	5,66;	0,75;	0,67;	0,0;	0,0;	0,0;	0,0;	0,0;	0,0;	0,0;	0,0;	0,0;	0,0;	0,0;	0,0;	0,0;	0,0;	0,0;	0,0;	0,0;	0,0;	0,0;	0,0;	0,0;	0,0;	0,0;	0,0;	0,0;	0,0;	0,0;	0,0;	0,0;	0,0;	0,0;	0,0;	0,0;	0,0;	0,0;	0,0;	0,0;	0,0;	0,0;	0,0
34;	-6;	6;	0,87;	95,37;	95,01;	94,72;	92,82;	92,12;	91,52;	90,83;	88,94;	85,55;	81,65;	78,95;	73,62;	71,46;	69,92;	65,25;	61,02;	55,5;	50,43;	44,6;	43,46;	42,29;	40,09;	37,8;	35,11;	30,83;	27,5;	23,72;	21,43;	21,07;	19,23;	16,39;	16,15;	13,06;	6,81;	1,17;	0,96;	0;	0;	0;	0;	0;	0;	0;	0;	0;	0;	0;	0;	0;	0;	0;	0;	0;	0;	0;	0;	0;	0;	0;	0;	0;	0;	0;	0;	0;	0;	0;	0;	0;	0;	0;	0;	0;	0;	0;	0;	0;	0;	0;	0;	0;	0;	0;	0;	0;	0;	0;	0;	0;	0;	0;	0;	0;	0;	0;	0;	0;	0;	0;	0;	0
35;	0;	6;	0,92;	100,0;	99,84;	99,79;	99,14;	98,37;	96,63;	95,95;	93,56;	90,02;	89,8;	88,65;	88,49;	87,88;	87,85;	86,24;	85,22;	84,2;	83,3;	82,46;	81,11;	78,53;	77,87;	71,3;	66,45;	66,41;	65,2;	63,77;	62,41;	59,54;	59,52;	57,35;	49,86;	45,24;	42,08;	40,25;	37,86;	37,24;	31,99;	29,31;	29,0;	27,16;	22,83;	20,59;	12,15;	9,6;	4,6;	1,12;	0;	0;	0;	0;	0;	0;	0;	0;	0;	0;	0;	0;	0;	0;	0;	0;	0;	0;	0;	0;	0;	0;	0;	0;	0;	0;	0;	0;	0;	0;	0;	0;	0;	0;	0;	0;	0;	0;	0;	0;	0;	0;	0;	0;	0;	0;	0;	0;	0;	0;	0;	0;	0;	0
36;	10;	6;	0,86;	nan;	nan;	nan;	nan;	nan;	nan;	nan;	nan;	nan;	nan;	100,0;	99,95;	99,89;	99,19;	99,04;	98,75;	97,83;	97,2;	97,03;	95,27;	93,88;	90,79;	89,55;	89,38;	85,47;	85,31;	83,39;	80,47;	79,19;	77,71;	77,65;	73,23;	68,55;	67,53;	63,16;	62,23;	59,94;	56,02;	54,61;	53,79;	50,43;	48,71;	43,86;	41,89;	36,51;	31,98;	28,32;	26,36;	24,96;	20,77;	20,77;	14,16;	14,11;	9,31;	7,02;	3,05;	0,02;	0,0;	0,0;	0,0;	0,0;	0,0;	0,0;	0,0;	0,0;	0,0;	0,0;	0,0;	0,0;	0,0;	0,0;	0,0;	0,0;	0,0;	0,0;	0,0;	0,0;	0,0;	0,0;	0,0;	0,0;	0,0;	0,0;	0,0;	0,0;	0,0;	0,0;	0,0;	0,0;	0,0;	0,0;	0,0;	0,0;	0,0;	0,0;	0,0;	0,0;	0,0;	0,0;	0,0;	0,0
37;	-8;	6;	0,88;	94,43;	93,92;	91,1;	90,56;	89,34;	88,37;	88,15;	87,61;	86,98;	83,06;	82,58;	82,42;	79,06;	77,31;	72,46;	71,92;	68,24;	62,01;	59,02;	57,28;	53,51;	49,19;	45,5;	42,71;	34,45;	31,95;	30,07;	28,82;	27,19;	24,75;	19,57;	15,84;	14,97;	12,87;	10,13;	3,64;	2,61;	1,57;	1,04;	0,47;	0;	0;	0;	0;	0;	0;	0;	0;	0;	0;	0;	0;	0;	0;	0;	0;	0;	0;	0;	0;	0;	0;	0;	0;	0;	0;	0;	0;	0;	0;	0;	0;	0;	0;	0;	0;	0;	0;	0;	0;	0;	0;	0;	0;	0;	0;	0;	0;	0;	0;	0;	0;	0;	0;	0;	0;	0;	0;	0;	0;	0
38;	0;	6;	1,11;	100,0;	99,76;	99,45;	99,34;	97,52;	95,95;	95,54;	95,02;	94,64;	92,4;	91,21;	89,89;	89,01;	84,59;	80,55;	75,68;	73,23;	70,64;	69,57;	65,24;	62,92;	60,43;	58,63;	51,86;	50,53;	48,65;	48,21;	47,53;	40,69;	37,54;	33,17;	28,13;	25,01;	18,53;	15,96;	12,38;	10,04;	8,12;	5,41;	0;	0;	0;	0;	0;	0;	0;	0;	0;	0;	0;	0;	0;	0;	0;	0;	0;	0;	0;	0;	0;	0;	0;	0;	0;	0;	0;	0;	0;	0;	0;	0;	0;	0;	0;	0;	0;	0;	0;	0;	0;	0;	0;	0;	0;	0;	0;	0;	0;	0;	0;	0;	0;	0;	0;	0;	0;	0;	0;	0;	0;	0
39;	5;	6;	0,82;	nan;	nan;	nan;	nan;	nan;	100,0;	99,85;	99,69;	99,3;	99,29;	99,11;	98,19;	97,99;	96,77;	95,11;	93,31;	93,29;	92,0;	90,79;	90,52;	90,46;	87,07;	83,74;	83,64;	82,31;	79,49;	76,86;	74,15;	73,61;	72,93;	70,2;	69,89;	68,61;	66,94;	66,07;	63,29;	60,17;	57,75;	57,0;	52,15;	47,52;	44,9;	42,24;	42,13;	32,49;	31,85;	31,31;	28,59;	26,87;	19,78;	17,58;	16,1;	15,91;	14,04;	12,81;	12,38;	8,61;	7,99;	5,88;	4,08;	0,0;	0,0;	0,0;	0,0;	0,0;	0,0;	0,0;	0,0;	0,0;	0,0;	0,0;	0,0;	0,0;	0,0;	0,0;	0,0;	0,0;	0,0;	0,0;	0,0;	0,0;	0,0;	0,0;	0,0;	0,0;	0,0;	0,0;	0,0;	0,0;	0,0;	0,0;	0,0;	0,0;	0,0;	0,0;	0,0;	0,0;	0,0;	0,0;	0,0;	0,0
40;	10;	6;	1,07;	nan;	nan;	nan;	nan;	nan;	nan;	nan;	nan;	nan;	nan;	100,0;	99,87;	99,04;	98,61;	96,49;	96,4;	95,72;	95,66;	92,97;	92,81;	89,39;	89,39;	88,73;	84,46;	81,85;	80,71;	79,66;	78,45;	75,74;	75,41;	70,28;	65,3;	59,49;	55,09;	51,32;	45,53;	36,86;	29,66;	25,88;	22,32;	21,01;	20,93;	19,15;	14,6;	11,42;	7,66;	5,56;	0,0;	0,0;	0,0;	0,0;	0,0;	0,0;	0,0;	0,0;	0,0;	0,0;	0,0;	0,0;	0,0;	0,0;	0,0;	0,0;	0,0;	0,0;	0,0;	0,0;	0,0;	0,0;	0,0;	0,0;	0,0;	0,0;	0,0;	0,0;	0,0;	0,0;	0,0;	0,0;	0,0;	0,0;	0,0;	0,0;	0,0;	0,0;	0,0;	0,0;	0,0;	0,0;	0,0;	0,0;	0,0;	0,0;	0,0;	0,0;	0,0;	0,0;	0,0;	0,0;	0,0;	0,0
41;	0;	6;	0,98;	100,0;	99,95;	99,83;	99,08;	98,73;	96,39;	95,59;	94,74;	94,39;	92,88;	90,07;	85,44;	83,27;	82,94;	79,2;	78,68;	78,54;	75,69;	73,65;	72,03;	70,44;	67,51;	65,46;	60,65;	54,53;	51,26;	47,3;	43,24;	41,97;	40,9;	38,95;	38,73;	35,96;	34,12;	33,01;	27,8;	24,7;	20,29;	16,45;	13,82;	11,41;	11,31;	5,07;	1,86;	0;	0;	0;	0;	0;	0;	0;	0;	0;	0;	0;	0;	0;	0;	0;	0;	0;	0;	0;	0;	0;	0;	0;	0;	0;	0;	0;	0;	0;	0;	0;	0;	0;	0;	0;	0;	0;	0;	0;	0;	0;	0;	0;	0;	0;	0;	0;	0;	0;	0;	0;	0;	0;	0;	0;	0;	0
42;	0;	6;	1,08;	100,0;	99,74;	99,25;	99,19;	98,86;	97,2;	97,01;	96,73;	95,56;	92,23;	89,9;	85,43;	85,1;	83,33;	80,26;	76,3;	74,5;	65,92;	64,37;	56,2;	53,52;	49,58;	44,0;	42,58;	38,99;	27,69;	23,97;	15,75;	15,36;	12,25;	12,03;	4,38;	3,62;	0;	0;	0;	0;	0;	0;	0;	0;	0;	0;	0;	0;	0;	0;	0;	0;	0;	0;	0;	0;	0;	0;	0;	0;	0;	0;	0;	0;	0;	0;	0;	0;	0;	0;	0;	0;	0;	0;	0;	0;	0;	0;	0;	0;	0;	0;	0;	0;	0;	0;	0;	0;	0;	0;	0;	0;	0;	0;	0;	0;	0;	0;	0;	0;	0;	0;	0;	0
43;	10;	6;	0,91;	nan;	nan;	nan;	nan;	nan;	nan;	nan;	nan;	nan;	nan;	100,0;	99,92;	99,63;	99,16;	98,43;	98,28;	97,36;	96,88;	96,35;	96,33;	96,22;	95,85;	95,81;	93,59;	91,15;	88,19;	86,37;	79,97;	74,17;	73,26;	69,28;	68,69;	63,9;	59,04;	57,89;	57,1;	56,5;	53,34;	50,78;	50,58;	50,56;	49,31;	47,68;	45,45;	39,9;	37,58;	35,67;	33,29;	25,83;	25,25;	24,0;	19,92;	17,29;	10,62;	10,17;	7,48;	3,26;	2,39;	1,02;	0,0;	0,0;	0,0;	0,0;	0,0;	0,0;	0,0;	0,0;	0,0;	0,0;	0,0;	0,0;	0,0;	0,0;	0,0;	0,0;	0,0;	0,0;	0,0;	0,0;	0,0;	0,0;	0,0;	0,0;	0,0;	0,0;	0,0;	0,0;	0,0;	0,0;	0,0;	0,0;	0,0;	0,0;	0,0;	0,0;	0,0;	0,0;	0,0;	0,0;	0,0;	0,0
44;	-2;	6;	0,93;	99,77;	98,82;	98,81;	98,05;	96,68;	95,8;	94,32;	92,67;	91,95;	90,61;	90,45;	88,13;	86,68;	86,34;	84,98;	84,27;	79,68;	79,49;	76,96;	74,12;	71,48;	71,07;	70,41;	69,26;	69,04;	66,0;	61,0;	60,31;	59,19;	53,75;	47,56;	46,74;	42,73;	41,32;	39,0;	37,06;	36,5;	33,8;	31,52;	26,24;	23,18;	19,03;	17,03;	13,4;	9,41;	6,38;	2,4;	0;	0;	0;	0;	0;	0;	0;	0;	0;	0;	0;	0;	0;	0;	0;	0;	0;	0;	0;	0;	0;	0;	0;	0;	0;	0;	0;	0;	0;	0;	0;	0;	0;	0;	0;	0;	0;	0;	0;	0;	0;	0;	0;	0;	0;	0;	0;	0;	0;	0;	0;	0;	0;	0
45;	-14;	6;	1,08;	82,48;	82,46;	81,95;	81,9;	78,2;	76,59;	70,37;	69,61;	68,73;	68,44;	66,49;	60,76;	55,15;	54,12;	52,38;	50,01;	47,16;	46,26;	39,68;	35,62;	35,61;	33,81;	29,39;	14,61;	14,04;	9,3;	7,53;	0,43;	0;	0;	0;	0;	0;	0;	0;	0;	0;	0;	0;	0;	0;	0;	0;	0;	0;	0;	0;	0;	0;	0;	0;	0;	0;	0;	0;	0;	0;	0;	0;	0;	0;	0;	0;	0;	0;	0;	0;	0;	0;	0;	0;	0;	0;	0;	0;	0;	0;	0;	0;	0;	0;	0;	0;	0;	0;	0;	0;	0;	0;	0;	0;	0;	0;	0;	0;	0;	0;	0;	0;	0;	0
46;	11;	6;	1,07;	nan;	nan;	nan;	nan;	nan;	nan;	nan;	nan;	nan;	nan;	nan;	100,0;	99,67;	98,61;	98,6;	96,81;	96,61;	95,78;	92,84;	92,02;	90,15;	89,4;	88,51;	87,85;	86,84;	85,0;	84,95;	83,76;	80,78;	80,73;	79,55;	77,97;	76,79;	74,71;	68,05;	67,42;	63,51;	63,16;	61,01;	60,66;	52,39;	44,05;	44,01;	39,53;	34,75;	17,13;	14,27;	6,07;	2,31;	0,0;	0,0;	0,0;	0,0;	0,0;	0,0;	0,0;	0,0;	0,0;	0,0;	0,0;	0,0;	0,0;	0,0;	0,0;	0,0;	0,0;	0,0;	0,0;	0,0;	0,0;	0,0;	0,0;	0,0;	0,0;	0,0;	0,0;	0,0;	0,0;	0,0;	0,0;	0,0;	0,0;	0,0;	0,0;	0,0;	0,0;	0,0;	0,0;	0,0;	0,0;	0,0;	0,0;	0,0;	0,0;	0,0;	0,0;	0,0;	0,0;	0,0;	0,0;	0,0
47;	1;	6;	1,22;	nan;	100,0;	99,71;	99,68;	99,22;	99,06;	97,63;	95,58;	95,01;	94,14;	92,05;	91,06;	88,96;	85,72;	85,0;	83,29;	83,24;	80,31;	72,18;	70,71;	68,4;	66,65;	63,64;	57,12;	52,61;	51,99;	44,43;	44,24;	36,4;	31,19;	28,63;	25,06;	19,75;	18,15;	11,92;	7,71;	0,0;	0,0;	0,0;	0,0;	0,0;	0,0;	0,0;	0,0;	0,0;	0,0;	0,0;	0,0;	0,0;	0,0;	0,0;	0,0;	0,0;	0,0;	0,0;	0,0;	0,0;	0,0;	0,0;	0,0;	0,0;	0,0;	0,0;	0,0;	0,0;	0,0;	0,0;	0,0;	0,0;	0,0;	0,0;	0,0;	0,0;	0,0;	0,0;	0,0;	0,0;	0,0;	0,0;	0,0;	0,0;	0,0;	0,0;	0,0;	0,0;	0,0;	0,0;	0,0;	0,0;	0,0;	0,0;	0,0;	0,0;	0,0;	0,0;	0,0;	0,0;	0,0;	0,0;	0,0;	0,0
48;	-1;	6;	0,81;	99,91;	99,19;	99,02;	98,95;	98,47;	97,88;	97,71;	96,16;	95,31;	92,21;	90,8;	90,56;	88,61;	87,93;	86,98;	86,73;	85,19;	84,51;	84,23;	81,41;	80,27;	78,5;	78,33;	77,94;	77,3;	76,63;	75,76;	75,02;	73,09;	70,36;	68,28;	67,26;	64,16;	63,22;	61,29;	55,63;	50,68;	44,86;	44,66;	43,8;	39,45;	29,87;	29,05;	23,95;	19,27;	15,95;	7,9;	6,21;	3,75;	0;	0;	0;	0;	0;	0;	0;	0;	0;	0;	0;	0;	0;	0;	0;	0;	0;	0;	0;	0;	0;	0;	0;	0;	0;	0;	0;	0;	0;	0;	0;	0;	0;	0;	0;	0;	0;	0;	0;	0;	0;	0;	0;	0;	0;	0;	0;	0;	0;	0;	0;	0
49;	-9;	6;	1,06;	88,63;	87,65;	85,08;	83,91;	82,65;	82,17;	81,12;	75,97;	72,77;	72,38;	69,83;	68,79;	65,78;	62,55;	59,43;	58,31;	54,84;	53,0;	51,32;	48,04;	44,46;	36,5;	29,53;	23,36;	15,9;	11,89;	8,89;	4,67;	0;	0;	0;	0;	0;	0;	0;	0;	0;	0;	0;	0;	0;	0;	0;	0;	0;	0;	0;	0;	0;	0;	0;	0;	0;	0;	0;	0;	0;	0;	0;	0;	0;	0;	0;	0;	0;	0;	0;	0;	0;	0;	0;	0;	0;	0;	0;	0;	0;	0;	0;	0;	0;	0;	0;	0;	0;	0;	0;	0;	0;	0;	0;	0;	0;	0;	0;	0;	0;	0;	0;	0;	0
