0;	-5;	7;	1,31;	39,67;	29,59;	27,66;	14,97;	13,93;	10,58;	9,67;	6,4;	4,53;	2,31;	0,83;	0,7;	0;	0;	0;	0;	0;	0;	0;	0;	0;	0;	0;	0;	0;	0;	0;	0;	0;	0;	0;	0;	0;	0;	0;	0;	0;	0;	0;	0;	0;	0;	0;	0;	0;	0;	0;	0;	0;	0;	0;	0;	0;	0;	0;	0;	0;	0;	0;	0;	0;	0;	0;	0;	0;	0;	0;	0;	0;	0;	0;	0;	0;	0;	0;	0;	0;	0;	0;	0;	0;	0;	0;	0;	0;	0;	0;	0;	0;	0;	0;	0;	0;	0;	0;	0;	0;	0;	0;	0;	0
1;	-6;	7;	1,3;	34,91;	33,82;	29,61;	24,88;	16,74;	9,76;	7,26;	6,57;	4,86;	3,38;	2,26;	0;	0;	0;	0;	0;	0;	0;	0;	0;	0;	0;	0;	0;	0;	0;	0;	0;	0;	0;	0;	0;	0;	0;	0;	0;	0;	0;	0;	0;	0;	0;	0;	0;	0;	0;	0;	0;	0;	0;	0;	0;	0;	0;	0;	0;	0;	0;	0;	0;	0;	0;	0;	0;	0;	0;	0;	0;	0;	0;	0;	0;	0;	0;	0;	0;	0;	0;	0;	0;	0;	0;	0;	0;	0;	0;	0;	0;	0;	0;	0;	0;	0;	0;	0;	0;	0;	0;	0;	0;	0
2;	1;	7;	1,09;	nan;	100,0;	69,08;	67,53;	56,04;	37,57;	36,95;	35,75;	35,42;	32,18;	30,77;	26,21;	23,47;	20,73;	17,48;	14,29;	14,01;	11,98;	11,24;	9,76;	8,87;	8,54;	6,45;	5,85;	5,34;	4,97;	4,74;	3,2;	2,67;	2,29;	1,41;	0,91;	0,0;	0,0;	0,0;	0,0;	0,0;	0,0;	0,0;	0,0;	0,0;	0,0;	0,0;	0,0;	0,0;	0,0;	0,0;	0,0;	0,0;	0,0;	0,0;	0,0;	0,0;	0,0;	0,0;	0,0;	0,0;	0,0;	0,0;	0,0;	0,0;	0,0;	0,0;	0,0;	0,0;	0,0;	0,0;	0,0;	0,0;	0,0;	0,0;	0,0;	0,0;	0,0;	0,0;	0,0;	0,0;	0,0;	0,0;	0,0;	0,0;	0,0;	0,0;	0,0;	0,0;	0,0;	0,0;	0,0;	0,0;	0,0;	0,0;	0,0;	0,0;	0,0;	0,0;	0,0;	0,0;	0,0;	0,0;	0,0;	0,0
3;	9;	7;	0,93;	nan;	nan;	nan;	nan;	nan;	nan;	nan;	nan;	nan;	100,0;	60,93;	60,91;	53,48;	52,85;	51,38;	48,71;	47,29;	42,59;	39,32;	36,97;	35,62;	33,26;	28,74;	28,29;	28,17;	28,14;	25,9;	24,75;	22,45;	21,36;	20,74;	20,02;	19,87;	19,76;	19,2;	18,1;	16,54;	16,13;	15,54;	15,16;	15,06;	14,81;	14,45;	14,02;	13,76;	13,62;	13,56;	13,21;	11,92;	11,17;	10,29;	9,89;	9,4;	9,22;	8,29;	7,86;	7,84;	7,68;	7,49;	6,76;	6,6;	6,06;	5,88;	5,85;	5,58;	5,1;	4,21;	3,96;	3,53;	3,22;	2,94;	2,51;	2,3;	2,21;	1,86;	1,15;	0,62;	0,57;	0,21;	0,0;	0,0;	0,0;	0,0;	0,0;	0,0;	0,0;	0,0;	0,0;	0,0;	0,0;	0,0;	0,0;	0,0;	0,0;	0,0;	0,0;	0,0;	0,0;	0,0;	0,0;	0,0
4;	-3;	7;	0,96;	44,38;	36,36;	31,99;	31,36;	22,85;	20,09;	18,2;	16,98;	14,69;	14,33;	11,48;	10,23;	7,32;	6,86;	5,17;	4,22;	2,88;	2,18;	0,86;	0;	0;	0;	0;	0;	0;	0;	0;	0;	0;	0;	0;	0;	0;	0;	0;	0;	0;	0;	0;	0;	0;	0;	0;	0;	0;	0;	0;	0;	0;	0;	0;	0;	0;	0;	0;	0;	0;	0;	0;	0;	0;	0;	0;	0;	0;	0;	0;	0;	0;	0;	0;	0;	0;	0;	0;	0;	0;	0;	0;	0;	0;	0;	0;	0;	0;	0;	0;	0;	0;	0;	0;	0;	0;	0;	0;	0;	0;	0;	0;	0;	0
5;	19;	7;	0,79;	nan;	nan;	nan;	nan;	nan;	nan;	nan;	nan;	nan;	nan;	nan;	nan;	nan;	nan;	nan;	nan;	nan;	nan;	nan;	100,0;	74,39;	62,86;	58,76;	54,71;	47,0;	46,04;	42,76;	39,23;	37,81;	34,05;	32,11;	28,92;	26,13;	24,25;	23,18;	22,94;	21,88;	21,58;	20,14;	19,23;	19,13;	18,77;	18,47;	18,17;	18,15;	18,13;	16,86;	16,45;	16,25;	15,86;	14,51;	14,02;	13,68;	13,45;	13,31;	13,09;	12,59;	12,17;	10,89;	10,66;	10,2;	9,86;	8,86;	8,71;	8,06;	7,45;	7,4;	7,29;	7,25;	7,01;	6,91;	6,77;	6,02;	5,61;	5,39;	5,13;	4,6;	4,37;	4,35;	4,25;	3,68;	3,65;	3,49;	3,11;	2,53;	2,38;	2,32;	2,14;	1,26;	0,95;	0,86;	0,72;	0,27;	0,12;	0,0;	0,0;	0,0;	0,0;	0,0;	0,0;	0,0
6;	9;	7;	0,93;	nan;	nan;	nan;	nan;	nan;	nan;	nan;	nan;	nan;	100,0;	68,96;	66,2;	64,07;	59,37;	55,8;	55,29;	52,09;	45,88;	45,82;	44,9;	42,89;	42,16;	40,17;	40,0;	39,42;	39,34;	38,49;	36,81;	35,99;	35,71;	32,62;	32,37;	32,02;	31,89;	30,99;	29,93;	29,82;	29,23;	28,33;	27,99;	27,33;	26,95;	26,82;	26,69;	26,2;	25,76;	25,73;	25,51;	25,32;	25,2;	24,59;	24,49;	24,34;	23,67;	23,61;	23,07;	22,07;	21,87;	21,87;	21,37;	20,98;	20,72;	20,35;	20,02;	19,87;	19,51;	18,54;	17,73;	17,64;	17,36;	16,95;	16,13;	15,72;	15,36;	14,83;	14,81;	14,5;	14,35;	14,22;	13,98;	13,98;	13,37;	12,72;	12,4;	12,25;	11,41;	11,29;	11,12;	10,62;	10,33;	10,01;	9,91;	9,77;	9,24;	8,82;	8,47;	7,96;	7,62;	7,52;	7,44;	7,32
7;	3;	7;	0,84;	nan;	nan;	nan;	100,0;	86,68;	76,84;	76,58;	70,72;	67,95;	63,41;	58,95;	56,15;	53,8;	53,17;	50,84;	50,83;	48,33;	46,69;	45,96;	45,46;	42,34;	40,15;	39,14;	39,13;	38,92;	37,85;	36,76;	35,92;	35,63;	35,07;	33,94;	33,14;	32,47;	31,86;	31,86;	31,82;	30,25;	30,13;	29,88;	29,77;	29,75;	29,23;	28,67;	28,23;	27,71;	26,82;	25,54;	25,5;	24,85;	24,12;	24,01;	22,8;	22,18;	21,57;	21,47;	21,37;	20,45;	20,16;	19,93;	19,3;	18,99;	18,97;	18,68;	18,57;	18,41;	18,07;	17,94;	17,77;	17,22;	17,01;	16,62;	16,36;	15,64;	14,64;	14,54;	14,12;	14,03;	13,28;	12,97;	12,76;	12,64;	12,54;	12,43;	12,28;	11,9;	11,84;	11,8;	11,77;	11,52;	11,25;	11,23;	11,13;	10,74;	10,37;	10,24;	10,22;	10,21;	10,08;	10,05;	9,88;	9,83
8;	11;	7;	1,08;	nan;	nan;	nan;	nan;	nan;	nan;	nan;	nan;	nan;	nan;	nan;	100,0;	56,96;	33,85;	27,96;	24,41;	23,48;	20,59;	20,33;	10,36;	2,03;	0,9;	0,0;	0,0;	0,0;	0,0;	0,0;	0,0;	0,0;	0,0;	0,0;	0,0;	0,0;	0,0;	0,0;	0,0;	0,0;	0,0;	0,0;	0,0;	0,0;	0,0;	0,0;	0,0;	0,0;	0,0;	0,0;	0,0;	0,0;	0,0;	0,0;	0,0;	0,0;	0,0;	0,0;	0,0;	0,0;	0,0;	0,0;	0,0;	0,0;	0,0;	0,0;	0,0;	0,0;	0,0;	0,0;	0,0;	0,0;	0,0;	0,0;	0,0;	0,0;	0,0;	0,0;	0,0;	0,0;	0,0;	0,0;	0,0;	0,0;	0,0;	0,0;	0,0;	0,0;	0,0;	0,0;	0,0;	0,0;	0,0;	0,0;	0,0;	0,0;	0,0;	0,0;	0,0;	0,0;	0,0;	0,0;	0,0;	0,0
9;	-8;	7;	1,06;	64,18;	62,97;	61,26;	60,0;	59,48;	59,19;	55,4;	53,97;	53,19;	51,95;	50,44;	49,14;	48,84;	48,36;	46,38;	46,25;	45,78;	44,2;	43,97;	43,87;	42,38;	41,11;	40,6;	39,25;	37,63;	36,26;	35,85;	34,97;	34,52;	33,62;	32,17;	32,09;	31,67;	30,97;	29,39;	28,73;	28,61;	27,38;	26,53;	26,21;	25,68;	25,48;	25,43;	24,61;	23,72;	23,33;	23,23;	23,09;	23,03;	22,87;	22,34;	21,41;	20,89;	20,47;	20,27;	19,98;	19,65;	19,6;	19,06;	18,76;	18,42;	18,21;	18,0;	17,64;	17,05;	16,98;	16,95;	16,65;	16,51;	16,1;	16,08;	15,89;	15,13;	15,11;	14,41;	13,98;	13,71;	13,64;	13,15;	12,94;	12,48;	12,43;	12,18;	11,64;	11,5;	11,49;	11,35;	11,27;	10,96;	10,78;	10,69;	10,31;	10,2;	10,17;	9,84;	9,8;	9,75;	9,69;	9,49;	9,39;	8,55
10;	-1;	7;	1,25;	25,75;	6,21;	0;	0;	0;	0;	0;	0;	0;	0;	0;	0;	0;	0;	0;	0;	0;	0;	0;	0;	0;	0;	0;	0;	0;	0;	0;	0;	0;	0;	0;	0;	0;	0;	0;	0;	0;	0;	0;	0;	0;	0;	0;	0;	0;	0;	0;	0;	0;	0;	0;	0;	0;	0;	0;	0;	0;	0;	0;	0;	0;	0;	0;	0;	0;	0;	0;	0;	0;	0;	0;	0;	0;	0;	0;	0;	0;	0;	0;	0;	0;	0;	0;	0;	0;	0;	0;	0;	0;	0;	0;	0;	0;	0;	0;	0;	0;	0;	0;	0;	0
11;	6;	7;	0,54;	nan;	nan;	nan;	nan;	nan;	nan;	100,0;	97,03;	97,0;	88,45;	85,77;	85,41;	82,25;	80,82;	80,63;	79,26;	77,7;	77,52;	77,23;	75,08;	72,94;	72,13;	70,9;	69,0;	68,21;	67,34;	67,19;	66,21;	65,07;	64,76;	64,71;	63,68;	62,81;	62,35;	61,19;	60,55;	60,03;	59,82;	59,47;	58,83;	58,18;	57,74;	57,74;	57,08;	56,95;	56,76;	56,55;	56,29;	55,99;	55,69;	55,56;	55,41;	55,32;	54,95;	54,83;	54,62;	54,54;	54,2;	54,19;	53,87;	53,65;	53,55;	53,27;	52,99;	52,93;	52,87;	52,84;	52,61;	52,34;	52,17;	52,11;	51,86;	51,55;	51,5;	51,31;	51,21;	51,01;	50,95;	50,82;	50,77;	50,41;	50,39;	50,23;	50,12;	50,1;	50,08;	50,07;	49,95;	49,74;	49,37;	49,14;	48,74;	48,73;	48,25;	48,15;	48,06;	48,02;	47,81;	47,71;	47,54;	47,44
12;	-16;	7;	1,2;	26,3;	26,15;	23,29;	23,04;	21,24;	19,1;	18,29;	16,47;	15,72;	15,08;	12,27;	12,17;	10,99;	10,94;	9,5;	9,24;	9,19;	8,34;	7,93;	7,69;	6,88;	6,31;	5,81;	4,23;	4,0;	3,51;	3,37;	2,28;	1,43;	0,74;	0;	0;	0;	0;	0;	0;	0;	0;	0;	0;	0;	0;	0;	0;	0;	0;	0;	0;	0;	0;	0;	0;	0;	0;	0;	0;	0;	0;	0;	0;	0;	0;	0;	0;	0;	0;	0;	0;	0;	0;	0;	0;	0;	0;	0;	0;	0;	0;	0;	0;	0;	0;	0;	0;	0;	0;	0;	0;	0;	0;	0;	0;	0;	0;	0;	0;	0;	0;	0;	0;	0
13;	10;	7;	1,15;	nan;	nan;	nan;	nan;	nan;	nan;	nan;	nan;	nan;	nan;	100,0;	49,93;	49,05;	47,34;	43,38;	31,88;	28,92;	22,61;	19,7;	18,54;	18,43;	18,39;	14,46;	13,46;	13,08;	12,68;	11,52;	11,31;	10,36;	9,43;	8,46;	8,08;	6,9;	5,69;	3,19;	3,19;	2,14;	1,34;	0,5;	0,0;	0,0;	0,0;	0,0;	0,0;	0,0;	0,0;	0,0;	0,0;	0,0;	0,0;	0,0;	0,0;	0,0;	0,0;	0,0;	0,0;	0,0;	0,0;	0,0;	0,0;	0,0;	0,0;	0,0;	0,0;	0,0;	0,0;	0,0;	0,0;	0,0;	0,0;	0,0;	0,0;	0,0;	0,0;	0,0;	0,0;	0,0;	0,0;	0,0;	0,0;	0,0;	0,0;	0,0;	0,0;	0,0;	0,0;	0,0;	0,0;	0,0;	0,0;	0,0;	0,0;	0,0;	0,0;	0,0;	0,0;	0,0;	0,0;	0,0;	0,0;	0,0
14;	-13;	7;	0,91;	12,06;	10,79;	10,43;	9,36;	8,21;	8,06;	7,3;	5,44;	4,8;	4,4;	4,19;	3,77;	2,59;	1,32;	0;	0;	0;	0;	0;	0;	0;	0;	0;	0;	0;	0;	0;	0;	0;	0;	0;	0;	0;	0;	0;	0;	0;	0;	0;	0;	0;	0;	0;	0;	0;	0;	0;	0;	0;	0;	0;	0;	0;	0;	0;	0;	0;	0;	0;	0;	0;	0;	0;	0;	0;	0;	0;	0;	0;	0;	0;	0;	0;	0;	0;	0;	0;	0;	0;	0;	0;	0;	0;	0;	0;	0;	0;	0;	0;	0;	0;	0;	0;	0;	0;	0;	0;	0;	0;	0;	0
15;	-9;	7;	0,97;	45,27;	42,35;	39,99;	36,07;	36,02;	34,45;	33,84;	32,64;	31,5;	30,6;	30,41;	29,99;	29,64;	29,34;	28,52;	27,75;	27,29;	25,98;	24,76;	23,17;	21,45;	20,18;	20,14;	19,5;	19,34;	19,34;	19,05;	18,02;	16,77;	16,24;	15,8;	14,5;	14,22;	13,77;	13,48;	12,52;	11,75;	11,08;	10,95;	10,31;	9,74;	9,72;	9,25;	8,65;	8,55;	8,52;	8,36;	8,27;	7,65;	7,32;	6,6;	6,56;	6,11;	5,62;	5,54;	5,5;	5,3;	5,06;	4,73;	4,55;	3,81;	3,38;	3,24;	3,02;	2,59;	1,98;	1,81;	1,65;	1,53;	1,42;	1,36;	1,09;	0,9;	0,61;	0,22;	0,11;	0;	0;	0;	0;	0;	0;	0;	0;	0;	0;	0;	0;	0;	0;	0;	0;	0;	0;	0;	0;	0;	0;	0;	0;	0
16;	-21;	7;	1,0;	29,21;	29,01;	28,17;	27,15;	27,05;	26,46;	24,76;	23,98;	23,22;	22,43;	22,33;	21,56;	19,96;	19,39;	19,27;	18,17;	18,02;	17,08;	16,04;	15,41;	14,92;	13,99;	13,81;	13,77;	13,34;	12,58;	12,42;	12,17;	11,75;	11,63;	11,34;	10,74;	10,5;	10,2;	9,2;	8,92;	8,32;	8,14;	6,77;	6,24;	5,17;	5,07;	4,63;	4,15;	3,03;	2,81;	2,57;	2,44;	2,21;	2,07;	1,87;	1,64;	1,6;	1,58;	1,47;	1,01;	0,42;	0,17;	0;	0;	0;	0;	0;	0;	0;	0;	0;	0;	0;	0;	0;	0;	0;	0;	0;	0;	0;	0;	0;	0;	0;	0;	0;	0;	0;	0;	0;	0;	0;	0;	0;	0;	0;	0;	0;	0;	0;	0;	0;	0;	0
17;	14;	7;	1,05;	nan;	nan;	nan;	nan;	nan;	nan;	nan;	nan;	nan;	nan;	nan;	nan;	nan;	nan;	100,0;	44,35;	34,78;	33,76;	31,82;	29,09;	27,49;	25,08;	23,15;	22,43;	19,29;	15,48;	13,55;	12,33;	10,43;	8,82;	6,12;	4,62;	3,57;	2,34;	1,94;	0,01;	0,0;	0,0;	0,0;	0,0;	0,0;	0,0;	0,0;	0,0;	0,0;	0,0;	0,0;	0,0;	0,0;	0,0;	0,0;	0,0;	0,0;	0,0;	0,0;	0,0;	0,0;	0,0;	0,0;	0,0;	0,0;	0,0;	0,0;	0,0;	0,0;	0,0;	0,0;	0,0;	0,0;	0,0;	0,0;	0,0;	0,0;	0,0;	0,0;	0,0;	0,0;	0,0;	0,0;	0,0;	0,0;	0,0;	0,0;	0,0;	0,0;	0,0;	0,0;	0,0;	0,0;	0,0;	0,0;	0,0;	0,0;	0,0;	0,0;	0,0;	0,0;	0,0;	0,0;	0,0;	0,0
18;	-5;	7;	1,1;	42,74;	37,27;	35,17;	33,66;	31,91;	31,87;	30,9;	30,33;	29,71;	29,41;	27,42;	24,84;	22,03;	19,82;	19,17;	19,15;	17,1;	13,76;	12,97;	12,63;	11,2;	10,68;	10,06;	8,36;	6,4;	5,9;	3,72;	3,35;	2,86;	2,84;	2,59;	1,16;	0,42;	0,05;	0;	0;	0;	0;	0;	0;	0;	0;	0;	0;	0;	0;	0;	0;	0;	0;	0;	0;	0;	0;	0;	0;	0;	0;	0;	0;	0;	0;	0;	0;	0;	0;	0;	0;	0;	0;	0;	0;	0;	0;	0;	0;	0;	0;	0;	0;	0;	0;	0;	0;	0;	0;	0;	0;	0;	0;	0;	0;	0;	0;	0;	0;	0;	0;	0;	0;	0
19;	13;	7;	1,07;	nan;	nan;	nan;	nan;	nan;	nan;	nan;	nan;	nan;	nan;	nan;	nan;	nan;	100,0;	73,03;	66,07;	44,8;	41,76;	27,86;	20,78;	18,8;	6,67;	5,41;	2,17;	0,0;	0,0;	0,0;	0,0;	0,0;	0,0;	0,0;	0,0;	0,0;	0,0;	0,0;	0,0;	0,0;	0,0;	0,0;	0,0;	0,0;	0,0;	0,0;	0,0;	0,0;	0,0;	0,0;	0,0;	0,0;	0,0;	0,0;	0,0;	0,0;	0,0;	0,0;	0,0;	0,0;	0,0;	0,0;	0,0;	0,0;	0,0;	0,0;	0,0;	0,0;	0,0;	0,0;	0,0;	0,0;	0,0;	0,0;	0,0;	0,0;	0,0;	0,0;	0,0;	0,0;	0,0;	0,0;	0,0;	0,0;	0,0;	0,0;	0,0;	0,0;	0,0;	0,0;	0,0;	0,0;	0,0;	0,0;	0,0;	0,0;	0,0;	0,0;	0,0;	0,0;	0,0;	0,0;	0,0;	0,0
20;	10;	7;	1,2;	nan;	nan;	nan;	nan;	nan;	nan;	nan;	nan;	nan;	nan;	100,0;	77,61;	67,39;	55,89;	53,34;	48,09;	47,25;	46,09;	45,07;	42,35;	40,73;	38,67;	37,9;	32,72;	29,67;	27,82;	27,82;	27,23;	26,65;	22,1;	20,56;	20,31;	19,32;	18,34;	18,17;	18,04;	17,31;	16,56;	15,79;	15,22;	13,82;	13,78;	13,61;	13,43;	13,21;	13,08;	12,81;	12,66;	12,6;	11,31;	10,23;	10,05;	9,95;	9,54;	9,5;	9,33;	8,92;	8,48;	8,46;	8,21;	7,14;	6,57;	5,77;	5,2;	5,17;	4,02;	3,98;	3,53;	2,85;	2,66;	2,39;	1,07;	0,92;	0,73;	0,35;	0,32;	0,26;	0,08;	0,0;	0,0;	0,0;	0,0;	0,0;	0,0;	0,0;	0,0;	0,0;	0,0;	0,0;	0,0;	0,0;	0,0;	0,0;	0,0;	0,0;	0,0;	0,0;	0,0;	0,0;	0,0;	0,0
21;	0;	7;	1,16;	100,0;	80,74;	72,61;	64,94;	55,54;	43,78;	37,16;	28,67;	27,86;	24,71;	21,31;	18,01;	16,94;	11,2;	5,8;	4,97;	4,46;	2,68;	1,51;	0,01;	0;	0;	0;	0;	0;	0;	0;	0;	0;	0;	0;	0;	0;	0;	0;	0;	0;	0;	0;	0;	0;	0;	0;	0;	0;	0;	0;	0;	0;	0;	0;	0;	0;	0;	0;	0;	0;	0;	0;	0;	0;	0;	0;	0;	0;	0;	0;	0;	0;	0;	0;	0;	0;	0;	0;	0;	0;	0;	0;	0;	0;	0;	0;	0;	0;	0;	0;	0;	0;	0;	0;	0;	0;	0;	0;	0;	0;	0;	0;	0;	0
22;	18;	7;	0,76;	nan;	nan;	nan;	nan;	nan;	nan;	nan;	nan;	nan;	nan;	nan;	nan;	nan;	nan;	nan;	nan;	nan;	nan;	100,0;	93,02;	90,99;	88,63;	82,09;	81,36;	78,99;	78,9;	74,55;	72,93;	72,64;	70,54;	68,98;	68,93;	66,91;	65,54;	65,1;	64,01;	63,97;	62,17;	61,36;	60,39;	58,97;	58,81;	57,44;	57,29;	55,96;	55,18;	54,72;	53,27;	52,12;	51,57;	51,34;	51,29;	50,94;	50,67;	50,1;	48,8;	48,35;	47,66;	47,59;	47,23;	47,13;	47,03;	45,98;	45,96;	45,84;	45,38;	45,33;	44,46;	44,03;	43,68;	43,51;	43,01;	42,66;	41,69;	41,6;	41,59;	41,5;	41,23;	40,62;	40,15;	40,13;	40,03;	40,02;	39,73;	39,65;	39,4;	39,29;	39,19;	38,87;	38,81;	38,6;	38,23;	37,9;	37,6;	37,49;	37,11;	36,91;	36,82;	36,2;	35,87;	35,71
23;	10;	7;	1,19;	nan;	nan;	nan;	nan;	nan;	nan;	nan;	nan;	nan;	nan;	100,0;	78,08;	62,76;	53,4;	52,26;	47,22;	46,3;	45,46;	41,11;	35,22;	32,17;	30,67;	30,13;	30,11;	25,83;	25,6;	23,67;	22,98;	21,3;	19,22;	17,7;	16,35;	16,24;	14,95;	13,93;	11,7;	10,07;	9,86;	8,8;	8,34;	7,62;	7,02;	5,43;	4,35;	4,28;	3,9;	2,56;	1,42;	1,35;	0,0;	0,0;	0,0;	0,0;	0,0;	0,0;	0,0;	0,0;	0,0;	0,0;	0,0;	0,0;	0,0;	0,0;	0,0;	0,0;	0,0;	0,0;	0,0;	0,0;	0,0;	0,0;	0,0;	0,0;	0,0;	0,0;	0,0;	0,0;	0,0;	0,0;	0,0;	0,0;	0,0;	0,0;	0,0;	0,0;	0,0;	0,0;	0,0;	0,0;	0,0;	0,0;	0,0;	0,0;	0,0;	0,0;	0,0;	0,0;	0,0;	0,0;	0,0;	0,0
24;	-2;	7;	0,79;	75,24;	74,92;	62,69;	61,42;	59,25;	56,75;	56,13;	53,48;	49,6;	46,72;	46,06;	45,16;	44,22;	43,75;	41,16;	40,01;	39,72;	38,15;	37,6;	36,19;	35,58;	33,69;	33,1;	33,03;	32,97;	31,31;	30,27;	29,95;	28,65;	28,58;	27,25;	26,8;	25,68;	25,55;	25,32;	25,24;	24,93;	24,37;	23,24;	22,83;	22,44;	22,12;	22,08;	21,03;	20,17;	19,75;	19,63;	19,16;	18,85;	18,48;	18,39;	18,11;	17,79;	17,46;	16,74;	16,2;	15,87;	15,72;	15,06;	14,55;	14,35;	13,93;	13,45;	13,11;	12,92;	12,89;	12,69;	12,6;	12,54;	12,36;	11,95;	11,9;	11,48;	11,3;	10,92;	10,63;	10,55;	10,18;	10,05;	9,94;	9,85;	9,64;	9,53;	9,39;	9,18;	9,12;	9,03;	8,93;	8,91;	8,61;	8,29;	8,02;	7,6;	7,53;	7,39;	7,18;	7,17;	6,91;	6,81;	6,69;	6,42
25;	2;	7;	0,97;	nan;	nan;	100,0;	84,75;	75,75;	69,76;	62,18;	57,14;	49,75;	47,53;	44,15;	41,6;	39,78;	37,24;	36,92;	34,47;	33,72;	33,21;	32,97;	32,74;	29,57;	28,72;	27,04;	26,94;	24,8;	23,07;	21,77;	21,56;	21,21;	19,6;	19,48;	19,26;	18,86;	18,63;	18,58;	17,56;	17,5;	17,22;	16,14;	15,57;	14,71;	14,2;	13,72;	12,91;	11,67;	11,64;	11,64;	11,08;	10,81;	10,26;	10,18;	9,36;	8,77;	8,76;	8,18;	7,87;	7,86;	7,69;	7,22;	6,91;	6,06;	5,95;	5,69;	5,38;	4,38;	4,14;	3,67;	3,42;	3,15;	2,88;	2,63;	2,44;	1,87;	1,57;	1,02;	0,97;	0,76;	0,54;	0,0;	0,0;	0,0;	0,0;	0,0;	0,0;	0,0;	0,0;	0,0;	0,0;	0,0;	0,0;	0,0;	0,0;	0,0;	0,0;	0,0;	0,0;	0,0;	0,0;	0,0;	0,0;	0,0
26;	10;	7;	0,67;	nan;	nan;	nan;	nan;	nan;	nan;	nan;	nan;	nan;	nan;	100,0;	92,33;	92,26;	89,29;	84,03;	83,36;	81,66;	79,35;	77,21;	75,83;	73,52;	72,84;	69,49;	66,91;	66,7;	65,52;	65,46;	65,07;	64,12;	64,06;	63,5;	62,91;	61,89;	60,67;	59,88;	57,95;	55,98;	55,18;	54,61;	54,48;	54,33;	53,5;	52,76;	52,13;	51,83;	51,29;	51,05;	50,36;	49,98;	49,63;	49,43;	48,7;	48,22;	47,66;	46,68;	46,63;	46,49;	46,39;	45,9;	45,71;	44,47;	44,41;	44,16;	44,14;	43,83;	43,78;	43,65;	43,55;	43,46;	42,76;	42,28;	42,04;	41,57;	41,33;	41,26;	40,67;	40,29;	39,77;	39,72;	39,67;	39,25;	39,24;	39,19;	39,06;	38,92;	38,44;	38,4;	38,32;	38,24;	37,87;	37,82;	37,45;	37,17;	37,13;	37,07;	37,06;	36,48;	36,18;	36,17;	36,01;	35,99
27;	-6;	7;	1,45;	29,21;	25,6;	24,88;	18,62;	18,27;	10,9;	5,62;	3,19;	1,04;	0,67;	0;	0;	0;	0;	0;	0;	0;	0;	0;	0;	0;	0;	0;	0;	0;	0;	0;	0;	0;	0;	0;	0;	0;	0;	0;	0;	0;	0;	0;	0;	0;	0;	0;	0;	0;	0;	0;	0;	0;	0;	0;	0;	0;	0;	0;	0;	0;	0;	0;	0;	0;	0;	0;	0;	0;	0;	0;	0;	0;	0;	0;	0;	0;	0;	0;	0;	0;	0;	0;	0;	0;	0;	0;	0;	0;	0;	0;	0;	0;	0;	0;	0;	0;	0;	0;	0;	0;	0;	0;	0;	0
28;	3;	7;	1,09;	nan;	nan;	nan;	100,0;	51,53;	48,01;	41,6;	40,59;	36,34;	36,16;	34,26;	32,55;	31,34;	30,83;	30,01;	26,88;	26,56;	25,82;	25,44;	25,3;	24,54;	21,21;	20,77;	20,05;	19,32;	18,36;	17,54;	16,36;	15,98;	15,79;	14,27;	14,14;	12,76;	12,3;	11,3;	10,65;	9,28;	8,56;	7,21;	6,09;	5,78;	5,17;	4,68;	3,87;	3,63;	3,42;	2,92;	2,67;	2,24;	2,13;	1,93;	1,83;	1,78;	1,7;	1,46;	0,65;	0,0;	0,0;	0,0;	0,0;	0,0;	0,0;	0,0;	0,0;	0,0;	0,0;	0,0;	0,0;	0,0;	0,0;	0,0;	0,0;	0,0;	0,0;	0,0;	0,0;	0,0;	0,0;	0,0;	0,0;	0,0;	0,0;	0,0;	0,0;	0,0;	0,0;	0,0;	0,0;	0,0;	0,0;	0,0;	0,0;	0,0;	0,0;	0,0;	0,0;	0,0;	0,0;	0,0;	0,0;	0,0
29;	-6;	7;	1,1;	38,56;	32,73;	31,34;	31,24;	29,84;	25,68;	22,43;	19,81;	19,12;	16,69;	14,91;	14,39;	13,31;	12,09;	10,61;	8,56;	6,02;	5,55;	4,7;	3,66;	2,39;	0,92;	0,31;	0,12;	0;	0;	0;	0;	0;	0;	0;	0;	0;	0;	0;	0;	0;	0;	0;	0;	0;	0;	0;	0;	0;	0;	0;	0;	0;	0;	0;	0;	0;	0;	0;	0;	0;	0;	0;	0;	0;	0;	0;	0;	0;	0;	0;	0;	0;	0;	0;	0;	0;	0;	0;	0;	0;	0;	0;	0;	0;	0;	0;	0;	0;	0;	0;	0;	0;	0;	0;	0;	0;	0;	0;	0;	0;	0;	0;	0;	0
30;	-13;	7;	1,01;	30,37;	29,05;	28,79;	26,11;	25,87;	22,26;	19,88;	18,02;	16,13;	14,72;	13,37;	11,96;	11,9;	11,08;	10,78;	10,17;	8,56;	7,82;	6,86;	5,42;	4,97;	4,88;	4,75;	4,61;	4,44;	4,31;	4,11;	3,7;	2,83;	2,71;	2,42;	2,35;	1,1;	1,06;	0,0;	0;	0;	0;	0;	0;	0;	0;	0;	0;	0;	0;	0;	0;	0;	0;	0;	0;	0;	0;	0;	0;	0;	0;	0;	0;	0;	0;	0;	0;	0;	0;	0;	0;	0;	0;	0;	0;	0;	0;	0;	0;	0;	0;	0;	0;	0;	0;	0;	0;	0;	0;	0;	0;	0;	0;	0;	0;	0;	0;	0;	0;	0;	0;	0;	0;	0
31;	10;	7;	1,28;	nan;	nan;	nan;	nan;	nan;	nan;	nan;	nan;	nan;	nan;	100,0;	45,11;	40,3;	16,07;	10,3;	0,0;	0,0;	0,0;	0,0;	0,0;	0,0;	0,0;	0,0;	0,0;	0,0;	0,0;	0,0;	0,0;	0,0;	0,0;	0,0;	0,0;	0,0;	0,0;	0,0;	0,0;	0,0;	0,0;	0,0;	0,0;	0,0;	0,0;	0,0;	0,0;	0,0;	0,0;	0,0;	0,0;	0,0;	0,0;	0,0;	0,0;	0,0;	0,0;	0,0;	0,0;	0,0;	0,0;	0,0;	0,0;	0,0;	0,0;	0,0;	0,0;	0,0;	0,0;	0,0;	0,0;	0,0;	0,0;	0,0;	0,0;	0,0;	0,0;	0,0;	0,0;	0,0;	0,0;	0,0;	0,0;	0,0;	0,0;	0,0;	0,0;	0,0;	0,0;	0,0;	0,0;	0,0;	0,0;	0,0;	0,0;	0,0;	0,0;	0,0;	0,0;	0,0;	0,0;	0,0;	0,0;	0,0
32;	20;	7;	1,04;	nan;	nan;	nan;	nan;	nan;	nan;	nan;	nan;	nan;	nan;	nan;	nan;	nan;	nan;	nan;	nan;	nan;	nan;	nan;	nan;	100,0;	82,08;	77,09;	69,33;	52,75;	51,95;	47,75;	44,31;	43,79;	43,46;	40,59;	35,28;	33,63;	32,53;	31,78;	30,2;	30,0;	29,3;	29,26;	28,42;	27,32;	27,03;	24,54;	23,26;	22,58;	21,8;	19,88;	19,42;	19,4;	18,68;	17,74;	17,74;	17,45;	15,87;	15,75;	15,32;	14,87;	14,16;	12,97;	11,82;	10,96;	10,62;	9,96;	9,75;	9,4;	8,96;	8,65;	8,39;	7,66;	7,33;	6,43;	5,35;	4,67;	4,67;	4,03;	3,77;	3,63;	3,29;	2,28;	1,64;	1,31;	1,3;	1,11;	0,88;	0,81;	0,49;	0,24;	0,22;	0,0;	0,0;	0,0;	0,0;	0,0;	0,0;	0,0;	0,0;	0,0;	0,0;	0,0;	0,0;	0,0
33;	-17;	7;	1,02;	39,92;	39,34;	38,28;	36,68;	36,59;	35,14;	33,76;	32,78;	32,25;	31,35;	30,59;	29,83;	28,84;	28,17;	27,8;	26,94;	25,59;	24,59;	23,66;	22,9;	22,49;	22,45;	21,7;	21,36;	20,15;	19,49;	19,32;	19,16;	19,01;	17,82;	17,49;	15,94;	15,75;	14,63;	14,45;	14,27;	14,2;	13,71;	13,36;	13,3;	12,36;	11,94;	11,12;	10,25;	10,04;	9,92;	9,3;	9,27;	8,95;	8,87;	8,83;	8,73;	8,65;	8,19;	7,91;	7,51;	6,76;	6,6;	6,16;	5,88;	5,68;	5,29;	4,46;	3,95;	3,83;	3,62;	3,4;	2,89;	2,75;	2,53;	2,4;	1,91;	1,77;	1,69;	1,46;	1,16;	1,16;	0,93;	0,61;	0,52;	0,48;	0,37;	0,34;	0,09;	0;	0;	0;	0;	0;	0;	0;	0;	0;	0;	0;	0;	0;	0;	0;	0;	0
34;	0;	7;	0,8;	100,0;	88,39;	81,71;	69,71;	58,57;	57,53;	56,28;	47,21;	47,07;	46,93;	46,17;	41,85;	41,5;	40,96;	39,8;	38,18;	38,01;	37,01;	35,23;	34,9;	34,79;	33,56;	32,39;	31,93;	31,93;	31,8;	31,62;	30,33;	29,36;	28,83;	27,61;	27,29;	27,04;	26,23;	26,01;	25,88;	25,71;	25,36;	25,12;	25,1;	24,93;	24,92;	24,72;	24,03;	23,98;	23,94;	23,53;	23,45;	22,98;	22,82;	22,16;	21,72;	21,14;	20,79;	19,96;	19,79;	19,43;	18,95;	18,87;	18,35;	18,21;	18,09;	17,92;	17,7;	17,6;	17,4;	17,09;	16,77;	16,53;	16,44;	16,15;	15,51;	15,16;	14,89;	14,72;	14,46;	14,36;	14,07;	13,69;	13,61;	13,56;	13,29;	12,69;	12,49;	12,19;	12,01;	11,84;	11,35;	11,33;	11,31;	11,03;	10,85;	10,71;	10,66;	10,21;	10,02;	9,72;	9,71;	9,68;	9,53;	9,44
35;	6;	7;	1,44;	nan;	nan;	nan;	nan;	nan;	nan;	100,0;	57,25;	18,28;	2,73;	0,0;	0,0;	0,0;	0,0;	0,0;	0,0;	0,0;	0,0;	0,0;	0,0;	0,0;	0,0;	0,0;	0,0;	0,0;	0,0;	0,0;	0,0;	0,0;	0,0;	0,0;	0,0;	0,0;	0,0;	0,0;	0,0;	0,0;	0,0;	0,0;	0,0;	0,0;	0,0;	0,0;	0,0;	0,0;	0,0;	0,0;	0,0;	0,0;	0,0;	0,0;	0,0;	0,0;	0,0;	0,0;	0,0;	0,0;	0,0;	0,0;	0,0;	0,0;	0,0;	0,0;	0,0;	0,0;	0,0;	0,0;	0,0;	0,0;	0,0;	0,0;	0,0;	0,0;	0,0;	0,0;	0,0;	0,0;	0,0;	0,0;	0,0;	0,0;	0,0;	0,0;	0,0;	0,0;	0,0;	0,0;	0,0;	0,0;	0,0;	0,0;	0,0;	0,0;	0,0;	0,0;	0,0;	0,0;	0,0;	0,0;	0,0;	0,0
36;	6;	7;	0,9;	nan;	nan;	nan;	nan;	nan;	nan;	100,0;	72,53;	57,75;	48,42;	42,93;	41,18;	37,64;	33,36;	30,86;	24,6;	20,54;	16,4;	14,79;	14,05;	12,84;	12,78;	12,6;	12,28;	9,52;	8,65;	6,27;	4,91;	3,19;	2,34;	1,33;	0,46;	0,0;	0,0;	0,0;	0,0;	0,0;	0,0;	0,0;	0,0;	0,0;	0,0;	0,0;	0,0;	0,0;	0,0;	0,0;	0,0;	0,0;	0,0;	0,0;	0,0;	0,0;	0,0;	0,0;	0,0;	0,0;	0,0;	0,0;	0,0;	0,0;	0,0;	0,0;	0,0;	0,0;	0,0;	0,0;	0,0;	0,0;	0,0;	0,0;	0,0;	0,0;	0,0;	0,0;	0,0;	0,0;	0,0;	0,0;	0,0;	0,0;	0,0;	0,0;	0,0;	0,0;	0,0;	0,0;	0,0;	0,0;	0,0;	0,0;	0,0;	0,0;	0,0;	0,0;	0,0;	0,0;	0,0;	0,0;	0,0;	0,0
37;	-3;	7;	1,2;	31,02;	28,66;	28,15;	26,17;	23,7;	17,95;	14,93;	11,33;	11,21;	9,65;	4,88;	3,63;	2,27;	0;	0;	0;	0;	0;	0;	0;	0;	0;	0;	0;	0;	0;	0;	0;	0;	0;	0;	0;	0;	0;	0;	0;	0;	0;	0;	0;	0;	0;	0;	0;	0;	0;	0;	0;	0;	0;	0;	0;	0;	0;	0;	0;	0;	0;	0;	0;	0;	0;	0;	0;	0;	0;	0;	0;	0;	0;	0;	0;	0;	0;	0;	0;	0;	0;	0;	0;	0;	0;	0;	0;	0;	0;	0;	0;	0;	0;	0;	0;	0;	0;	0;	0;	0;	0;	0;	0;	0
38;	-1;	7;	0,9;	96,77;	88,16;	79,46;	71,38;	68,29;	63,9;	61,93;	59,16;	54,12;	51,22;	49,57;	49,15;	48,78;	48,23;	47,35;	45,49;	42,42;	41,8;	40,83;	39,86;	38,94;	38,36;	37,24;	35,72;	35,23;	34,72;	34,66;	34,26;	32,54;	32,04;	31,57;	30,77;	29,81;	29,67;	29,44;	28,64;	27,72;	27,53;	27,25;	26,8;	26,55;	25,9;	25,81;	25,43;	24,57;	24,4;	23,09;	22,16;	21,59;	21,55;	21,47;	20,57;	20,12;	19,77;	19,08;	18,68;	18,47;	18,23;	17,84;	17,72;	17,49;	16,7;	15,94;	15,41;	15,24;	15,11;	14,47;	14,42;	13,78;	13,66;	12,96;	12,84;	12,69;	12,36;	12,07;	12,06;	12,02;	11,52;	11,08;	10,78;	10,66;	10,51;	10,25;	10,01;	9,57;	8,94;	8,46;	8,33;	7,93;	7,76;	7,5;	6,94;	6,83;	6,39;	6,33;	6,16;	6,02;	5,75;	5,6;	5,4;	5,24
39;	-11;	7;	1,18;	16,74;	16,01;	12,87;	9,27;	8,18;	6,4;	5,41;	4,67;	3,06;	1,15;	0,98;	0,95;	0;	0;	0;	0;	0;	0;	0;	0;	0;	0;	0;	0;	0;	0;	0;	0;	0;	0;	0;	0;	0;	0;	0;	0;	0;	0;	0;	0;	0;	0;	0;	0;	0;	0;	0;	0;	0;	0;	0;	0;	0;	0;	0;	0;	0;	0;	0;	0;	0;	0;	0;	0;	0;	0;	0;	0;	0;	0;	0;	0;	0;	0;	0;	0;	0;	0;	0;	0;	0;	0;	0;	0;	0;	0;	0;	0;	0;	0;	0;	0;	0;	0;	0;	0;	0;	0;	0;	0;	0
40;	-10;	7;	1,13;	8,71;	8,23;	8,23;	7,33;	7,1;	3,69;	0,79;	0,61;	0;	0;	0;	0;	0;	0;	0;	0;	0;	0;	0;	0;	0;	0;	0;	0;	0;	0;	0;	0;	0;	0;	0;	0;	0;	0;	0;	0;	0;	0;	0;	0;	0;	0;	0;	0;	0;	0;	0;	0;	0;	0;	0;	0;	0;	0;	0;	0;	0;	0;	0;	0;	0;	0;	0;	0;	0;	0;	0;	0;	0;	0;	0;	0;	0;	0;	0;	0;	0;	0;	0;	0;	0;	0;	0;	0;	0;	0;	0;	0;	0;	0;	0;	0;	0;	0;	0;	0;	0;	0;	0;	0;	0
41;	-1;	7;	0,82;	87,26;	84,84;	79,35;	78,91;	75,15;	67,46;	60,86;	59,2;	58,82;	56,92;	56,72;	53,71;	53,66;	50,97;	49,98;	49,78;	49,17;	48,1;	48,06;	47,02;	46,96;	46,78;	45,27;	44,12;	43,32;	42,43;	41,85;	41,52;	40,59;	40,4;	39,39;	39,26;	39,21;	38,74;	37,3;	36,88;	36,84;	35,85;	35,38;	35,16;	35,06;	34,73;	34,46;	34,39;	33,93;	33,79;	33,42;	33,35;	32,88;	32,55;	32,37;	31,68;	31,29;	31,06;	30,1;	29,97;	29,87;	29,06;	28,68;	28,59;	28,33;	28,18;	27,88;	27,27;	27,16;	26,85;	26,64;	26,51;	26,01;	25,78;	25,73;	25,57;	25,24;	25,08;	24,82;	24,75;	24,47;	24,28;	23,77;	23,49;	23,35;	23,0;	22,74;	22,52;	22,05;	21,87;	21,17;	21,13;	20,77;	20,35;	20,26;	20,21;	19,72;	19,07;	18,73;	18,43;	18,21;	18,0;	17,75;	17,6;	17,41
42;	-2;	7;	0,89;	76,33;	72,84;	70,6;	66,03;	64,76;	64,14;	62,64;	59,73;	58,16;	57,94;	54,74;	52,04;	51,33;	49,72;	48,91;	47,72;	44,56;	43,76;	41,81;	41,65;	40,96;	40,65;	40,27;	39,97;	38,83;	37,31;	36,87;	35,61;	34,88;	34,54;	34,04;	33,5;	32,41;	31,88;	31,07;	30,23;	29,94;	29,77;	29,31;	29,22;	28,82;	28,76;	28,74;	28,09;	27,95;	27,68;	27,52;	26,89;	26,22;	25,35;	24,95;	24,81;	23,76;	23,08;	23,05;	23,04;	22,79;	22,11;	21,92;	21,81;	21,38;	20,87;	20,57;	20,41;	20,08;	19,86;	19,59;	19,29;	18,86;	18,79;	18,63;	18,47;	18,46;	18,24;	17,76;	17,7;	17,06;	16,99;	16,9;	16,82;	16,65;	16,38;	15,92;	15,64;	15,47;	14,95;	14,78;	14,68;	14,42;	14,29;	14,12;	13,96;	13,49;	13,04;	12,45;	12,26;	12,09;	11,77;	11,44;	11,24;	11,22
43;	-16;	7;	1,09;	37,44;	36,99;	36,69;	35,03;	31,43;	30,03;	28,03;	28,02;	27,86;	27,08;	26,82;	24,9;	24,09;	23,18;	20,89;	20,0;	19,24;	18,71;	16,7;	15,37;	14,7;	13,66;	13,56;	13,09;	12,82;	12,13;	12,08;	11,76;	10,58;	10,49;	9,88;	8,92;	8,81;	7,93;	7,73;	7,49;	6,76;	6,69;	5,63;	5,28;	4,48;	4,23;	4,03;	3,55;	3,02;	2,47;	1,44;	1,24;	1,12;	0,21;	0;	0;	0;	0;	0;	0;	0;	0;	0;	0;	0;	0;	0;	0;	0;	0;	0;	0;	0;	0;	0;	0;	0;	0;	0;	0;	0;	0;	0;	0;	0;	0;	0;	0;	0;	0;	0;	0;	0;	0;	0;	0;	0;	0;	0;	0;	0;	0;	0;	0;	0
44;	13;	7;	0,85;	nan;	nan;	nan;	nan;	nan;	nan;	nan;	nan;	nan;	nan;	nan;	nan;	nan;	100,0;	91,53;	79,87;	77,58;	75,69;	73,65;	69,96;	69,54;	68,13;	63,53;	61,7;	60,55;	60,13;	58,74;	57,95;	57,75;	54,99;	54,04;	52,49;	51,86;	51,32;	51,21;	50,59;	49,77;	49,08;	48,43;	47,62;	46,82;	46,53;	46,52;	45,41;	44,94;	44,22;	44,2;	43,89;	43,39;	42,31;	42,26;	41,73;	41,05;	40,47;	39,93;	39,88;	39,61;	39,5;	38,95;	38,65;	38,64;	38,63;	37,87;	37,33;	36,94;	36,49;	36,07;	35,59;	35,07;	34,97;	34,95;	34,29;	33,86;	33,22;	32,87;	32,43;	32,27;	31,89;	31,57;	30,94;	30,82;	30,26;	30,06;	29,82;	29,67;	29,48;	29,44;	28,69;	28,27;	27,95;	27,72;	27,49;	27,48;	27,45;	27,29;	27,24;	27,21;	26,98;	26,59;	26,45;	26,35
45;	-10;	7;	0,88;	52,77;	51,43;	50,04;	46,64;	45,81;	45,74;	43,63;	42,44;	41,98;	40,65;	39,9;	39,11;	37,97;	36,11;	35,29;	34,7;	33,71;	32,49;	31,35;	30,86;	29,28;	29,16;	28,32;	27,61;	26,68;	26,23;	26,14;	25,48;	25,46;	24,42;	23,28;	22,9;	22,51;	22,46;	21,49;	21,21;	20,77;	20,58;	20,24;	20,19;	20,05;	19,85;	19,77;	19,61;	19,4;	19,37;	18,82;	18,29;	18,17;	17,61;	17,24;	16,91;	16,45;	16,29;	15,91;	15,56;	15,26;	15,04;	14,71;	14,51;	14,48;	14,42;	14,25;	14,11;	13,77;	13,65;	13,42;	13,18;	12,53;	12,28;	11,79;	11,62;	11,56;	10,79;	10,79;	10,7;	10,57;	10,42;	10,29;	9,88;	9,67;	9,34;	9,11;	9,05;	9,05;	8,97;	8,86;	8,59;	8,26;	8,11;	7,84;	7,43;	7,1;	6,97;	6,75;	6,49;	6,34;	6,18;	6,05;	5,79;	5,75
46;	6;	7;	0,84;	nan;	nan;	nan;	nan;	nan;	nan;	100,0;	81,8;	57,2;	43,74;	38,27;	35,59;	32,11;	30,28;	28,2;	23,46;	21,03;	18,61;	18,27;	16,61;	14,13;	13,34;	12,99;	12,67;	12,03;	10,8;	9,21;	7,25;	6,48;	6,36;	6,22;	5,95;	5,73;	4,81;	3,36;	2,13;	1,98;	1,79;	0,95;	0,74;	0,0;	0,0;	0,0;	0,0;	0,0;	0,0;	0,0;	0,0;	0,0;	0,0;	0,0;	0,0;	0,0;	0,0;	0,0;	0,0;	0,0;	0,0;	0,0;	0,0;	0,0;	0,0;	0,0;	0,0;	0,0;	0,0;	0,0;	0,0;	0,0;	0,0;	0,0;	0,0;	0,0;	0,0;	0,0;	0,0;	0,0;	0,0;	0,0;	0,0;	0,0;	0,0;	0,0;	0,0;	0,0;	0,0;	0,0;	0,0;	0,0;	0,0;	0,0;	0,0;	0,0;	0,0;	0,0;	0,0;	0,0;	0,0;	0,0;	0,0;	0,0
47;	13;	7;	1,03;	nan;	nan;	nan;	nan;	nan;	nan;	nan;	nan;	nan;	nan;	nan;	nan;	nan;	100,0;	66,81;	51,39;	39,25;	38,3;	35,71;	30,24;	25,99;	25,96;	25,28;	24,34;	22,96;	19,68;	17,6;	16,49;	16,47;	14,13;	11,45;	10,14;	9,38;	8,26;	8,25;	8,12;	7,34;	6,81;	6,52;	6,24;	6,2;	5,21;	5,05;	4,58;	4,1;	3,5;	2,2;	2,0;	0,76;	0,3;	0,0;	0,0;	0,0;	0,0;	0,0;	0,0;	0,0;	0,0;	0,0;	0,0;	0,0;	0,0;	0,0;	0,0;	0,0;	0,0;	0,0;	0,0;	0,0;	0,0;	0,0;	0,0;	0,0;	0,0;	0,0;	0,0;	0,0;	0,0;	0,0;	0,0;	0,0;	0,0;	0,0;	0,0;	0,0;	0,0;	0,0;	0,0;	0,0;	0,0;	0,0;	0,0;	0,0;	0,0;	0,0;	0,0;	0,0;	0,0;	0,0;	0,0;	0,0
48;	9;	7;	1,01;	nan;	nan;	nan;	nan;	nan;	nan;	nan;	nan;	nan;	100,0;	90,43;	71,92;	70,32;	66,85;	54,72;	52,5;	47,56;	46,0;	45,15;	44,66;	43,41;	41,07;	40,48;	37,48;	36,75;	35,51;	34,2;	33,91;	32,41;	31,17;	30,0;	28,36;	27,91;	27,56;	25,29;	24,92;	24,39;	23,95;	23,09;	20,24;	19,94;	17,98;	17,69;	17,63;	16,89;	16,24;	15,48;	14,19;	14,06;	13,74;	12,95;	11,85;	11,43;	11,25;	11,16;	10,83;	10,33;	10,02;	9,99;	9,48;	9,07;	8,69;	8,52;	7,97;	7,68;	7,57;	6,78;	5,68;	4,83;	4,83;	4,44;	4,37;	4,13;	3,46;	3,44;	2,96;	2,49;	2,18;	1,77;	1,36;	1,3;	1,25;	1,13;	0,49;	0,45;	0,16;	0,0;	0,0;	0,0;	0,0;	0,0;	0,0;	0,0;	0,0;	0,0;	0,0;	0,0;	0,0;	0,0;	0,0;	0,0
49;	-2;	7;	1,16;	65,41;	36,82;	27,73;	19,97;	16,52;	13,79;	13,41;	6,65;	0;	0;	0;	0;	0;	0;	0;	0;	0;	0;	0;	0;	0;	0;	0;	0;	0;	0;	0;	0;	0;	0;	0;	0;	0;	0;	0;	0;	0;	0;	0;	0;	0;	0;	0;	0;	0;	0;	0;	0;	0;	0;	0;	0;	0;	0;	0;	0;	0;	0;	0;	0;	0;	0;	0;	0;	0;	0;	0;	0;	0;	0;	0;	0;	0;	0;	0;	0;	0;	0;	0;	0;	0;	0;	0;	0;	0;	0;	0;	0;	0;	0;	0;	0;	0;	0;	0;	0;	0;	0;	0;	0;	0
