0;	0;	7;	0,98;	100,0;	40,14;	32,34;	4,97;	2,63;	0,31;	0;	0;	0;	0;	0;	0;	0;	0;	0;	0;	0;	0;	0;	0;	0;	0;	0;	0;	0;	0;	0;	0;	0;	0;	0;	0;	0;	0;	0;	0;	0;	0;	0;	0;	0;	0;	0;	0;	0;	0;	0;	0;	0;	0;	0;	0;	0;	0;	0;	0;	0;	0;	0;	0;	0;	0;	0;	0;	0;	0;	0;	0;	0;	0;	0;	0;	0;	0;	0;	0;	0;	0;	0;	0;	0;	0;	0;	0;	0;	0;	0;	0;	0;	0;	0;	0;	0;	0;	0;	0;	0;	0;	0;	0;	0
1;	-10;	7;	0,99;	49,28;	47,1;	46,98;	42,77;	41,21;	38,27;	35,11;	34,52;	33,36;	32,93;	32,45;	31,64;	31,19;	30,32;	30,18;	29,12;	27,86;	27,47;	26,88;	26,43;	26,21;	24,82;	24,46;	23,08;	22,11;	21,86;	21,52;	20,81;	20,27;	20,08;	19,99;	18,99;	18,45;	17,17;	16,44;	15,97;	15,9;	15,54;	15,34;	15,12;	13,87;	13,17;	11,61;	10,47;	10,33;	10,12;	9,89;	9,11;	8,87;	8,71;	8,21;	8,04;	7,22;	6,54;	6,15;	5,92;	5,28;	5,07;	4,58;	4,32;	3,98;	3,54;	3,43;	3,38;	3,21;	3,07;	2,91;	2,52;	2,2;	1,58;	1,29;	0,82;	0,59;	0,33;	0,31;	0,13;	0,07;	0;	0;	0;	0;	0;	0;	0;	0;	0;	0;	0;	0;	0;	0;	0;	0;	0;	0;	0;	0;	0;	0;	0;	0
2;	4;	7;	1,06;	nan;	nan;	nan;	nan;	100,0;	79,77;	75,1;	56,3;	51,82;	49,25;	44,32;	39,6;	37,55;	31,04;	27,03;	23,85;	22,94;	22,92;	17,92;	15,37;	14,54;	12,0;	10,73;	9,95;	9,78;	9,5;	8,55;	7,92;	6,39;	5,39;	4,27;	3,71;	3,33;	2,29;	1,26;	0,42;	0,0;	0,0;	0,0;	0,0;	0,0;	0,0;	0,0;	0,0;	0,0;	0,0;	0,0;	0,0;	0,0;	0,0;	0,0;	0,0;	0,0;	0,0;	0,0;	0,0;	0,0;	0,0;	0,0;	0,0;	0,0;	0,0;	0,0;	0,0;	0,0;	0,0;	0,0;	0,0;	0,0;	0,0;	0,0;	0,0;	0,0;	0,0;	0,0;	0,0;	0,0;	0,0;	0,0;	0,0;	0,0;	0,0;	0,0;	0,0;	0,0;	0,0;	0,0;	0,0;	0,0;	0,0;	0,0;	0,0;	0,0;	0,0;	0,0;	0,0;	0,0;	0,0;	0,0;	0,0;	0,0
3;	-15;	7;	1,03;	17,25;	17,23;	16,94;	16,22;	14,21;	13,88;	12,24;	11,97;	11,13;	10,62;	10,06;	9,79;	9,09;	8,13;	6,32;	5,29;	4,7;	4,53;	3,73;	3,42;	3,38;	2,47;	2,41;	1,69;	1,34;	0,77;	0;	0;	0;	0;	0;	0;	0;	0;	0;	0;	0;	0;	0;	0;	0;	0;	0;	0;	0;	0;	0;	0;	0;	0;	0;	0;	0;	0;	0;	0;	0;	0;	0;	0;	0;	0;	0;	0;	0;	0;	0;	0;	0;	0;	0;	0;	0;	0;	0;	0;	0;	0;	0;	0;	0;	0;	0;	0;	0;	0;	0;	0;	0;	0;	0;	0;	0;	0;	0;	0;	0;	0;	0;	0;	0
4;	2;	7;	0,96;	nan;	nan;	100,0;	46,58;	45,62;	43,09;	32,75;	29,66;	26,68;	20,98;	19,11;	15,81;	12,96;	12,32;	12,04;	8,54;	8,25;	4,21;	3,03;	2,23;	0,0;	0,0;	0,0;	0,0;	0,0;	0,0;	0,0;	0,0;	0,0;	0,0;	0,0;	0,0;	0,0;	0,0;	0,0;	0,0;	0,0;	0,0;	0,0;	0,0;	0,0;	0,0;	0,0;	0,0;	0,0;	0,0;	0,0;	0,0;	0,0;	0,0;	0,0;	0,0;	0,0;	0,0;	0,0;	0,0;	0,0;	0,0;	0,0;	0,0;	0,0;	0,0;	0,0;	0,0;	0,0;	0,0;	0,0;	0,0;	0,0;	0,0;	0,0;	0,0;	0,0;	0,0;	0,0;	0,0;	0,0;	0,0;	0,0;	0,0;	0,0;	0,0;	0,0;	0,0;	0,0;	0,0;	0,0;	0,0;	0,0;	0,0;	0,0;	0,0;	0,0;	0,0;	0,0;	0,0;	0,0;	0,0;	0,0;	0,0;	0,0
5;	-20;	7;	1,02;	17,83;	16,36;	15,71;	15,2;	13,96;	13,73;	12,54;	11,69;	10,83;	10,45;	9,76;	9,08;	7,6;	6,29;	5,81;	4,45;	3,89;	1,91;	0,98;	0,12;	0;	0;	0;	0;	0;	0;	0;	0;	0;	0;	0;	0;	0;	0;	0;	0;	0;	0;	0;	0;	0;	0;	0;	0;	0;	0;	0;	0;	0;	0;	0;	0;	0;	0;	0;	0;	0;	0;	0;	0;	0;	0;	0;	0;	0;	0;	0;	0;	0;	0;	0;	0;	0;	0;	0;	0;	0;	0;	0;	0;	0;	0;	0;	0;	0;	0;	0;	0;	0;	0;	0;	0;	0;	0;	0;	0;	0;	0;	0;	0;	0
6;	6;	7;	1,02;	nan;	nan;	nan;	nan;	nan;	nan;	100,0;	85,34;	78,28;	76,81;	69,83;	60,77;	60,04;	58,2;	53,81;	52,44;	52,14;	51,99;	51,0;	50,58;	48,8;	48,67;	47,95;	47,72;	46,08;	41,9;	41,47;	40,04;	39,93;	39,69;	38,31;	37,46;	37,1;	36,02;	35,96;	34,59;	33,94;	33,84;	33,23;	32,19;	31,63;	30,53;	29,03;	28,68;	27,43;	27,05;	26,41;	25,29;	25,29;	24,99;	24,6;	23,08;	22,59;	22,46;	21,81;	21,22;	20,45;	20,13;	19,94;	19,94;	19,81;	19,77;	19,63;	18,95;	18,39;	17,54;	16,98;	16,07;	15,44;	14,91;	14,14;	14,08;	13,97;	13,82;	13,8;	13,78;	13,69;	13,57;	13,47;	13,36;	13,24;	12,82;	12,29;	12,27;	11,47;	11,44;	11,04;	10,52;	10,3;	9,68;	9,24;	8,81;	8,69;	8,62;	8,59;	8,49;	8,17;	8,04;	7,97;	7,92;	7,76
7;	5;	7;	1,05;	nan;	nan;	nan;	nan;	nan;	100,0;	65,6;	54,84;	52,92;	50,31;	42,67;	35,83;	34,71;	34,13;	33,8;	33,4;	30,65;	28,5;	27,94;	24,27;	22,4;	19,6;	16,65;	15,95;	15,47;	14,89;	14,27;	12,08;	10,52;	9,43;	9,34;	8,74;	7,8;	7,65;	7,57;	7,39;	6,17;	5,87;	5,7;	5,46;	5,27;	5,0;	4,97;	4,88;	4,35;	3,51;	3,23;	2,78;	1,63;	0,58;	0,19;	0,0;	0,0;	0,0;	0,0;	0,0;	0,0;	0,0;	0,0;	0,0;	0,0;	0,0;	0,0;	0,0;	0,0;	0,0;	0,0;	0,0;	0,0;	0,0;	0,0;	0,0;	0,0;	0,0;	0,0;	0,0;	0,0;	0,0;	0,0;	0,0;	0,0;	0,0;	0,0;	0,0;	0,0;	0,0;	0,0;	0,0;	0,0;	0,0;	0,0;	0,0;	0,0;	0,0;	0,0;	0,0;	0,0;	0,0;	0,0;	0,0;	0,0
8;	1;	7;	1,04;	nan;	100,0;	77,06;	64,47;	64,32;	60,29;	57,21;	48,72;	46,1;	44,86;	40,34;	34,75;	34,74;	34,23;	31,88;	25,6;	24,6;	24,23;	22,14;	21,39;	21,17;	21,03;	20,17;	18,7;	17,91;	17,45;	17,26;	16,93;	16,04;	16,02;	14,94;	14,68;	14,08;	13,7;	13,35;	12,63;	12,24;	11,83;	11,59;	10,93;	10,07;	9,91;	9,22;	9,13;	9,06;	7,04;	6,91;	6,66;	6,08;	5,44;	4,14;	3,37;	3,3;	3,12;	2,87;	2,44;	1,7;	0,49;	0,42;	0,25;	0,0;	0,0;	0,0;	0,0;	0,0;	0,0;	0,0;	0,0;	0,0;	0,0;	0,0;	0,0;	0,0;	0,0;	0,0;	0,0;	0,0;	0,0;	0,0;	0,0;	0,0;	0,0;	0,0;	0,0;	0,0;	0,0;	0,0;	0,0;	0,0;	0,0;	0,0;	0,0;	0,0;	0,0;	0,0;	0,0;	0,0;	0,0;	0,0;	0,0;	0,0
9;	10;	7;	1,02;	nan;	nan;	nan;	nan;	nan;	nan;	nan;	nan;	nan;	nan;	100,0;	79,51;	75,84;	59,12;	49,7;	49,54;	46,71;	43,45;	38,5;	34,96;	33,16;	29,81;	28,26;	24,19;	24,01;	22,76;	20,25;	19,4;	18,37;	16,51;	14,72;	14,21;	13,37;	12,84;	12,61;	11,15;	10,57;	10,42;	9,55;	8,92;	8,27;	7,61;	7,39;	6,95;	5,72;	5,2;	4,37;	4,27;	4,1;	3,85;	3,45;	2,94;	2,94;	2,81;	2,44;	1,89;	1,69;	0,75;	0,13;	0,0;	0,0;	0,0;	0,0;	0,0;	0,0;	0,0;	0,0;	0,0;	0,0;	0,0;	0,0;	0,0;	0,0;	0,0;	0,0;	0,0;	0,0;	0,0;	0,0;	0,0;	0,0;	0,0;	0,0;	0,0;	0,0;	0,0;	0,0;	0,0;	0,0;	0,0;	0,0;	0,0;	0,0;	0,0;	0,0;	0,0;	0,0;	0,0;	0,0;	0,0;	0,0
10;	13;	7;	0,96;	nan;	nan;	nan;	nan;	nan;	nan;	nan;	nan;	nan;	nan;	nan;	nan;	nan;	100,0;	97,72;	96,81;	92,76;	91,81;	84,37;	79,97;	79,43;	79,17;	73,4;	71,17;	67,27;	65,62;	64,45;	62,62;	60,67;	59,89;	59,65;	57,76;	57,5;	56,49;	55,99;	54,5;	53,41;	53,27;	52,99;	51,45;	49,88;	49,13;	48,38;	47,66;	46,86;	46,43;	45,82;	45,71;	45,3;	44,85;	43,99;	43,32;	43,04;	42,35;	40,99;	40,59;	39,34;	38,75;	38,66;	38,62;	37,53;	37,23;	37,19;	36,7;	36,16;	35,31;	35,23;	34,76;	34,48;	34,15;	33,9;	33,53;	33,22;	32,67;	32,54;	32,12;	32,01;	31,81;	31,25;	30,98;	30,77;	30,34;	30,22;	29,68;	29,52;	28,98;	28,83;	28,47;	28,03;	27,69;	27,59;	27,32;	26,76;	26,54;	26,14;	26,11;	25,97;	25,83;	25,55;	24,92;	24,89
11;	-18;	7;	0,98;	28,12;	27,22;	26,41;	25,71;	24,95;	24,71;	22,69;	20,4;	19,3;	19,08;	18,82;	18,61;	18,51;	17,8;	17,14;	15,65;	15,52;	14,66;	14,32;	14,0;	13,73;	12,42;	11,37;	11,03;	10,96;	9,9;	9,9;	9,43;	8,88;	8,79;	8,22;	8,01;	7,27;	6,82;	6,72;	6,06;	5,9;	5,68;	5,49;	5,33;	4,87;	4,67;	4,54;	3,81;	3,31;	2,93;	2,47;	1,7;	1,61;	1,01;	0,65;	0;	0;	0;	0;	0;	0;	0;	0;	0;	0;	0;	0;	0;	0;	0;	0;	0;	0;	0;	0;	0;	0;	0;	0;	0;	0;	0;	0;	0;	0;	0;	0;	0;	0;	0;	0;	0;	0;	0;	0;	0;	0;	0;	0;	0;	0;	0;	0;	0;	0
12;	-30;	7;	1,02;	28,07;	27,38;	27,15;	26,84;	26,44;	26,35;	26,09;	25,71;	24,73;	24,63;	23,94;	23,28;	22,58;	22,53;	21,74;	21,33;	20,35;	20,07;	19,93;	19,71;	19,19;	19,16;	18,67;	17,9;	17,45;	17,4;	17,04;	16,89;	16,46;	16,35;	16,08;	15,8;	15,45;	15,3;	14,65;	14,39;	14,29;	13,57;	13,29;	13,03;	13,03;	13,01;	12,75;	12,14;	11,89;	10,93;	10,91;	10,8;	10,49;	10,26;	10,05;	9,55;	9,49;	9,47;	9,29;	9,14;	8,7;	8,17;	7,97;	7,74;	7,6;	7,59;	7,29;	7,15;	7,02;	7,0;	6,87;	6,36;	5,99;	5,86;	5,74;	5,29;	5,09;	4,79;	4,47;	4,44;	4,11;	3,84;	3,72;	3,33;	3,25;	3,23;	2,97;	2,81;	2,59;	2,43;	2,36;	2,17;	2,09;	1,92;	1,87;	1,38;	1,38;	1,11;	0,96;	0,5;	0,43;	0,23;	0,21;	0;	0
13;	5;	7;	1,07;	nan;	nan;	nan;	nan;	nan;	100,0;	92,89;	78,56;	67,2;	66,27;	64,82;	59,49;	59,28;	58,43;	52,87;	49,42;	48,51;	45,14;	44,43;	44,21;	44,18;	42,8;	40,93;	40,31;	40,09;	39,99;	38,86;	37,82;	36,35;	34,9;	34,18;	32,46;	32,4;	30,96;	30,41;	30,0;	29,23;	27,78;	27,29;	26,65;	25,59;	24,11;	24,1;	23,55;	23,09;	22,82;	22,02;	21,59;	21,25;	20,98;	20,71;	20,35;	19,81;	18,57;	18,16;	18,07;	17,6;	17,29;	16,85;	16,34;	15,72;	15,44;	15,26;	14,82;	14,61;	14,19;	13,59;	13,12;	12,86;	12,07;	11,95;	11,48;	10,93;	10,72;	10,39;	9,81;	8,83;	8,44;	7,8;	7,74;	7,55;	7,34;	7,22;	7,0;	6,88;	6,79;	6,58;	6,07;	5,93;	5,38;	5,33;	5,05;	4,55;	4,4;	4,36;	4,32;	4,11;	3,62;	3,58;	3,48;	3,37
14;	-6;	7;	1,05;	42,87;	38,76;	38,54;	36,42;	31,88;	30,62;	29,43;	28,23;	27,9;	27,39;	27,25;	25,47;	24,29;	24,15;	22,99;	21,81;	21,36;	19,4;	16,21;	15,78;	15,29;	14,77;	13,97;	12,62;	12,33;	11,1;	11,04;	10,29;	9,97;	9,75;	9,0;	8,44;	7,54;	5,83;	4,25;	3,41;	2,85;	2,85;	1,03;	0,82;	0,5;	0;	0;	0;	0;	0;	0;	0;	0;	0;	0;	0;	0;	0;	0;	0;	0;	0;	0;	0;	0;	0;	0;	0;	0;	0;	0;	0;	0;	0;	0;	0;	0;	0;	0;	0;	0;	0;	0;	0;	0;	0;	0;	0;	0;	0;	0;	0;	0;	0;	0;	0;	0;	0;	0;	0;	0;	0;	0;	0;	0
15;	13;	7;	1,05;	nan;	nan;	nan;	nan;	nan;	nan;	nan;	nan;	nan;	nan;	nan;	nan;	nan;	100,0;	59,56;	43,19;	42,81;	23,47;	22,96;	16,33;	14,3;	8,46;	5,99;	5,72;	0,41;	0,0;	0,0;	0,0;	0,0;	0,0;	0,0;	0,0;	0,0;	0,0;	0,0;	0,0;	0,0;	0,0;	0,0;	0,0;	0,0;	0,0;	0,0;	0,0;	0,0;	0,0;	0,0;	0,0;	0,0;	0,0;	0,0;	0,0;	0,0;	0,0;	0,0;	0,0;	0,0;	0,0;	0,0;	0,0;	0,0;	0,0;	0,0;	0,0;	0,0;	0,0;	0,0;	0,0;	0,0;	0,0;	0,0;	0,0;	0,0;	0,0;	0,0;	0,0;	0,0;	0,0;	0,0;	0,0;	0,0;	0,0;	0,0;	0,0;	0,0;	0,0;	0,0;	0,0;	0,0;	0,0;	0,0;	0,0;	0,0;	0,0;	0,0;	0,0;	0,0;	0,0;	0,0;	0,0;	0,0
16;	-3;	7;	1,04;	60,67;	47,57;	35,47;	32,21;	27,53;	23,25;	22,91;	21,46;	20,04;	16,31;	14,69;	14,28;	10,84;	10,24;	9,34;	8,47;	8,28;	7,67;	7,66;	6,55;	5,88;	5,29;	3,56;	3,25;	3,06;	2,93;	2,78;	2,17;	1,52;	0,37;	0,32;	0,07;	0;	0;	0;	0;	0;	0;	0;	0;	0;	0;	0;	0;	0;	0;	0;	0;	0;	0;	0;	0;	0;	0;	0;	0;	0;	0;	0;	0;	0;	0;	0;	0;	0;	0;	0;	0;	0;	0;	0;	0;	0;	0;	0;	0;	0;	0;	0;	0;	0;	0;	0;	0;	0;	0;	0;	0;	0;	0;	0;	0;	0;	0;	0;	0;	0;	0;	0;	0;	0
17;	1;	7;	1,07;	nan;	100,0;	60,01;	48,12;	44,12;	35,7;	34,64;	29,56;	27,14;	25,44;	23,82;	20,59;	19,81;	18,62;	18,06;	16,95;	14,82;	11,98;	10,25;	6,87;	5,78;	5,48;	4,37;	3,81;	3,33;	0,96;	0,56;	0,0;	0,0;	0,0;	0,0;	0,0;	0,0;	0,0;	0,0;	0,0;	0,0;	0,0;	0,0;	0,0;	0,0;	0,0;	0,0;	0,0;	0,0;	0,0;	0,0;	0,0;	0,0;	0,0;	0,0;	0,0;	0,0;	0,0;	0,0;	0,0;	0,0;	0,0;	0,0;	0,0;	0,0;	0,0;	0,0;	0,0;	0,0;	0,0;	0,0;	0,0;	0,0;	0,0;	0,0;	0,0;	0,0;	0,0;	0,0;	0,0;	0,0;	0,0;	0,0;	0,0;	0,0;	0,0;	0,0;	0,0;	0,0;	0,0;	0,0;	0,0;	0,0;	0,0;	0,0;	0,0;	0,0;	0,0;	0,0;	0,0;	0,0;	0,0;	0,0;	0,0;	0,0
18;	1;	7;	0,96;	nan;	100,0;	94,11;	79,28;	68,33;	58,75;	56,45;	51,48;	46,76;	42,48;	41,99;	41,06;	38,4;	38,27;	36,98;	33,58;	33,18;	31,13;	28,57;	28,41;	27,45;	26,72;	25,58;	25,27;	25,04;	24,62;	22,13;	21,86;	21,27;	21,03;	20,63;	20,58;	20,0;	19,45;	19,2;	19,15;	18,9;	18,05;	17,46;	17,3;	16,5;	15,45;	15,0;	14,15;	13,64;	13,43;	12,83;	12,46;	12,36;	12,02;	11,45;	11,36;	10,29;	9,99;	9,67;	9,57;	9,28;	9,2;	8,92;	8,5;	8,5;	8,4;	7,88;	7,55;	7,38;	7,32;	7,16;	6,96;	6,9;	6,64;	6,62;	6,15;	5,93;	5,82;	5,53;	5,13;	5,06;	4,93;	4,4;	4,34;	4,34;	4,23;	4,06;	4,05;	3,69;	3,62;	3,29;	3,15;	2,92;	2,52;	2,39;	2,15;	1,9;	1,7;	0,99;	0,8;	0,77;	0,53;	0,22;	0,0;	0,0
19;	8;	7;	0,98;	nan;	nan;	nan;	nan;	nan;	nan;	nan;	nan;	100,0;	90,93;	89,65;	85,36;	85,28;	84,14;	77,32;	74,93;	70,52;	68,82;	67,65;	65,66;	62,38;	59,65;	58,79;	56,59;	56,14;	53,61;	50,96;	50,05;	49,26;	48,53;	48,05;	47,73;	46,99;	45,15;	44,23;	42,47;	41,45;	40,03;	39,9;	39,87;	39,85;	38,96;	38,82;	38,42;	37,91;	37,46;	37,46;	37,3;	36,4;	36,11;	35,95;	35,95;	34,63;	34,03;	33,98;	33,97;	33,65;	33,52;	33,34;	32,86;	32,11;	31,2;	30,87;	29,88;	29,53;	28,55;	28,17;	28,13;	27,59;	27,38;	27,0;	26,43;	26,28;	25,77;	25,56;	25,41;	25,12;	24,86;	24,78;	24,7;	24,66;	24,01;	23,63;	23,63;	22,88;	22,78;	22,41;	21,96;	21,82;	21,69;	21,65;	21,36;	20,99;	20,8;	20,24;	20,06;	19,46;	18,99;	18,65;	18,28;	18,1
20;	-1;	7;	1,0;	86,53;	76,38;	72,72;	63,14;	61,81;	57,81;	55,47;	55,07;	50,16;	49,05;	45,95;	43,49;	38,8;	37,43;	35,37;	34,08;	33,76;	31,73;	31,15;	29,66;	29,17;	27,39;	25,86;	25,29;	24,34;	23,83;	22,83;	22,24;	22,18;	21,09;	20,15;	19,25;	19,22;	17,79;	17,62;	16,97;	16,15;	15,73;	14,97;	14,89;	14,24;	13,41;	12,1;	11,58;	10,86;	10,16;	9,53;	9,17;	8,46;	8,45;	8,17;	7,9;	7,62;	7,57;	6,81;	6,52;	6,17;	5,88;	5,31;	4,92;	4,56;	4,0;	4,0;	3,77;	3,53;	3,45;	3,1;	2,99;	2,83;	2,72;	2,51;	2,27;	1,91;	1,77;	1,59;	1,32;	1,1;	1,08;	0,73;	0,51;	0,34;	0;	0;	0;	0;	0;	0;	0;	0;	0;	0;	0;	0;	0;	0;	0;	0;	0;	0;	0;	0
21;	16;	7;	1,01;	nan;	nan;	nan;	nan;	nan;	nan;	nan;	nan;	nan;	nan;	nan;	nan;	nan;	nan;	nan;	nan;	100,0;	87,55;	75,28;	74,09;	63,76;	52,78;	49,33;	46,1;	42,85;	41,91;	38,53;	35,0;	31,9;	29,78;	27,24;	24,23;	24,21;	23,75;	21,95;	20,78;	18,22;	17,65;	17,17;	16,77;	16,16;	13,12;	11,91;	11,4;	11,02;	10,48;	10,24;	10,11;	9,17;	8,17;	7,54;	6,75;	6,07;	5,5;	4,44;	3,47;	3,14;	1,96;	1,43;	1,4;	0,9;	0,29;	0,14;	0,0;	0,0;	0,0;	0,0;	0,0;	0,0;	0,0;	0,0;	0,0;	0,0;	0,0;	0,0;	0,0;	0,0;	0,0;	0,0;	0,0;	0,0;	0,0;	0,0;	0,0;	0,0;	0,0;	0,0;	0,0;	0,0;	0,0;	0,0;	0,0;	0,0;	0,0;	0,0;	0,0;	0,0;	0,0;	0,0;	0,0;	0,0
22;	0;	7;	0,99;	100,0;	79,21;	61,23;	44,64;	44,16;	37,28;	35,77;	34,1;	31,41;	28,03;	25,58;	24,96;	24,44;	22,29;	21,12;	20,54;	20,53;	18,93;	18,74;	17,71;	17,35;	16,39;	16,05;	15,37;	15,05;	15,02;	14,97;	14,4;	14,16;	14,08;	14,02;	13,82;	12,62;	11,74;	11,16;	11,1;	9,3;	8,49;	8,01;	6,56;	5,96;	5,72;	5,13;	5,09;	4,92;	4,26;	3,66;	2,98;	2,26;	1,61;	0,73;	0,32;	0,2;	0;	0;	0;	0;	0;	0;	0;	0;	0;	0;	0;	0;	0;	0;	0;	0;	0;	0;	0;	0;	0;	0;	0;	0;	0;	0;	0;	0;	0;	0;	0;	0;	0;	0;	0;	0;	0;	0;	0;	0;	0;	0;	0;	0;	0;	0;	0;	0
23;	-8;	7;	0,96;	68,48;	64,71;	63,97;	61,39;	57,91;	55,21;	55,18;	54,55;	52,81;	49,56;	47,27;	45,55;	45,43;	44,62;	44,23;	43,13;	42,97;	42,91;	41,44;	41,39;	40,09;	39,53;	38,2;	36,99;	36,13;	35,27;	34,77;	34,38;	34,36;	33,92;	33,1;	32,93;	32,21;	31,81;	31,05;	30,58;	30,55;	30,15;	29,79;	29,16;	27,99;	26,89;	26,32;	25,71;	24,73;	24,45;	23,57;	23,02;	22,97;	22,66;	22,61;	22,42;	22,27;	22,05;	21,06;	20,74;	20,47;	20,41;	20,33;	20,0;	19,91;	19,81;	19,78;	19,51;	18,8;	18,41;	18,03;	17,98;	17,62;	17,39;	17,07;	16,83;	16,31;	16,17;	15,92;	15,57;	15,22;	15,05;	14,53;	14,49;	14,23;	13,94;	13,92;	13,75;	13,43;	13,33;	12,98;	12,63;	12,49;	12,28;	12,2;	12,15;	11,82;	11,64;	11,32;	11,22;	10,71;	10,37;	10,28;	10,17;	9,82
24;	8;	7;	0,99;	nan;	nan;	nan;	nan;	nan;	nan;	nan;	nan;	100,0;	94,18;	69,63;	59,58;	41,8;	38,96;	38,56;	37,16;	34,26;	34,13;	33,64;	29,97;	29,17;	25,84;	23,32;	20,11;	18,41;	17,72;	17,0;	16,31;	16,29;	14,56;	12,34;	11,32;	10,67;	10,17;	10,03;	9,96;	8,6;	8,17;	7,43;	6,97;	6,02;	5,62;	5,23;	4,65;	3,31;	2,9;	2,87;	2,44;	2,27;	1,77;	0,93;	0,28;	0,24;	0,0;	0,0;	0,0;	0,0;	0,0;	0,0;	0,0;	0,0;	0,0;	0,0;	0,0;	0,0;	0,0;	0,0;	0,0;	0,0;	0,0;	0,0;	0,0;	0,0;	0,0;	0,0;	0,0;	0,0;	0,0;	0,0;	0,0;	0,0;	0,0;	0,0;	0,0;	0,0;	0,0;	0,0;	0,0;	0,0;	0,0;	0,0;	0,0;	0,0;	0,0;	0,0;	0,0;	0,0;	0,0;	0,0;	0,0;	0,0
25;	6;	7;	1,11;	nan;	nan;	nan;	nan;	nan;	nan;	100,0;	97,72;	65,21;	53,81;	43,84;	29,96;	29,13;	25,34;	21,29;	19,78;	16,79;	16,66;	15,56;	15,1;	14,23;	13,22;	11,25;	8,29;	7,38;	5,15;	2,74;	1,87;	0,0;	0,0;	0,0;	0,0;	0,0;	0,0;	0,0;	0,0;	0,0;	0,0;	0,0;	0,0;	0,0;	0,0;	0,0;	0,0;	0,0;	0,0;	0,0;	0,0;	0,0;	0,0;	0,0;	0,0;	0,0;	0,0;	0,0;	0,0;	0,0;	0,0;	0,0;	0,0;	0,0;	0,0;	0,0;	0,0;	0,0;	0,0;	0,0;	0,0;	0,0;	0,0;	0,0;	0,0;	0,0;	0,0;	0,0;	0,0;	0,0;	0,0;	0,0;	0,0;	0,0;	0,0;	0,0;	0,0;	0,0;	0,0;	0,0;	0,0;	0,0;	0,0;	0,0;	0,0;	0,0;	0,0;	0,0;	0,0;	0,0;	0,0;	0,0;	0,0;	0,0
26;	0;	7;	0,92;	100,0;	80,34;	74,66;	63,35;	58,06;	57,39;	52,15;	47,49;	43,12;	42,25;	41,25;	39,48;	38,83;	38,59;	37,68;	35,87;	34,57;	33,4;	33,28;	32,5;	32,14;	31,15;	30,53;	28,68;	26,85;	26,8;	26,78;	26,75;	26,65;	26,65;	25,04;	24,41;	23,88;	22,58;	21,8;	21,6;	21,55;	21,51;	21,19;	20,65;	20,01;	19,73;	19,01;	18,58;	18,11;	18,06;	17,4;	16,94;	16,84;	16,5;	16,04;	15,81;	15,78;	15,6;	14,95;	14,36;	13,81;	13,24;	13,2;	13,06;	13,04;	12,11;	11,9;	11,79;	11,28;	11,12;	11,08;	11,04;	10,55;	9,98;	9,67;	9,61;	9,21;	9,12;	9,07;	9,03;	8,62;	8,56;	8,43;	8,19;	7,78;	7,62;	7,29;	7,22;	6,8;	6,49;	6,36;	6,18;	6,15;	5,87;	5,44;	5,0;	4,81;	4,65;	4,35;	4,34;	4,12;	4,09;	3,83;	3,64;	3,41
27;	-11;	7;	0,99;	3,71;	0,81;	0;	0;	0;	0;	0;	0;	0;	0;	0;	0;	0;	0;	0;	0;	0;	0;	0;	0;	0;	0;	0;	0;	0;	0;	0;	0;	0;	0;	0;	0;	0;	0;	0;	0;	0;	0;	0;	0;	0;	0;	0;	0;	0;	0;	0;	0;	0;	0;	0;	0;	0;	0;	0;	0;	0;	0;	0;	0;	0;	0;	0;	0;	0;	0;	0;	0;	0;	0;	0;	0;	0;	0;	0;	0;	0;	0;	0;	0;	0;	0;	0;	0;	0;	0;	0;	0;	0;	0;	0;	0;	0;	0;	0;	0;	0;	0;	0;	0;	0
28;	2;	7;	1,06;	nan;	nan;	100,0;	98,66;	82,97;	66,85;	56,78;	47,79;	38,04;	32,7;	30,41;	29,48;	28,95;	25,97;	24,25;	23,99;	21,39;	20,97;	19,87;	19,72;	19,51;	18,3;	17,05;	14,83;	14,52;	14,07;	11,56;	11,54;	8,78;	8,36;	7,75;	6,68;	4,2;	3,25;	1,82;	1,62;	1,6;	0,5;	0,0;	0,0;	0,0;	0,0;	0,0;	0,0;	0,0;	0,0;	0,0;	0,0;	0,0;	0,0;	0,0;	0,0;	0,0;	0,0;	0,0;	0,0;	0,0;	0,0;	0,0;	0,0;	0,0;	0,0;	0,0;	0,0;	0,0;	0,0;	0,0;	0,0;	0,0;	0,0;	0,0;	0,0;	0,0;	0,0;	0,0;	0,0;	0,0;	0,0;	0,0;	0,0;	0,0;	0,0;	0,0;	0,0;	0,0;	0,0;	0,0;	0,0;	0,0;	0,0;	0,0;	0,0;	0,0;	0,0;	0,0;	0,0;	0,0;	0,0;	0,0;	0,0;	0,0
29;	-5;	7;	1,06;	32,82;	28,56;	24,52;	19,89;	16,1;	15,29;	12,82;	12,63;	11,33;	10,31;	8,46;	7,03;	5,31;	3,87;	3,22;	2,69;	1,19;	0,33;	0;	0;	0;	0;	0;	0;	0;	0;	0;	0;	0;	0;	0;	0;	0;	0;	0;	0;	0;	0;	0;	0;	0;	0;	0;	0;	0;	0;	0;	0;	0;	0;	0;	0;	0;	0;	0;	0;	0;	0;	0;	0;	0;	0;	0;	0;	0;	0;	0;	0;	0;	0;	0;	0;	0;	0;	0;	0;	0;	0;	0;	0;	0;	0;	0;	0;	0;	0;	0;	0;	0;	0;	0;	0;	0;	0;	0;	0;	0;	0;	0;	0;	0
30;	-15;	7;	0,96;	50,09;	47,06;	46,72;	43,85;	42,82;	40,47;	40,45;	37,72;	36,01;	35,55;	33,46;	33,05;	32,84;	32,16;	31,07;	30,53;	30,2;	29,56;	28,33;	26,75;	26,44;	25,76;	24,73;	24,07;	22,17;	21,91;	21,37;	20,91;	20,85;	19,95;	19,71;	19,0;	18,33;	17,82;	16,94;	15,98;	15,77;	15,39;	14,94;	14,61;	14,48;	13,92;	13,75;	13,41;	13,35;	12,84;	12,8;	12,09;	11,86;	11,19;	11,09;	10,5;	10,45;	9,95;	9,33;	9,27;	9,14;	8,95;	8,89;	8,53;	7,97;	7,49;	7,2;	6,51;	6,42;	6,18;	5,97;	5,94;	5,86;	5,56;	5,53;	5,09;	4,85;	4,66;	4,46;	4,27;	3,76;	3,59;	3,57;	3,49;	3,3;	3,25;	2,99;	2,98;	2,85;	2,77;	2,18;	1,94;	1,55;	1,54;	1,48;	1,47;	1,37;	1,13;	0,68;	0,63;	0,33;	0,16;	0;	0;	0
31;	2;	7;	1,02;	nan;	nan;	100,0;	43,98;	18,84;	15,22;	9,61;	6,49;	2,61;	0,0;	0,0;	0,0;	0,0;	0,0;	0,0;	0,0;	0,0;	0,0;	0,0;	0,0;	0,0;	0,0;	0,0;	0,0;	0,0;	0,0;	0,0;	0,0;	0,0;	0,0;	0,0;	0,0;	0,0;	0,0;	0,0;	0,0;	0,0;	0,0;	0,0;	0,0;	0,0;	0,0;	0,0;	0,0;	0,0;	0,0;	0,0;	0,0;	0,0;	0,0;	0,0;	0,0;	0,0;	0,0;	0,0;	0,0;	0,0;	0,0;	0,0;	0,0;	0,0;	0,0;	0,0;	0,0;	0,0;	0,0;	0,0;	0,0;	0,0;	0,0;	0,0;	0,0;	0,0;	0,0;	0,0;	0,0;	0,0;	0,0;	0,0;	0,0;	0,0;	0,0;	0,0;	0,0;	0,0;	0,0;	0,0;	0,0;	0,0;	0,0;	0,0;	0,0;	0,0;	0,0;	0,0;	0,0;	0,0;	0,0;	0,0;	0,0;	0,0
32;	6;	7;	0,94;	nan;	nan;	nan;	nan;	nan;	nan;	100,0;	46,38;	14,46;	11,82;	8,98;	1,35;	0,0;	0,0;	0,0;	0,0;	0,0;	0,0;	0,0;	0,0;	0,0;	0,0;	0,0;	0,0;	0,0;	0,0;	0,0;	0,0;	0,0;	0,0;	0,0;	0,0;	0,0;	0,0;	0,0;	0,0;	0,0;	0,0;	0,0;	0,0;	0,0;	0,0;	0,0;	0,0;	0,0;	0,0;	0,0;	0,0;	0,0;	0,0;	0,0;	0,0;	0,0;	0,0;	0,0;	0,0;	0,0;	0,0;	0,0;	0,0;	0,0;	0,0;	0,0;	0,0;	0,0;	0,0;	0,0;	0,0;	0,0;	0,0;	0,0;	0,0;	0,0;	0,0;	0,0;	0,0;	0,0;	0,0;	0,0;	0,0;	0,0;	0,0;	0,0;	0,0;	0,0;	0,0;	0,0;	0,0;	0,0;	0,0;	0,0;	0,0;	0,0;	0,0;	0,0;	0,0;	0,0;	0,0;	0,0;	0,0;	0,0
33;	-12;	7;	0,9;	33,42;	31,08;	29,16;	27,78;	27,11;	25,43;	24,53;	21,26;	21,09;	18,66;	18,27;	16,6;	16,51;	16,4;	15,91;	13,64;	13,09;	12,54;	11,23;	9,66;	8,47;	7,15;	6,91;	6,7;	6,17;	5,71;	5,19;	4,17;	3,51;	3,33;	2,99;	2,92;	2,9;	2,89;	2,82;	2,81;	2,45;	2,02;	1,04;	0,83;	0,24;	0;	0;	0;	0;	0;	0;	0;	0;	0;	0;	0;	0;	0;	0;	0;	0;	0;	0;	0;	0;	0;	0;	0;	0;	0;	0;	0;	0;	0;	0;	0;	0;	0;	0;	0;	0;	0;	0;	0;	0;	0;	0;	0;	0;	0;	0;	0;	0;	0;	0;	0;	0;	0;	0;	0;	0;	0;	0;	0;	0
34;	9;	7;	0,98;	nan;	nan;	nan;	nan;	nan;	nan;	nan;	nan;	nan;	100,0;	94,82;	84,9;	82,22;	73,31;	65,77;	62,65;	60,7;	59,25;	55,82;	53,75;	52,52;	49,08;	47,97;	47,11;	46,62;	44,32;	43,85;	42,8;	40,28;	40,23;	38,78;	36,78;	36,16;	35,73;	34,32;	33,78;	33,22;	33,13;	32,14;	31,48;	30,06;	29,11;	28,93;	28,81;	28,68;	28,5;	27,33;	25,47;	24,69;	23,82;	22,63;	22,28;	21,85;	20,57;	19,82;	19,15;	19,04;	18,8;	18,69;	17,99;	17,26;	16,57;	16,48;	15,89;	15,78;	15,67;	15,07;	14,21;	14,07;	13,74;	12,57;	12,19;	11,86;	11,38;	10,99;	10,92;	10,58;	9,81;	9,61;	9,42;	9,31;	9,28;	9,16;	8,98;	8,54;	8,39;	8,32;	8,22;	8,07;	7,51;	7,35;	6,79;	6,71;	6,37;	5,78;	5,71;	5,62;	5,36;	5,2;	5,14;	4,78
35;	-13;	7;	0,96;	49,38;	47,28;	44,91;	44,27;	43,05;	42,68;	41,33;	40,86;	40,73;	40,6;	39,95;	39,71;	38,52;	37,92;	37,12;	36,74;	35,8;	35,09;	33,96;	33,3;	31,81;	31,78;	31,59;	30,91;	30,65;	29,97;	29,26;	28,94;	28,49;	27,73;	27,07;	27,04;	26,53;	26,28;	26,06;	25,09;	24,65;	24,17;	23,67;	23,18;	22,3;	22,17;	21,39;	21,26;	20,85;	20,78;	20,73;	20,16;	20,13;	19,93;	19,62;	18,94;	18,62;	18,34;	17,86;	17,37;	17,23;	16,98;	16,55;	16,5;	16,17;	16,06;	15,77;	15,49;	15,36;	14,9;	14,61;	14,54;	14,02;	13,72;	13,23;	12,8;	12,45;	12,23;	11,83;	11,47;	11,32;	10,99;	10,95;	10,69;	10,57;	10,34;	9,92;	9,45;	9,33;	9,16;	9,15;	8,98;	8,95;	8,51;	8,48;	8,16;	7,84;	7,53;	7,32;	7,31;	7,2;	7,14;	7,0;	6,9;	6,57
36;	13;	7;	1,04;	nan;	nan;	nan;	nan;	nan;	nan;	nan;	nan;	nan;	nan;	nan;	nan;	nan;	100,0;	72,07;	55,41;	49,83;	36,51;	33,41;	28,6;	28,22;	27,67;	24,86;	23,46;	21,8;	17,47;	15,0;	13,92;	13,2;	11,66;	10,24;	8,43;	8,33;	7,13;	6,72;	6,66;	5,28;	5,25;	4,47;	3,55;	3,54;	2,38;	1,61;	1,59;	1,05;	0,33;	0,0;	0,0;	0,0;	0,0;	0,0;	0,0;	0,0;	0,0;	0,0;	0,0;	0,0;	0,0;	0,0;	0,0;	0,0;	0,0;	0,0;	0,0;	0,0;	0,0;	0,0;	0,0;	0,0;	0,0;	0,0;	0,0;	0,0;	0,0;	0,0;	0,0;	0,0;	0,0;	0,0;	0,0;	0,0;	0,0;	0,0;	0,0;	0,0;	0,0;	0,0;	0,0;	0,0;	0,0;	0,0;	0,0;	0,0;	0,0;	0,0;	0,0;	0,0;	0,0;	0,0;	0,0;	0,0
37;	15;	7;	0,92;	nan;	nan;	nan;	nan;	nan;	nan;	nan;	nan;	nan;	nan;	nan;	nan;	nan;	nan;	nan;	100,0;	72,6;	51,6;	44,09;	34,25;	22,85;	16,51;	15,23;	10,69;	9,22;	8,26;	4,65;	4,18;	1,47;	0,0;	0,0;	0,0;	0,0;	0,0;	0,0;	0,0;	0,0;	0,0;	0,0;	0,0;	0,0;	0,0;	0,0;	0,0;	0,0;	0,0;	0,0;	0,0;	0,0;	0,0;	0,0;	0,0;	0,0;	0,0;	0,0;	0,0;	0,0;	0,0;	0,0;	0,0;	0,0;	0,0;	0,0;	0,0;	0,0;	0,0;	0,0;	0,0;	0,0;	0,0;	0,0;	0,0;	0,0;	0,0;	0,0;	0,0;	0,0;	0,0;	0,0;	0,0;	0,0;	0,0;	0,0;	0,0;	0,0;	0,0;	0,0;	0,0;	0,0;	0,0;	0,0;	0,0;	0,0;	0,0;	0,0;	0,0;	0,0;	0,0;	0,0;	0,0;	0,0
38;	2;	7;	1,07;	nan;	nan;	100,0;	68,93;	58,74;	54,46;	47,53;	43,81;	40,06;	38,22;	30,13;	29,31;	27,54;	21,39;	16,92;	15,78;	14,75;	12,34;	8,43;	4,04;	2,94;	2,19;	0,0;	0,0;	0,0;	0,0;	0,0;	0,0;	0,0;	0,0;	0,0;	0,0;	0,0;	0,0;	0,0;	0,0;	0,0;	0,0;	0,0;	0,0;	0,0;	0,0;	0,0;	0,0;	0,0;	0,0;	0,0;	0,0;	0,0;	0,0;	0,0;	0,0;	0,0;	0,0;	0,0;	0,0;	0,0;	0,0;	0,0;	0,0;	0,0;	0,0;	0,0;	0,0;	0,0;	0,0;	0,0;	0,0;	0,0;	0,0;	0,0;	0,0;	0,0;	0,0;	0,0;	0,0;	0,0;	0,0;	0,0;	0,0;	0,0;	0,0;	0,0;	0,0;	0,0;	0,0;	0,0;	0,0;	0,0;	0,0;	0,0;	0,0;	0,0;	0,0;	0,0;	0,0;	0,0;	0,0;	0,0;	0,0;	0,0
39;	7;	7;	1,0;	nan;	nan;	nan;	nan;	nan;	nan;	nan;	100,0;	47,81;	42,0;	27,36;	21,93;	14,6;	13,04;	10,94;	7,56;	5,48;	1,9;	0,0;	0,0;	0,0;	0,0;	0,0;	0,0;	0,0;	0,0;	0,0;	0,0;	0,0;	0,0;	0,0;	0,0;	0,0;	0,0;	0,0;	0,0;	0,0;	0,0;	0,0;	0,0;	0,0;	0,0;	0,0;	0,0;	0,0;	0,0;	0,0;	0,0;	0,0;	0,0;	0,0;	0,0;	0,0;	0,0;	0,0;	0,0;	0,0;	0,0;	0,0;	0,0;	0,0;	0,0;	0,0;	0,0;	0,0;	0,0;	0,0;	0,0;	0,0;	0,0;	0,0;	0,0;	0,0;	0,0;	0,0;	0,0;	0,0;	0,0;	0,0;	0,0;	0,0;	0,0;	0,0;	0,0;	0,0;	0,0;	0,0;	0,0;	0,0;	0,0;	0,0;	0,0;	0,0;	0,0;	0,0;	0,0;	0,0;	0,0;	0,0;	0,0;	0,0
40;	-15;	7;	0,97;	0;	0;	0;	0;	0;	0;	0;	0;	0;	0;	0;	0;	0;	0;	0;	0;	0;	0;	0;	0;	0;	0;	0;	0;	0;	0;	0;	0;	0;	0;	0;	0;	0;	0;	0;	0;	0;	0;	0;	0;	0;	0;	0;	0;	0;	0;	0;	0;	0;	0;	0;	0;	0;	0;	0;	0;	0;	0;	0;	0;	0;	0;	0;	0;	0;	0;	0;	0;	0;	0;	0;	0;	0;	0;	0;	0;	0;	0;	0;	0;	0;	0;	0;	0;	0;	0;	0;	0;	0;	0;	0;	0;	0;	0;	0;	0;	0;	0;	0;	0;	0
41;	-7;	7;	1,01;	63,38;	63,29;	58,48;	56,46;	54,15;	51,37;	50,29;	49,57;	49,29;	46,73;	46,71;	45,8;	44,73;	42,94;	42,41;	41,51;	40,94;	40,57;	40,32;	40,06;	38,65;	38,35;	37,63;	37,42;	37,22;	36,21;	35,94;	35,74;	35,71;	35,23;	34,83;	34,58;	34,25;	33,92;	33,43;	32,88;	32,43;	32,32;	31,77;	31,58;	31,15;	30,76;	29,78;	29,63;	29,57;	29,3;	29,14;	27,71;	27,33;	27,01;	26,97;	26,61;	26,04;	25,83;	25,52;	25,4;	24,82;	24,76;	24,64;	23,49;	22,57;	22,37;	21,92;	21,73;	20,8;	20,75;	20,5;	20,33;	20,2;	19,93;	19,75;	19,75;	19,46;	19,31;	19,24;	18,17;	18,14;	17,51;	17,23;	17,1;	17,07;	17,05;	16,23;	16,11;	15,78;	15,76;	15,52;	15,44;	15,32;	15,13;	14,99;	14,5;	14,41;	14,37;	14,09;	14,01;	13,91;	13,65;	13,36;	13,33;	13,02
42;	-14;	7;	0,97;	20,51;	18,12;	16,19;	15,26;	12,56;	9,75;	8,35;	7,51;	7,31;	7,0;	4,98;	4,44;	3,28;	2,41;	1,89;	0,65;	0;	0;	0;	0;	0;	0;	0;	0;	0;	0;	0;	0;	0;	0;	0;	0;	0;	0;	0;	0;	0;	0;	0;	0;	0;	0;	0;	0;	0;	0;	0;	0;	0;	0;	0;	0;	0;	0;	0;	0;	0;	0;	0;	0;	0;	0;	0;	0;	0;	0;	0;	0;	0;	0;	0;	0;	0;	0;	0;	0;	0;	0;	0;	0;	0;	0;	0;	0;	0;	0;	0;	0;	0;	0;	0;	0;	0;	0;	0;	0;	0;	0;	0;	0;	0
43;	12;	7;	1,01;	nan;	nan;	nan;	nan;	nan;	nan;	nan;	nan;	nan;	nan;	nan;	nan;	100,0;	94,65;	80,23;	74,65;	69,55;	68,19;	63,17;	62,91;	62,38;	57,1;	56,6;	55,96;	54,02;	52,1;	49,49;	48,32;	47,37;	44,97;	44,77;	44,52;	44,12;	44,08;	42,95;	41,26;	40,98;	40,79;	40,74;	40,45;	39,6;	38,84;	37,9;	37,84;	36,15;	35,78;	35,78;	34,7;	34,48;	34,33;	34,05;	33,99;	33,25;	32,14;	32,09;	32,05;	31,16;	30,26;	29,45;	29,13;	28,44;	27,74;	27,17;	26,92;	26,45;	26,25;	25,48;	24,82;	24,26;	23,49;	23,14;	22,94;	22,32;	21,66;	21,44;	20,38;	19,71;	19,18;	18,67;	18,38;	18,28;	18,26;	18,11;	17,94;	17,37;	16,75;	16,73;	16,42;	16,24;	15,71;	15,47;	14,95;	14,73;	14,62;	14,56;	14,49;	14,16;	13,84;	13,1;	12,83;	12,62
44;	-14;	7;	1,04;	33,15;	33,02;	29,58;	28,96;	28,16;	26,82;	25,8;	23,16;	21,91;	21,65;	20,32;	17,89;	17,13;	15,77;	14,43;	14,15;	14,11;	13,08;	11,7;	11,32;	10,87;	10,54;	10,24;	9,07;	8,48;	8,4;	7,65;	7,14;	6,53;	5,99;	5,81;	5,01;	4,85;	4,74;	4,72;	4,15;	3,92;	3,07;	2,27;	2,05;	1,33;	1,29;	1,13;	0,47;	0,06;	0;	0;	0;	0;	0;	0;	0;	0;	0;	0;	0;	0;	0;	0;	0;	0;	0;	0;	0;	0;	0;	0;	0;	0;	0;	0;	0;	0;	0;	0;	0;	0;	0;	0;	0;	0;	0;	0;	0;	0;	0;	0;	0;	0;	0;	0;	0;	0;	0;	0;	0;	0;	0;	0;	0;	0
45;	4;	7;	0,97;	nan;	nan;	nan;	nan;	100,0;	92,43;	88,56;	88,08;	84,27;	72,79;	69,65;	67,81;	64,09;	61,13;	58,02;	57,83;	53,16;	48,73;	48,1;	48,01;	46,12;	44,68;	43,84;	42,58;	39,56;	38,39;	37,52;	37,13;	36,36;	34,31;	33,44;	32,28;	32,08;	31,42;	29,49;	28,72;	27,76;	27,27;	27,24;	26,45;	26,13;	25,77;	24,27;	23,95;	23,69;	23,22;	22,71;	22,12;	21,84;	21,69;	21,66;	21,45;	21,18;	20,37;	20,15;	19,72;	19,32;	18,91;	18,75;	18,64;	18,52;	16,85;	16,07;	15,55;	15,51;	15,17;	14,77;	14,6;	13,72;	13,29;	13,29;	13,16;	12,99;	12,72;	12,17;	11,89;	11,88;	11,58;	11,39;	10,75;	10,52;	10,07;	9,9;	9,83;	9,34;	9,32;	9,26;	8,99;	8,91;	8,63;	8,46;	8,44;	8,11;	8,04;	7,76;	7,65;	7,14;	6,87;	5,92;	5,84;	5,72
46;	-4;	7;	0,92;	48,01;	38,38;	30,07;	28,29;	25,14;	25,08;	24,63;	21,84;	18,54;	16,94;	15,92;	13,0;	12,22;	10,56;	9,98;	8,86;	7,91;	6,07;	5,94;	3,88;	1,1;	0,8;	0,56;	0;	0;	0;	0;	0;	0;	0;	0;	0;	0;	0;	0;	0;	0;	0;	0;	0;	0;	0;	0;	0;	0;	0;	0;	0;	0;	0;	0;	0;	0;	0;	0;	0;	0;	0;	0;	0;	0;	0;	0;	0;	0;	0;	0;	0;	0;	0;	0;	0;	0;	0;	0;	0;	0;	0;	0;	0;	0;	0;	0;	0;	0;	0;	0;	0;	0;	0;	0;	0;	0;	0;	0;	0;	0;	0;	0;	0;	0
47;	-4;	7;	1,04;	49,48;	46,8;	46,5;	39,46;	37,37;	33,97;	30,08;	29,93;	28,4;	27,58;	27,21;	26,43;	25,67;	24,31;	20,4;	19,25;	18,7;	18,25;	17,96;	17,91;	15,7;	15,36;	14,24;	13,68;	13,62;	12,72;	11,22;	10,84;	9,68;	9,45;	8,73;	8,67;	7,76;	7,09;	7,07;	6,72;	6,58;	6,17;	5,81;	5,38;	4,92;	4,34;	3,57;	2,07;	1,56;	1,3;	0,7;	0,54;	0,4;	0,09;	0;	0;	0;	0;	0;	0;	0;	0;	0;	0;	0;	0;	0;	0;	0;	0;	0;	0;	0;	0;	0;	0;	0;	0;	0;	0;	0;	0;	0;	0;	0;	0;	0;	0;	0;	0;	0;	0;	0;	0;	0;	0;	0;	0;	0;	0;	0;	0;	0;	0;	0
48;	3;	7;	0,91;	nan;	nan;	nan;	100,0;	89,84;	77,87;	76,46;	65,26;	61,09;	59,21;	50,92;	49,34;	48,1;	46,52;	45,74;	44,75;	43,38;	43,33;	40,57;	40,2;	40,01;	38,61;	36,36;	36,0;	34,49;	33,59;	32,66;	31,72;	31,36;	30,7;	29,67;	27,21;	26,31;	25,94;	25,72;	25,5;	24,79;	24,64;	24,01;	23,82;	23,61;	22,73;	22,04;	21,81;	21,66;	21,33;	21,04;	20,68;	19,37;	19,17;	19,08;	18,36;	17,98;	17,59;	17,23;	16,39;	16,11;	14,94;	14,74;	14,25;	14,09;	13,94;	13,46;	13,0;	12,96;	12,87;	12,85;	12,58;	12,54;	12,05;	11,66;	11,49;	11,31;	11,12;	11,04;	10,75;	10,57;	10,51;	10,44;	9,92;	9,87;	9,74;	9,58;	9,21;	8,42;	8,15;	7,79;	7,77;	7,55;	7,35;	7,28;	7,07;	7,02;	7,01;	6,88;	6,58;	6,22;	6,19;	6,19;	6,18;	5,77
49;	3;	7;	1,06;	nan;	nan;	nan;	100,0;	77,41;	50,18;	42,84;	39,71;	37,1;	32,03;	31,27;	25,31;	20,2;	19,38;	19,06;	16,11;	15,46;	15,11;	14,73;	13,05;	12,38;	11,16;	8,86;	8,79;	8,68;	7,96;	6,52;	5,02;	4,38;	2,06;	0,0;	0,0;	0,0;	0,0;	0,0;	0,0;	0,0;	0,0;	0,0;	0,0;	0,0;	0,0;	0,0;	0,0;	0,0;	0,0;	0,0;	0,0;	0,0;	0,0;	0,0;	0,0;	0,0;	0,0;	0,0;	0,0;	0,0;	0,0;	0,0;	0,0;	0,0;	0,0;	0,0;	0,0;	0,0;	0,0;	0,0;	0,0;	0,0;	0,0;	0,0;	0,0;	0,0;	0,0;	0,0;	0,0;	0,0;	0,0;	0,0;	0,0;	0,0;	0,0;	0,0;	0,0;	0,0;	0,0;	0,0;	0,0;	0,0;	0,0;	0,0;	0,0;	0,0;	0,0;	0,0;	0,0;	0,0;	0,0;	0,0;	0,0;	0,0
50;	-12;	7;	1,06;	25,72;	24,37;	24,23;	23,59;	20,06;	18,13;	16,83;	16,31;	15,93;	14,98;	12,76;	11,07;	10,46;	9,71;	8,45;	5,28;	5,11;	4,0;	3,56;	3,21;	2,36;	2,15;	0,38;	0,35;	0;	0;	0;	0;	0;	0;	0;	0;	0;	0;	0;	0;	0;	0;	0;	0;	0;	0;	0;	0;	0;	0;	0;	0;	0;	0;	0;	0;	0;	0;	0;	0;	0;	0;	0;	0;	0;	0;	0;	0;	0;	0;	0;	0;	0;	0;	0;	0;	0;	0;	0;	0;	0;	0;	0;	0;	0;	0;	0;	0;	0;	0;	0;	0;	0;	0;	0;	0;	0;	0;	0;	0;	0;	0;	0;	0;	0
51;	9;	7;	1,03;	nan;	nan;	nan;	nan;	nan;	nan;	nan;	nan;	nan;	100,0;	62,27;	61,51;	54,65;	44,31;	41,01;	36,67;	29,42;	26,69;	23,12;	22,09;	17,83;	17,71;	15,7;	14,51;	13,64;	13,5;	12,65;	12,03;	10,96;	10,32;	9,71;	8,12;	7,44;	7,12;	7,02;	6,85;	5,52;	5,51;	4,73;	4,62;	3,97;	3,52;	2,93;	2,27;	1,75;	0,63;	0,0;	0,0;	0,0;	0,0;	0,0;	0,0;	0,0;	0,0;	0,0;	0,0;	0,0;	0,0;	0,0;	0,0;	0,0;	0,0;	0,0;	0,0;	0,0;	0,0;	0,0;	0,0;	0,0;	0,0;	0,0;	0,0;	0,0;	0,0;	0,0;	0,0;	0,0;	0,0;	0,0;	0,0;	0,0;	0,0;	0,0;	0,0;	0,0;	0,0;	0,0;	0,0;	0,0;	0,0;	0,0;	0,0;	0,0;	0,0;	0,0;	0,0;	0,0;	0,0;	0,0;	0,0;	0,0
52;	0;	7;	1,08;	100,0;	79,89;	73,38;	68,56;	65,81;	59,89;	59,13;	57,93;	56,43;	51,13;	50,53;	48,0;	46,36;	44,76;	44,38;	43,72;	41,89;	40,24;	39,15;	38,51;	38,32;	36,94;	35,57;	35,23;	34,78;	34,76;	33,59;	32,61;	32,52;	32,16;	31,61;	30,73;	29,71;	29,5;	28,98;	28,49;	28,13;	28,0;	27,59;	26,4;	25,73;	25,13;	24,66;	24,52;	23,23;	22,95;	21,93;	21,28;	21,04;	20,3;	19,73;	19,37;	19,08;	18,33;	18,04;	17,69;	17,51;	17,29;	16,58;	16,32;	16,27;	15,54;	15,43;	15,02;	14,99;	14,69;	14,51;	14,32;	14,01;	13,86;	13,58;	13,44;	13,42;	13,31;	13,2;	12,73;	12,37;	12,18;	11,91;	11,61;	11,17;	11,03;	10,28;	10,26;	9,78;	9,56;	9,39;	9,1;	8,83;	8,73;	8,39;	8,06;	7,67;	7,26;	7,11;	6,94;	6,75;	6,58;	6,42;	6,15;	6,09
53;	-3;	7;	1,02;	70,14;	69,13;	67,83;	59,6;	57,57;	51,47;	47,86;	47,09;	46,51;	43,74;	40,27;	39,59;	37,64;	33,52;	31,82;	31,51;	30,71;	29,15;	28,63;	26,98;	25,09;	23,67;	23,39;	21,92;	21,92;	20,4;	19,57;	18,46;	17,61;	16,69;	16,45;	14,61;	14,24;	13,54;	13,49;	13,36;	12,97;	12,14;	11,67;	11,61;	11,16;	10,89;	10,27;	9,64;	9,13;	8,61;	8,41;	6,93;	6,42;	6,09;	6,08;	5,5;	5,23;	4,74;	4,68;	4,48;	3,78;	3,46;	3,03;	3,0;	2,45;	2,44;	2,42;	1,85;	1,33;	1,26;	0,66;	0,45;	0,4;	0;	0;	0;	0;	0;	0;	0;	0;	0;	0;	0;	0;	0;	0;	0;	0;	0;	0;	0;	0;	0;	0;	0;	0;	0;	0;	0;	0;	0;	0;	0;	0
54;	2;	7;	0,96;	nan;	nan;	100,0;	78,27;	75,76;	61,46;	53,25;	51,06;	46,95;	46,28;	46,26;	43,14;	41,76;	41,62;	38,96;	34,39;	31,56;	31,53;	31,08;	30,93;	29,84;	27,56;	27,53;	26,93;	25,11;	25,05;	24,84;	24,2;	23,89;	23,69;	23,33;	22,97;	22,21;	22,1;	21,84;	20,92;	19,98;	18,91;	18,9;	18,48;	17,9;	17,51;	16,59;	15,74;	14,83;	14,66;	14,18;	13,44;	13,4;	13,36;	13,25;	12,41;	12,4;	12,35;	10,96;	10,51;	10,28;	9,27;	9,25;	8,72;	8,39;	8,08;	7,94;	7,71;	6,99;	6,9;	6,85;	6,65;	6,55;	5,96;	5,46;	4,97;	4,79;	4,39;	4,07;	3,95;	3,85;	3,53;	3,18;	2,95;	2,38;	1,97;	1,63;	1,5;	1,19;	0,82;	0,52;	0,28;	0,26;	0,09;	0,0;	0,0;	0,0;	0,0;	0,0;	0,0;	0,0;	0,0;	0,0;	0,0;	0,0
55;	4;	7;	0,99;	nan;	nan;	nan;	nan;	100,0;	98,3;	93,8;	87,08;	85,67;	84,41;	82,33;	82,24;	80,78;	80,64;	79,85;	78,47;	76,66;	76,4;	74,14;	73,76;	73,33;	73,29;	73,09;	72,84;	72,11;	71,87;	71,22;	71,1;	69,65;	69,29;	67,84;	66,87;	66,25;	65,53;	65,44;	65,33;	64,39;	64,31;	63,81;	63,17;	62,87;	62,55;	62,18;	62,17;	61,66;	61,58;	60,85;	60,84;	60,31;	59,57;	58,61;	58,58;	58,33;	57,5;	57,37;	57,04;	56,95;	55,64;	55,61;	55,06;	54,84;	53,89;	53,58;	52,72;	52,7;	52,61;	52,53;	51,78;	51,71;	51,09;	50,55;	50,15;	50,1;	49,6;	49,07;	48,8;	48,76;	48,51;	48,35;	47,49;	47,48;	47,29;	46,94;	46,56;	46,23;	46,16;	45,8;	45,64;	45,35;	45,32;	45,3;	45,11;	44,97;	44,84;	44,28;	44,24;	43,82;	43,81;	43,47;	43,27;	43,15
56;	-3;	7;	1,08;	46,25;	34,85;	33,7;	32,26;	26,95;	25,19;	20,95;	19,73;	17,19;	15,16;	12,55;	10,02;	7,62;	4,7;	3,61;	3,28;	2,04;	1,35;	0;	0;	0;	0;	0;	0;	0;	0;	0;	0;	0;	0;	0;	0;	0;	0;	0;	0;	0;	0;	0;	0;	0;	0;	0;	0;	0;	0;	0;	0;	0;	0;	0;	0;	0;	0;	0;	0;	0;	0;	0;	0;	0;	0;	0;	0;	0;	0;	0;	0;	0;	0;	0;	0;	0;	0;	0;	0;	0;	0;	0;	0;	0;	0;	0;	0;	0;	0;	0;	0;	0;	0;	0;	0;	0;	0;	0;	0;	0;	0;	0;	0;	0
57;	-12;	7;	1,02;	42,98;	42,17;	38,51;	37,6;	37,2;	34,32;	32,46;	31,82;	30,77;	30,11;	29,3;	28,26;	28,02;	25,76;	23,79;	23,54;	22,19;	22,04;	21,12;	20,65;	19,93;	19,35;	18,83;	18,14;	16,84;	15,43;	15,17;	14,41;	14,39;	13,87;	13,86;	13,69;	13,44;	12,47;	11,95;	11,88;	11,34;	11,04;	10,6;	10,31;	9,96;	9,81;	9,46;	9,23;	8,94;	8,56;	7,84;	7,23;	7,18;	5,81;	5,16;	4,86;	4,64;	4,02;	3,99;	3,35;	3,28;	2,84;	2,2;	1,9;	1,71;	1,63;	1,4;	0,91;	0,57;	0;	0;	0;	0;	0;	0;	0;	0;	0;	0;	0;	0;	0;	0;	0;	0;	0;	0;	0;	0;	0;	0;	0;	0;	0;	0;	0;	0;	0;	0;	0;	0;	0;	0;	0;	0
58;	16;	7;	1,0;	nan;	nan;	nan;	nan;	nan;	nan;	nan;	nan;	nan;	nan;	nan;	nan;	nan;	nan;	nan;	nan;	100,0;	68,77;	67,18;	54,98;	52,24;	50,8;	50,26;	49,37;	49,32;	47,24;	45,67;	41,78;	40,55;	38,51;	37,26;	36,38;	35,79;	34,43;	33,26;	32,07;	30,4;	30,14;	28,97;	27,62;	27,6;	26,37;	25,19;	24,74;	24,0;	22,96;	22,57;	21,41;	21,15;	20,49;	18,81;	18,19;	17,71;	17,69;	16,48;	16,0;	15,25;	13,93;	13,48;	13,47;	13,11;	12,42;	12,21;	12,15;	11,6;	11,11;	11,0;	10,31;	10,09;	9,9;	9,21;	8,55;	8,51;	8,3;	7,83;	7,82;	7,76;	7,57;	7,0;	6,86;	6,8;	5,98;	5,73;	5,67;	5,21;	5,18;	4,97;	4,89;	4,88;	4,23;	3,94;	3,82;	3,75;	3,56;	3,53;	3,22;	3,05;	2,79;	2,62;	2,18;	1,9
59;	-6;	7;	1,07;	79,03;	76,19;	73,5;	71,57;	65,13;	63,82;	62,39;	59,89;	55,41;	54,62;	54,09;	53,81;	53,8;	52,46;	51,48;	49,84;	46,57;	45,41;	44,53;	44,13;	43,27;	41,98;	41,97;	40,36;	39,89;	38,74;	38,36;	38,01;	37,23;	36,6;	36,17;	35,13;	33,02;	32,54;	32,1;	31,57;	30,74;	30,35;	29,36;	28,67;	28,42;	27,62;	26,98;	26,79;	26,57;	26,06;	25,54;	24,83;	24,35;	23,84;	23,09;	22,86;	22,49;	22,06;	21,96;	21,89;	21,85;	21,46;	20,6;	20,0;	19,64;	18,9;	18,14;	17,28;	16,88;	16,5;	16,09;	15,94;	15,66;	15,19;	15,01;	14,42;	13,88;	13,88;	13,65;	13,33;	13,13;	12,84;	12,32;	11,75;	11,65;	11,3;	10,71;	10,42;	10,0;	9,64;	9,36;	9,16;	8,88;	8,83;	8,46;	7,97;	7,66;	7,18;	6,8;	6,61;	6,32;	6,23;	6,19;	6,13;	5,82
60;	5;	7;	1,0;	nan;	nan;	nan;	nan;	nan;	100,0;	97,37;	85,21;	81,86;	76,8;	72,0;	71,34;	65,9;	62,46;	61,39;	59,5;	55,57;	54,84;	52,23;	49,88;	49,49;	47,98;	47,19;	46,48;	43,62;	42,64;	42,39;	42,34;	42,33;	41,81;	39,6;	38,95;	37,08;	36,43;	35,75;	35,54;	35,38;	34,17;	33,81;	33,06;	32,28;	31,45;	30,87;	30,6;	30,42;	30,03;	29,85;	29,16;	28,92;	28,56;	28,51;	28,41;	28,36;	27,98;	27,92;	27,15;	26,96;	26,58;	26,4;	26,1;	26,09;	24,85;	24,7;	24,04;	23,78;	23,75;	23,36;	23,24;	22,96;	22,38;	21,59;	21,04;	20,89;	20,62;	19,87;	19,74;	18,99;	18,59;	18,17;	18,02;	17,83;	17,69;	17,44;	17,11;	16,85;	16,1;	16,05;	16,0;	15,84;	15,57;	15,38;	14,98;	14,6;	14,4;	14,27;	14,24;	13,88;	13,36;	13,32;	13,13;	13,02
61;	17;	7;	0,92;	nan;	nan;	nan;	nan;	nan;	nan;	nan;	nan;	nan;	nan;	nan;	nan;	nan;	nan;	nan;	nan;	nan;	100,0;	67,74;	53,67;	48,46;	43,59;	39,14;	37,24;	36,72;	35,28;	34,94;	33,34;	29,37;	26,69;	24,13;	24,0;	23,91;	22,21;	20,7;	19,59;	18,41;	16,68;	16,2;	15,33;	13,95;	12,52;	12,08;	11,85;	11,12;	11,01;	10,26;	8,46;	7,97;	7,79;	7,22;	7,01;	7,0;	6,98;	6,78;	5,91;	5,56;	5,17;	4,68;	4,23;	3,79;	3,37;	3,21;	2,73;	2,58;	2,58;	2,47;	2,14;	1,96;	1,65;	1,56;	1,54;	1,36;	1,13;	1,01;	0,7;	0,07;	0,0;	0,0;	0,0;	0,0;	0,0;	0,0;	0,0;	0,0;	0,0;	0,0;	0,0;	0,0;	0,0;	0,0;	0,0;	0,0;	0,0;	0,0;	0,0;	0,0;	0,0;	0,0;	0,0;	0,0
62;	8;	7;	1,0;	nan;	nan;	nan;	nan;	nan;	nan;	nan;	nan;	100,0;	99,93;	96,99;	80,12;	74,29;	71,15;	66,73;	66,43;	60,9;	57,23;	56,32;	53,63;	51,35;	50,4;	49,59;	49,31;	48,22;	47,14;	46,55;	44,68;	44,04;	43,2;	42,57;	41,93;	41,28;	39,69;	36,79;	36,26;	35,64;	35,06;	34,99;	34,64;	34,5;	33,29;	33,23;	32,02;	31,03;	30,19;	29,46;	29,42;	29,16;	28,68;	26,94;	25,91;	25,77;	23,91;	23,69;	23,5;	23,18;	23,02;	22,36;	21,92;	20,97;	20,67;	20,55;	20,54;	19,79;	19,34;	18,5;	18,01;	17,42;	17,31;	16,88;	16,75;	16,28;	15,73;	15,3;	14,67;	14,09;	13,94;	13,54;	13,23;	13,15;	12,35;	12,1;	11,5;	11,18;	10,98;	10,69;	10,51;	9,84;	9,54;	9,41;	8,73;	8,51;	8,03;	7,84;	7,74;	7,48;	7,2;	6,84;	6,83;	6,57
63;	-9;	7;	1,01;	71,01;	65,08;	62,79;	62,77;	61,44;	60,76;	59,49;	54,34;	53,93;	52,96;	51,61;	50,59;	50,48;	50,22;	49,8;	47,01;	46,57;	45,48;	44,59;	43,95;	42,48;	42,4;	42,31;	41,79;	40,31;	40,0;	39,48;	39,3;	37,65;	37,51;	37,19;	36,8;	36,41;	35,83;	34,97;	34,46;	34,2;	34,1;	33,52;	33,5;	33,31;	32,5;	32,17;	31,82;	31,73;	31,72;	31,5;	30,85;	30,18;	29,56;	29,45;	29,3;	28,97;	28,65;	27,79;	27,57;	27,47;	27,02;	26,39;	25,5;	25,46;	25,27;	25,11;	24,88;	24,22;	23,85;	23,67;	23,38;	23,16;	23,12;	22,39;	22,2;	22,05;	21,9;	21,27;	20,55;	20,19;	19,95;	19,8;	19,73;	19,48;	19,39;	19,02;	18,86;	18,55;	18,46;	18,36;	18,32;	18,18;	17,73;	17,69;	17,38;	17,3;	17,16;	17,06;	17,06;	16,77;	16,3;	16,26;	16,12;	15,93
64;	12;	7;	0,88;	nan;	nan;	nan;	nan;	nan;	nan;	nan;	nan;	nan;	nan;	nan;	nan;	100,0;	61,81;	61,61;	55,89;	42,21;	38,61;	34,72;	32,07;	31,95;	30,09;	27,12;	25,23;	24,75;	21,12;	20,8;	20,15;	19,12;	18,67;	17,56;	17,19;	16,9;	15,85;	15,07;	11,41;	10,28;	9,4;	8,88;	7,97;	7,35;	6,99;	6,18;	5,91;	4,67;	3,87;	2,65;	2,65;	2,31;	1,01;	0,67;	0,45;	0,0;	0,0;	0,0;	0,0;	0,0;	0,0;	0,0;	0,0;	0,0;	0,0;	0,0;	0,0;	0,0;	0,0;	0,0;	0,0;	0,0;	0,0;	0,0;	0,0;	0,0;	0,0;	0,0;	0,0;	0,0;	0,0;	0,0;	0,0;	0,0;	0,0;	0,0;	0,0;	0,0;	0,0;	0,0;	0,0;	0,0;	0,0;	0,0;	0,0;	0,0;	0,0;	0,0;	0,0;	0,0;	0,0;	0,0;	0,0;	0,0
65;	-2;	7;	0,99;	82,45;	74,06;	72,83;	72,11;	70,63;	68,53;	58,11;	53,19;	50,78;	44,63;	42,64;	41,24;	40,96;	37,76;	36,14;	35,88;	34,94;	34,21;	32,69;	32,08;	31,01;	30,53;	30,34;	30,12;	28,44;	27,89;	26,76;	26,54;	26,48;	26,13;	25,0;	24,86;	23,85;	23,76;	23,53;	23,41;	22,38;	21,97;	21,61;	21,01;	20,99;	20,92;	20,78;	20,74;	20,09;	19,47;	19,07;	18,71;	18,43;	18,11;	17,35;	17,21;	16,61;	16,11;	15,82;	15,31;	15,16;	14,64;	14,6;	13,98;	13,85;	13,54;	13,27;	12,83;	12,66;	12,24;	11,87;	11,85;	11,79;	11,66;	11,05;	10,83;	10,65;	10,35;	10,26;	10,14;	9,85;	9,76;	9,52;	9,5;	9,3;	8,72;	7,93;	7,43;	6,95;	6,67;	6,14;	6,09;	5,39;	5,35;	4,78;	4,57;	4,12;	3,82;	3,66;	3,63;	3,52;	3,24;	3,14;	2,63;	2,55
66;	-9;	7;	1,04;	23,01;	21,01;	17,0;	16,57;	15,95;	15,49;	13,25;	12,52;	10,85;	9,09;	8,16;	7,16;	5,19;	4,85;	4,66;	4,58;	3,8;	2,38;	2,05;	1,16;	0,6;	0;	0;	0;	0;	0;	0;	0;	0;	0;	0;	0;	0;	0;	0;	0;	0;	0;	0;	0;	0;	0;	0;	0;	0;	0;	0;	0;	0;	0;	0;	0;	0;	0;	0;	0;	0;	0;	0;	0;	0;	0;	0;	0;	0;	0;	0;	0;	0;	0;	0;	0;	0;	0;	0;	0;	0;	0;	0;	0;	0;	0;	0;	0;	0;	0;	0;	0;	0;	0;	0;	0;	0;	0;	0;	0;	0;	0;	0;	0;	0
67;	-1;	7;	1,06;	97,16;	69,76;	44,05;	25,76;	23,63;	16,45;	14,59;	5,78;	5,58;	2,01;	0;	0;	0;	0;	0;	0;	0;	0;	0;	0;	0;	0;	0;	0;	0;	0;	0;	0;	0;	0;	0;	0;	0;	0;	0;	0;	0;	0;	0;	0;	0;	0;	0;	0;	0;	0;	0;	0;	0;	0;	0;	0;	0;	0;	0;	0;	0;	0;	0;	0;	0;	0;	0;	0;	0;	0;	0;	0;	0;	0;	0;	0;	0;	0;	0;	0;	0;	0;	0;	0;	0;	0;	0;	0;	0;	0;	0;	0;	0;	0;	0;	0;	0;	0;	0;	0;	0;	0;	0;	0;	0
68;	-13;	7;	1,02;	40,71;	39,91;	37,09;	36,95;	34,61;	33,5;	33,38;	29,34;	28,96;	26,8;	25,76;	23,25;	22,51;	21,1;	19,42;	18,31;	17,57;	16,36;	16,1;	15,82;	15,82;	14,93;	14,53;	14,21;	12,73;	12,57;	12,06;	11,05;	9,78;	9,04;	8,34;	8,19;	7,2;	6,29;	6,07;	4,9;	3,81;	3,74;	3,66;	3,31;	2,61;	1,49;	0,87;	0,29;	0;	0;	0;	0;	0;	0;	0;	0;	0;	0;	0;	0;	0;	0;	0;	0;	0;	0;	0;	0;	0;	0;	0;	0;	0;	0;	0;	0;	0;	0;	0;	0;	0;	0;	0;	0;	0;	0;	0;	0;	0;	0;	0;	0;	0;	0;	0;	0;	0;	0;	0;	0;	0;	0;	0;	0;	0
69;	5;	7;	1,09;	nan;	nan;	nan;	nan;	nan;	100,0;	67,34;	58,13;	56,42;	55,24;	47,42;	44,01;	41,2;	40,16;	40,12;	37,9;	37,24;	35,92;	34,77;	33,74;	31,89;	28,89;	25,73;	24,4;	23,79;	21,29;	21,16;	18,71;	17,55;	17,41;	14,6;	14,24;	12,07;	11,54;	11,53;	11,25;	11,21;	11,2;	10,89;	10,09;	8,85;	7,62;	7,14;	6,34;	6,11;	5,43;	4,23;	3,96;	3,21;	1,87;	1,52;	1,52;	0,95;	0,32;	0,24;	0,19;	0,0;	0,0;	0,0;	0,0;	0,0;	0,0;	0,0;	0,0;	0,0;	0,0;	0,0;	0,0;	0,0;	0,0;	0,0;	0,0;	0,0;	0,0;	0,0;	0,0;	0,0;	0,0;	0,0;	0,0;	0,0;	0,0;	0,0;	0,0;	0,0;	0,0;	0,0;	0,0;	0,0;	0,0;	0,0;	0,0;	0,0;	0,0;	0,0;	0,0;	0,0;	0,0;	0,0;	0,0;	0,0
70;	-5;	7;	1,03;	33,81;	32,21;	25,57;	15,08;	12,3;	7,5;	5,88;	3,42;	2,29;	0;	0;	0;	0;	0;	0;	0;	0;	0;	0;	0;	0;	0;	0;	0;	0;	0;	0;	0;	0;	0;	0;	0;	0;	0;	0;	0;	0;	0;	0;	0;	0;	0;	0;	0;	0;	0;	0;	0;	0;	0;	0;	0;	0;	0;	0;	0;	0;	0;	0;	0;	0;	0;	0;	0;	0;	0;	0;	0;	0;	0;	0;	0;	0;	0;	0;	0;	0;	0;	0;	0;	0;	0;	0;	0;	0;	0;	0;	0;	0;	0;	0;	0;	0;	0;	0;	0;	0;	0;	0;	0;	0
71;	10;	7;	0,96;	nan;	nan;	nan;	nan;	nan;	nan;	nan;	nan;	nan;	nan;	100,0;	59,63;	38,86;	37,19;	35,85;	33,42;	31,98;	31,2;	30,17;	27,31;	22,31;	19,83;	19,82;	15,86;	15,84;	14,85;	13,15;	11,56;	10,34;	7,77;	6,89;	5,92;	3,32;	2,6;	2,16;	0,01;	0,0;	0,0;	0,0;	0,0;	0,0;	0,0;	0,0;	0,0;	0,0;	0,0;	0,0;	0,0;	0,0;	0,0;	0,0;	0,0;	0,0;	0,0;	0,0;	0,0;	0,0;	0,0;	0,0;	0,0;	0,0;	0,0;	0,0;	0,0;	0,0;	0,0;	0,0;	0,0;	0,0;	0,0;	0,0;	0,0;	0,0;	0,0;	0,0;	0,0;	0,0;	0,0;	0,0;	0,0;	0,0;	0,0;	0,0;	0,0;	0,0;	0,0;	0,0;	0,0;	0,0;	0,0;	0,0;	0,0;	0,0;	0,0;	0,0;	0,0;	0,0;	0,0;	0,0;	0,0;	0,0
72;	-16;	7;	1,03;	41,73;	40,79;	38,65;	37,09;	36,82;	36,07;	35,74;	35,59;	34,61;	34,44;	33,49;	30,78;	27,09;	25,19;	22,59;	22,29;	21,77;	21,43;	19,37;	17,43;	17,0;	16,73;	15,78;	15,61;	15,58;	15,46;	15,45;	14,7;	14,61;	13,96;	13,82;	12,38;	12,02;	11,67;	11,57;	10,38;	9,98;	9,59;	9,38;	8,7;	8,25;	8,11;	7,67;	7,65;	7,65;	6,53;	6,0;	5,94;	5,73;	5,56;	5,13;	5,11;	4,72;	4,67;	4,3;	4,21;	4,18;	4,15;	3,56;	3,39;	2,81;	2,71;	2,25;	2,11;	1,85;	1,54;	1,31;	1,06;	0,85;	0,15;	0;	0;	0;	0;	0;	0;	0;	0;	0;	0;	0;	0;	0;	0;	0;	0;	0;	0;	0;	0;	0;	0;	0;	0;	0;	0;	0;	0;	0;	0;	0
73;	-9;	7;	0,94;	70,14;	69,43;	69,34;	68,54;	67,56;	66,86;	65,64;	65,41;	63,54;	63,41;	62,43;	62,21;	59,96;	59,86;	59,2;	58,81;	57,99;	57,68;	56,04;	55,68;	55,54;	55,4;	54,68;	53,77;	51,41;	51,32;	49,88;	49,36;	48,7;	47,95;	46,7;	45,94;	45,12;	43,96;	43,46;	43,17;	43,08;	42,16;	42,01;	41,66;	41,16;	40,87;	40,08;	40,08;	39,36;	38,57;	38,11;	37,4;	37,13;	37,06;	36,82;	36,17;	35,79;	35,52;	35,49;	34,86;	34,52;	34,3;	34,13;	33,78;	33,42;	33,35;	33,01;	32,93;	32,57;	32,55;	32,32;	32,07;	31,47;	31,34;	31,29;	31,12;	31,07;	30,71;	30,34;	29,77;	29,59;	29,53;	29,38;	29,03;	28,85;	28,66;	28,18;	28,07;	28,02;	27,85;	27,58;	27,37;	27,12;	26,73;	26,6;	26,43;	26,37;	26,06;	26,06;	25,96;	25,8;	25,38;	25,31;	25,28;	24,77
74;	10;	7;	1,03;	nan;	nan;	nan;	nan;	nan;	nan;	nan;	nan;	nan;	nan;	100,0;	94,31;	81,68;	67,74;	59,0;	53,69;	53,61;	49,44;	45,71;	42,29;	40,35;	37,23;	37,04;	34,3;	33,86;	31,89;	31,27;	27,29;	25,5;	24,35;	23,97;	23,22;	21,01;	19,86;	19,39;	19,14;	18,17;	17,69;	15,69;	14,01;	13,67;	13,4;	12,25;	10,18;	9,71;	9,62;	9,58;	9,15;	7,92;	7,56;	7,21;	6,53;	6,01;	5,23;	4,79;	4,43;	3,5;	2,41;	1,74;	1,71;	1,49;	1,08;	0,94;	0,62;	0,52;	0,0;	0,0;	0,0;	0,0;	0,0;	0,0;	0,0;	0,0;	0,0;	0,0;	0,0;	0,0;	0,0;	0,0;	0,0;	0,0;	0,0;	0,0;	0,0;	0,0;	0,0;	0,0;	0,0;	0,0;	0,0;	0,0;	0,0;	0,0;	0,0;	0,0;	0,0;	0,0;	0,0;	0,0;	0,0;	0,0
75;	1;	7;	1,0;	nan;	100,0;	73,1;	63,42;	48,86;	43,95;	42,34;	39,76;	38,95;	33,3;	27,3;	23,86;	21,65;	21,16;	18,38;	15,91;	13,95;	12,98;	10,74;	9,66;	8,34;	8,21;	7,95;	7,53;	7,29;	6,3;	6,25;	5,91;	5,49;	2,71;	1,72;	0,73;	0,0;	0,0;	0,0;	0,0;	0,0;	0,0;	0,0;	0,0;	0,0;	0,0;	0,0;	0,0;	0,0;	0,0;	0,0;	0,0;	0,0;	0,0;	0,0;	0,0;	0,0;	0,0;	0,0;	0,0;	0,0;	0,0;	0,0;	0,0;	0,0;	0,0;	0,0;	0,0;	0,0;	0,0;	0,0;	0,0;	0,0;	0,0;	0,0;	0,0;	0,0;	0,0;	0,0;	0,0;	0,0;	0,0;	0,0;	0,0;	0,0;	0,0;	0,0;	0,0;	0,0;	0,0;	0,0;	0,0;	0,0;	0,0;	0,0;	0,0;	0,0;	0,0;	0,0;	0,0;	0,0;	0,0;	0,0;	0,0;	0,0
76;	2;	7;	0,94;	nan;	nan;	100,0;	55,57;	47,02;	41,47;	25,49;	21,58;	19,03;	9,76;	7,63;	6,04;	3,74;	2,11;	0,0;	0,0;	0,0;	0,0;	0,0;	0,0;	0,0;	0,0;	0,0;	0,0;	0,0;	0,0;	0,0;	0,0;	0,0;	0,0;	0,0;	0,0;	0,0;	0,0;	0,0;	0,0;	0,0;	0,0;	0,0;	0,0;	0,0;	0,0;	0,0;	0,0;	0,0;	0,0;	0,0;	0,0;	0,0;	0,0;	0,0;	0,0;	0,0;	0,0;	0,0;	0,0;	0,0;	0,0;	0,0;	0,0;	0,0;	0,0;	0,0;	0,0;	0,0;	0,0;	0,0;	0,0;	0,0;	0,0;	0,0;	0,0;	0,0;	0,0;	0,0;	0,0;	0,0;	0,0;	0,0;	0,0;	0,0;	0,0;	0,0;	0,0;	0,0;	0,0;	0,0;	0,0;	0,0;	0,0;	0,0;	0,0;	0,0;	0,0;	0,0;	0,0;	0,0;	0,0;	0,0;	0,0;	0,0
77;	-4;	7;	1,0;	89,56;	87,15;	76,08;	69,36;	68,63;	68,23;	67,17;	66,0;	63,03;	62,31;	61,99;	61,09;	59,12;	55,95;	55,78;	54,0;	52,43;	52,16;	51,79;	51,27;	49,67;	49,45;	47,47;	46,61;	44,96;	44,38;	44,18;	43,11;	42,92;	41,5;	40,85;	39,31;	37,8;	37,6;	36,36;	36,18;	35,5;	34,63;	34,59;	34,32;	33,64;	32,38;	31,38;	31,29;	30,72;	30,09;	29,5;	28,99;	28,77;	28,55;	28,18;	27,8;	27,25;	26,97;	26,72;	26,5;	26,45;	26,05;	25,59;	25,14;	25,07;	25,06;	24,61;	24,28;	24,24;	23,63;	23,56;	23,43;	23,34;	22,56;	22,41;	22,02;	21,64;	21,55;	21,34;	21,18;	20,69;	20,24;	20,16;	19,9;	19,47;	18,96;	18,39;	18,19;	17,75;	17,73;	17,64;	17,54;	17,17;	16,74;	16,53;	16,28;	16,13;	16,1;	15,84;	15,34;	15,2;	15,09;	15,05;	15,05;	14,95
78;	-2;	7;	0,95;	85,95;	81,75;	64,65;	61,4;	60,65;	57,85;	55,22;	52,87;	51,08;	48,44;	47,33;	45,18;	44,68;	44,27;	42,99;	42,07;	39,31;	37,74;	37,35;	36,49;	35,61;	35,4;	34,05;	33,54;	31,5;	30,57;	30,24;	28,48;	27,84;	26,91;	25,16;	23,21;	21,63;	21,55;	20,97;	20,1;	20,05;	19,9;	19,82;	18,74;	18,54;	17,67;	17,3;	16,32;	15,89;	15,21;	14,23;	14,1;	13,91;	13,83;	13,15;	13,01;	12,33;	11,91;	11,54;	11,51;	10,63;	9,82;	9,71;	8,89;	8,69;	8,42;	8,37;	8,18;	8,05;	7,52;	7,26;	7,03;	6,92;	6,85;	6,6;	6,31;	6,1;	5,23;	5,11;	5,1;	4,96;	4,57;	4,31;	4,25;	4,15;	3,94;	3,09;	2,9;	2,42;	2,27;	2,02;	1,78;	1,77;	1,51;	1,16;	1,12;	0,96;	0,82;	0,67;	0,64;	0,63;	0,47;	0,12;	0;	0
79;	-3;	7;	0,99;	66,47;	55,93;	46,38;	42,6;	40,28;	31,43;	29,11;	24,23;	23,88;	21,7;	19,61;	19,08;	18,04;	16,33;	14,66;	14,64;	14,33;	13,97;	13,29;	12,09;	11,52;	9,48;	7,64;	6,61;	5,83;	5,03;	4,75;	4,43;	4,08;	2,75;	2,22;	1,66;	0,13;	0,05;	0;	0;	0;	0;	0;	0;	0;	0;	0;	0;	0;	0;	0;	0;	0;	0;	0;	0;	0;	0;	0;	0;	0;	0;	0;	0;	0;	0;	0;	0;	0;	0;	0;	0;	0;	0;	0;	0;	0;	0;	0;	0;	0;	0;	0;	0;	0;	0;	0;	0;	0;	0;	0;	0;	0;	0;	0;	0;	0;	0;	0;	0;	0;	0;	0;	0;	0
80;	-9;	7;	0,9;	4,49;	0;	0;	0;	0;	0;	0;	0;	0;	0;	0;	0;	0;	0;	0;	0;	0;	0;	0;	0;	0;	0;	0;	0;	0;	0;	0;	0;	0;	0;	0;	0;	0;	0;	0;	0;	0;	0;	0;	0;	0;	0;	0;	0;	0;	0;	0;	0;	0;	0;	0;	0;	0;	0;	0;	0;	0;	0;	0;	0;	0;	0;	0;	0;	0;	0;	0;	0;	0;	0;	0;	0;	0;	0;	0;	0;	0;	0;	0;	0;	0;	0;	0;	0;	0;	0;	0;	0;	0;	0;	0;	0;	0;	0;	0;	0;	0;	0;	0;	0;	0
81;	-3;	7;	0,95;	84,71;	73,93;	68,6;	68,26;	66,35;	65,99;	64,2;	64,14;	62,79;	59,78;	57,9;	57,05;	56,16;	55,6;	54,41;	53,11;	52,97;	52,81;	51,55;	50,07;	50,05;	48,99;	48,03;	46,83;	46,81;	46,09;	45,3;	43,91;	43,29;	42,99;	41,8;	41,68;	40,41;	39,66;	38,73;	37,87;	37,59;	37,45;	36,8;	36,67;	36,55;	35,74;	35,35;	34,55;	33,72;	33,42;	33,29;	33,25;	33,22;	32,76;	32,29;	31,9;	31,11;	30,82;	30,3;	30,04;	29,64;	29,19;	28,77;	28,76;	28,3;	28,05;	27,82;	27,77;	27,55;	27,43;	27,29;	26,94;	26,75;	25,92;	25,67;	25,57;	25,43;	25,2;	25,13;	24,79;	24,72;	24,72;	24,63;	24,14;	24,0;	23,61;	23,5;	23,47;	23,08;	22,66;	22,39;	22,19;	21,98;	21,97;	21,86;	21,53;	21,45;	21,09;	20,63;	20,36;	20,17;	20,07;	19,87;	19,83;	19,66
82;	-15;	7;	1,04;	23,47;	22,92;	21,13;	19,65;	17,41;	17,12;	15,47;	15,3;	14,52;	13,32;	12,2;	10,38;	10,28;	9,91;	9,68;	8,82;	7,64;	6,56;	6,29;	5,83;	5,56;	5,43;	3,38;	2,52;	2,41;	1,4;	1,4;	0,9;	0,58;	0;	0;	0;	0;	0;	0;	0;	0;	0;	0;	0;	0;	0;	0;	0;	0;	0;	0;	0;	0;	0;	0;	0;	0;	0;	0;	0;	0;	0;	0;	0;	0;	0;	0;	0;	0;	0;	0;	0;	0;	0;	0;	0;	0;	0;	0;	0;	0;	0;	0;	0;	0;	0;	0;	0;	0;	0;	0;	0;	0;	0;	0;	0;	0;	0;	0;	0;	0;	0;	0;	0;	0
83;	3;	7;	0,97;	nan;	nan;	nan;	100,0;	89,96;	80,33;	78,55;	73,03;	72,01;	71,63;	69,93;	69,12;	68,68;	67,16;	63,12;	61,53;	59,78;	58,52;	57,78;	57,22;	55,96;	55,57;	54,87;	53,84;	52,58;	51,32;	50,22;	46,52;	45,29;	45,28;	44,37;	43,75;	42,25;	41,66;	41,1;	40,04;	39,32;	38,57;	38,35;	36,93;	36,83;	36,28;	35,77;	35,34;	34,89;	34,13;	33,57;	33,18;	31,79;	31,65;	31,18;	30,42;	29,96;	29,08;	28,71;	28,44;	27,6;	26,88;	26,73;	26,49;	25,66;	25,43;	25,25;	24,64;	24,44;	23,84;	23,38;	23,08;	22,49;	21,94;	21,59;	21,33;	20,93;	20,35;	20,3;	19,84;	19,57;	18,55;	18,23;	18,13;	17,86;	17,64;	17,49;	16,84;	16,34;	15,87;	15,71;	15,66;	15,13;	15,07;	14,98;	14,8;	14,21;	14,09;	13,85;	13,78;	13,5;	13,42;	13,17;	13,06;	12,95
84;	-4;	7;	0,94;	74,56;	73,06;	70,41;	67,03;	65,45;	65,3;	64,23;	62,49;	61,53;	56,99;	54,63;	54,07;	52,19;	51,88;	51,69;	51,59;	50,88;	49,11;	48,83;	47,5;	46,71;	45,96;	45,57;	44,22;	43,93;	42,78;	42,46;	41,78;	40,96;	39,49;	37,06;	35,93;	35,73;	35,48;	34,69;	34,69;	34,24;	33,77;	33,72;	33,53;	33,39;	32,84;	32,79;	32,55;	31,57;	30,47;	30,34;	30,22;	29,45;	28,81;	28,2;	28,1;	26,84;	26,43;	26,1;	26,07;	25,71;	25,26;	25,11;	24,69;	24,17;	23,81;	23,19;	22,89;	22,82;	22,74;	22,47;	22,34;	22,19;	21,6;	21,34;	20,97;	20,87;	20,52;	20,39;	20,31;	19,88;	19,63;	19,33;	19,32;	19,16;	19,13;	18,82;	18,61;	18,04;	17,8;	17,55;	17,42;	17,24;	17,15;	17,01;	17,01;	17,01;	16,97;	16,69;	16,47;	16,27;	15,93;	15,88;	15,46;	15,35
85;	13;	7;	1,09;	nan;	nan;	nan;	nan;	nan;	nan;	nan;	nan;	nan;	nan;	nan;	nan;	nan;	100,0;	97,92;	96,63;	87,46;	83,95;	83,89;	75,74;	75,1;	74,25;	72,87;	71,1;	69,61;	66,58;	65,09;	63,0;	62,77;	60,72;	57,84;	57,71;	53,59;	53,15;	50,54;	49,77;	47,76;	45,01;	44,89;	44,87;	44,6;	44,58;	42,27;	42,17;	41,19;	40,62;	39,05;	37,21;	36,2;	36,04;	35,96;	35,6;	34,66;	33,7;	33,57;	33,37;	32,21;	32,1;	31,38;	31,04;	30,94;	30,48;	29,92;	29,72;	28,39;	28,02;	27,57;	27,53;	26,45;	26,35;	26,16;	25,68;	25,28;	24,62;	24,4;	24,09;	23,58;	23,24;	22,24;	22,18;	22,01;	21,86;	21,59;	21,5;	21,21;	21,1;	21,04;	20,66;	20,63;	20,1;	19,62;	19,09;	19,01;	18,01;	17,6;	17,45;	17,32;	17,31;	17,24;	16,55;	16,41
86;	-26;	7;	1,02;	12,45;	12,27;	12,07;	11,18;	8,79;	7,56;	7,39;	6,88;	6,19;	6,0;	5,82;	5,07;	4,66;	4,38;	3,75;	3,65;	2,98;	2,65;	2,22;	1,3;	1,28;	0,96;	0,64;	0,03;	0;	0;	0;	0;	0;	0;	0;	0;	0;	0;	0;	0;	0;	0;	0;	0;	0;	0;	0;	0;	0;	0;	0;	0;	0;	0;	0;	0;	0;	0;	0;	0;	0;	0;	0;	0;	0;	0;	0;	0;	0;	0;	0;	0;	0;	0;	0;	0;	0;	0;	0;	0;	0;	0;	0;	0;	0;	0;	0;	0;	0;	0;	0;	0;	0;	0;	0;	0;	0;	0;	0;	0;	0;	0;	0;	0;	0
87;	-2;	7;	0,98;	81,05;	69,81;	69,66;	66,14;	64,79;	57,19;	51,56;	49,75;	48,16;	46,36;	40,39;	37,88;	36,62;	35,73;	35,38;	34,27;	33,41;	32,68;	32,18;	31,23;	30,69;	29,67;	28,6;	27,42;	25,77;	23,91;	23,38;	23,13;	22,89;	22,47;	22,31;	20,33;	20,25;	19,9;	19,3;	19,28;	18,73;	17,93;	17,89;	17,19;	17,1;	16,84;	16,75;	16,4;	15,64;	14,86;	14,5;	14,31;	13,09;	12,81;	12,69;	11,33;	11,19;	10,96;	10,56;	10,08;	8,93;	8,57;	8,44;	8,02;	7,89;	7,26;	6,25;	5,91;	5,49;	5,12;	5,09;	4,87;	4,43;	4,0;	3,72;	3,54;	3,26;	2,47;	2,21;	2,1;	1,91;	1,86;	1,46;	0,65;	0;	0;	0;	0;	0;	0;	0;	0;	0;	0;	0;	0;	0;	0;	0;	0;	0;	0;	0;	0;	0
88;	5;	7;	1,07;	nan;	nan;	nan;	nan;	nan;	100,0;	74,86;	71,12;	68,4;	66,14;	62,84;	62,42;	60,41;	59,77;	54,16;	52,17;	51,44;	47,47;	46,56;	44,32;	43,47;	42,79;	40,22;	39,46;	39,23;	38,75;	37,76;	37,17;	36,42;	35,23;	33,06;	32,62;	32,14;	31,3;	30,62;	30,06;	29,56;	29,3;	28,41;	28,25;	28,01;	27,48;	26,2;	25,46;	24,88;	24,62;	24,17;	24,07;	23,75;	23,49;	23,44;	22,15;	21,09;	19,96;	19,94;	19,91;	18,87;	18,51;	17,92;	17,39;	16,98;	16,72;	16,47;	15,88;	15,3;	14,43;	14,31;	14,05;	14,03;	13,89;	12,7;	12,36;	11,91;	11,26;	10,92;	10,26;	10,14;	9,56;	9,36;	9,29;	9,1;	8,55;	8,2;	8,11;	7,88;	7,73;	7,7;	7,56;	7,29;	7,03;	6,95;	6,41;	6,21;	5,52;	5,33;	5,22;	5,16;	5,06;	4,44;	4,2;	3,96
89;	3;	7;	0,96;	nan;	nan;	nan;	100,0;	92,01;	91,41;	68,94;	65,09;	65,06;	61,89;	61,61;	60,05;	58,49;	58,13;	57,83;	57,75;	56,93;	52,75;	51,24;	49,68;	49,47;	47,33;	46,76;	45,77;	45,4;	44,42;	42,32;	41,0;	40,52;	40,42;	40,23;	39,73;	39,26;	38,13;	37,55;	36,68;	36,29;	35,03;	34,34;	34,08;	33,24;	33,23;	32,36;	32,0;	31,89;	30,94;	30,29;	30,09;	29,94;	29,63;	29,25;	28,6;	27,81;	27,59;	27,0;	26,64;	26,09;	25,16;	24,63;	23,52;	23,0;	22,61;	22,14;	22,09;	21,57;	20,65;	19,66;	19,26;	19,02;	18,93;	18,81;	18,56;	18,48;	18,36;	17,63;	17,31;	17,04;	16,87;	16,32;	16,26;	16,14;	15,4;	15,29;	15,09;	14,85;	14,47;	14,22;	14,03;	13,6;	13,1;	12,83;	12,69;	12,19;	11,59;	11,56;	11,51;	11,29;	10,91;	10,79;	10,78;	10,36
90;	-17;	7;	1,07;	25,15;	25,06;	23,23;	23,18;	21,44;	20,87;	20,05;	18,32;	16,71;	16,31;	14,68;	12,68;	11,69;	11,46;	11,24;	10,36;	10,14;	9,45;	8,61;	8,56;	7,45;	7,39;	7,32;	7,19;	6,95;	6,63;	5,68;	5,02;	4,0;	3,41;	2,67;	2,09;	1,11;	0,97;	0,01;	0;	0;	0;	0;	0;	0;	0;	0;	0;	0;	0;	0;	0;	0;	0;	0;	0;	0;	0;	0;	0;	0;	0;	0;	0;	0;	0;	0;	0;	0;	0;	0;	0;	0;	0;	0;	0;	0;	0;	0;	0;	0;	0;	0;	0;	0;	0;	0;	0;	0;	0;	0;	0;	0;	0;	0;	0;	0;	0;	0;	0;	0;	0;	0;	0;	0
91;	5;	7;	1,07;	nan;	nan;	nan;	nan;	nan;	100,0;	73,14;	55,75;	52,81;	47,13;	47,09;	42,31;	36,24;	35,66;	33,77;	30,54;	27,77;	25,58;	18,8;	18,76;	18,42;	16,63;	15,92;	13,74;	12,81;	11,5;	11,29;	11,27;	9,53;	8,8;	6,96;	5,92;	5,64;	5,43;	5,21;	4,38;	1,88;	1,28;	0,97;	0,0;	0,0;	0,0;	0,0;	0,0;	0,0;	0,0;	0,0;	0,0;	0,0;	0,0;	0,0;	0,0;	0,0;	0,0;	0,0;	0,0;	0,0;	0,0;	0,0;	0,0;	0,0;	0,0;	0,0;	0,0;	0,0;	0,0;	0,0;	0,0;	0,0;	0,0;	0,0;	0,0;	0,0;	0,0;	0,0;	0,0;	0,0;	0,0;	0,0;	0,0;	0,0;	0,0;	0,0;	0,0;	0,0;	0,0;	0,0;	0,0;	0,0;	0,0;	0,0;	0,0;	0,0;	0,0;	0,0;	0,0;	0,0;	0,0;	0,0;	0,0;	0,0
92;	15;	7;	0,98;	nan;	nan;	nan;	nan;	nan;	nan;	nan;	nan;	nan;	nan;	nan;	nan;	nan;	nan;	nan;	100,0;	88,25;	67,28;	61,54;	60,44;	57,47;	56,74;	52,29;	48,88;	47,93;	46,74;	45,59;	44,89;	43,98;	42,74;	42,64;	39,79;	39,69;	36,58;	34,56;	34,18;	32,09;	31,97;	30,37;	30,18;	29,24;	27,74;	27,31;	26,62;	26,17;	24,8;	24,45;	23,2;	22,64;	21,48;	20,05;	19,66;	19,06;	18,06;	16,94;	16,79;	16,4;	16,0;	15,21;	14,31;	13,87;	13,4;	12,65;	12,41;	12,33;	12,29;	11,96;	11,65;	11,54;	11,39;	10,91;	10,27;	10,15;	9,6;	8,98;	8,75;	8,67;	8,55;	8,15;	7,88;	7,81;	7,57;	7,48;	7,33;	7,22;	6,47;	5,88;	5,76;	5,4;	4,59;	4,36;	4,14;	4,13;	4,11;	3,81;	3,43;	3,22;	2,92;	2,39;	2,3;	2,24
93;	10;	7;	0,99;	nan;	nan;	nan;	nan;	nan;	nan;	nan;	nan;	nan;	nan;	100,0;	76,88;	53,42;	53,05;	52,03;	48,08;	46,28;	45,13;	43,3;	42,2;	40,3;	39,99;	37,78;	37,66;	36,81;	36,51;	34,04;	34,03;	33,09;	32,64;	31,68;	30,05;	29,99;	29,93;	28,53;	27,13;	26,53;	26,05;	24,99;	23,99;	23,66;	23,31;	23,17;	22,66;	22,19;	21,74;	21,15;	20,72;	20,61;	20,29;	20,0;	19,58;	18,7;	18,58;	18,5;	17,3;	16,28;	15,56;	15,25;	14,34;	13,67;	13,46;	13,14;	12,41;	12,23;	11,94;	11,9;	11,71;	11,63;	11,05;	10,42;	9,94;	9,93;	9,59;	9,18;	8,9;	8,29;	7,31;	7,25;	6,95;	6,92;	6,23;	5,91;	5,66;	5,33;	5,14;	4,53;	4,43;	4,01;	3,93;	3,65;	3,29;	3,12;	3,0;	2,86;	2,33;	1,99;	1,88;	1,87;	1,68;	1,07
94;	10;	7;	0,97;	nan;	nan;	nan;	nan;	nan;	nan;	nan;	nan;	nan;	nan;	100,0;	78,2;	69,58;	61,75;	52,49;	48,4;	45,85;	45,44;	42,95;	41,8;	36,97;	34,07;	30,62;	29,65;	25,8;	23,73;	23,69;	22,39;	20,76;	20,58;	20,41;	20,12;	19,09;	17,91;	17,02;	16,18;	15,57;	14,86;	14,83;	14,68;	14,57;	14,38;	13,87;	12,97;	12,18;	12,17;	11,05;	10,61;	10,51;	10,12;	9,22;	9,11;	8,19;	7,42;	7,35;	6,87;	6,24;	5,15;	4,82;	4,7;	4,25;	3,81;	3,43;	3,12;	3,0;	2,42;	2,11;	1,9;	1,62;	1,43;	1,11;	0,61;	0,56;	0,31;	0,26;	0,0;	0,0;	0,0;	0,0;	0,0;	0,0;	0,0;	0,0;	0,0;	0,0;	0,0;	0,0;	0,0;	0,0;	0,0;	0,0;	0,0;	0,0;	0,0;	0,0;	0,0;	0,0;	0,0;	0,0;	0,0;	0,0
95;	-3;	7;	0,96;	22,35;	14,12;	4,72;	4,11;	2,39;	2,02;	0;	0;	0;	0;	0;	0;	0;	0;	0;	0;	0;	0;	0;	0;	0;	0;	0;	0;	0;	0;	0;	0;	0;	0;	0;	0;	0;	0;	0;	0;	0;	0;	0;	0;	0;	0;	0;	0;	0;	0;	0;	0;	0;	0;	0;	0;	0;	0;	0;	0;	0;	0;	0;	0;	0;	0;	0;	0;	0;	0;	0;	0;	0;	0;	0;	0;	0;	0;	0;	0;	0;	0;	0;	0;	0;	0;	0;	0;	0;	0;	0;	0;	0;	0;	0;	0;	0;	0;	0;	0;	0;	0;	0;	0;	0
96;	-10;	7;	1,08;	56,2;	54,45;	52,31;	51,06;	50,52;	48,14;	45,17;	43,31;	41,3;	40,07;	39,08;	38,9;	38,77;	36,48;	35,33;	34,36;	32,76;	30,73;	30,05;	29,32;	27,68;	27,32;	26,34;	25,98;	25,88;	25,54;	24,75;	24,44;	23,83;	23,72;	23,55;	22,76;	22,39;	21,13;	21,03;	20,31;	19,97;	19,55;	18,92;	18,34;	17,8;	16,89;	16,59;	15,63;	15,48;	15,04;	13,87;	13,26;	13,22;	13,09;	12,52;	11,81;	11,18;	10,97;	10,2;	10,12;	9,27;	8,67;	7,63;	7,28;	6,78;	6,5;	6,23;	6,01;	5,58;	5,35;	4,88;	4,34;	3,72;	3,01;	2,91;	2,41;	1,75;	1,58;	1,26;	1,22;	0,72;	0,39;	0,06;	0;	0;	0;	0;	0;	0;	0;	0;	0;	0;	0;	0;	0;	0;	0;	0;	0;	0;	0;	0;	0;	0
97;	0;	7;	1,02;	100,0;	90,3;	79,11;	72,37;	66,44;	61,83;	57,19;	57,08;	56,95;	52,51;	49,17;	47,95;	47,48;	47,38;	45,24;	43,53;	42,14;	40,56;	38,39;	37,54;	36,32;	35,73;	34,8;	33,75;	33,69;	33,01;	31,7;	30,25;	29,29;	28,42;	28,01;	27,38;	26,28;	25,84;	25,1;	24,72;	24,24;	23,71;	22,8;	22,47;	21,66;	21,1;	20,36;	20,19;	19,64;	18,34;	17,67;	17,45;	17,12;	17,06;	16,31;	16,0;	15,2;	15,17;	15,06;	14,13;	13,85;	13,61;	13,07;	13,06;	12,31;	12,1;	11,91;	11,51;	10,81;	10,42;	9,87;	9,5;	8,81;	8,57;	8,1;	7,4;	7,2;	7,17;	6,65;	6,16;	5,87;	5,77;	5,65;	5,05;	5,03;	4,96;	4,49;	4,21;	3,76;	3,51;	3,45;	3,28;	3,01;	2,44;	1,7;	1,49;	1,45;	1,38;	1,14;	0,92;	0,85;	0,8;	0,69;	0,65;	0,65
98;	-2;	7;	0,9;	89,75;	82,75;	81,25;	79,01;	78,76;	78,39;	75,3;	74,63;	72,06;	71,32;	69,68;	69,12;	67,62;	66,01;	64,24;	60,66;	60,11;	58,2;	57,73;	57,42;	56,35;	55,13;	53,43;	52,96;	52,67;	52,47;	52,01;	51,6;	50,87;	49,96;	48,97;	48,46;	47,26;	47,11;	47,02;	46,22;	45,27;	44,79;	44,46;	44,34;	44,27;	43,79;	43,53;	43,46;	42,95;	42,64;	42,14;	42,03;	41,93;	41,73;	41,32;	41,19;	41,11;	40,79;	40,2;	40,19;	39,4;	38,99;	38,69;	38,24;	37,24;	36,44;	35,96;	35,19;	34,26;	33,11;	32,76;	32,72;	32,07;	31,93;	31,87;	31,7;	31,24;	31,06;	30,96;	30,44;	30,27;	30,25;	29,99;	29,93;	29,76;	29,58;	29,29;	29,2;	29,08;	28,7;	28,45;	27,99;	27,9;	27,68;	27,22;	27,17;	26,87;	26,67;	26,37;	26,07;	25,98;	25,53;	25,44;	25,25;	25,22
99;	-3;	7;	0,97;	43,62;	37,72;	36,74;	32,38;	28,56;	26,41;	24,88;	22,25;	22,04;	20,45;	19,54;	17,64;	13,55;	13,15;	13,11;	12,27;	10,9;	8,31;	7,45;	7,15;	6,71;	6,51;	5,72;	5,43;	4,53;	3,3;	2,72;	2,16;	1,48;	1,14;	0,02;	0;	0;	0;	0;	0;	0;	0;	0;	0;	0;	0;	0;	0;	0;	0;	0;	0;	0;	0;	0;	0;	0;	0;	0;	0;	0;	0;	0;	0;	0;	0;	0;	0;	0;	0;	0;	0;	0;	0;	0;	0;	0;	0;	0;	0;	0;	0;	0;	0;	0;	0;	0;	0;	0;	0;	0;	0;	0;	0;	0;	0;	0;	0;	0;	0;	0;	0;	0;	0;	0
