0;	-3;	7;	0,96;	53,26;	52,07;	47,6;	39,76;	38,4;	33,67;	31,92;	31,92;	30,42;	28,91;	28,82;	28,43;	27,96;	26,36;	26,03;	24,84;	24,05;	23,36;	21,65;	21,08;	20,85;	20,7;	20,67;	19,88;	19,12;	18,6;	17,29;	15,28;	13,92;	13,37;	12,54;	11,84;	10,08;	10,02;	8,79;	7,31;	6,95;	6,8;	6,7;	6,44;	6,08;	5,08;	4,93;	4,48;	4,12;	2,87;	2,77;	2,75;	2,74;	2,08;	1,39;	0,41;	0,35;	0,25;	0,24;	0,11;	0;	0;	0;	0;	0;	0;	0;	0;	0;	0;	0;	0;	0;	0;	0;	0;	0;	0;	0;	0;	0;	0;	0;	0;	0;	0;	0;	0;	0;	0;	0;	0;	0;	0;	0;	0;	0;	0;	0;	0;	0;	0;	0;	0;	0
1;	0;	7;	1,05;	100,0;	60,61;	57,82;	49,61;	49,18;	47,29;	42,83;	37,21;	34,13;	30,21;	25,12;	23,76;	23,3;	20,52;	20,37;	19,27;	15,99;	14,57;	13,55;	11,97;	9,81;	8,99;	6,48;	6,27;	5,87;	5,33;	5,12;	3,7;	2,97;	1,73;	0,41;	0,41;	0;	0;	0;	0;	0;	0;	0;	0;	0;	0;	0;	0;	0;	0;	0;	0;	0;	0;	0;	0;	0;	0;	0;	0;	0;	0;	0;	0;	0;	0;	0;	0;	0;	0;	0;	0;	0;	0;	0;	0;	0;	0;	0;	0;	0;	0;	0;	0;	0;	0;	0;	0;	0;	0;	0;	0;	0;	0;	0;	0;	0;	0;	0;	0;	0;	0;	0;	0;	0
2;	-8;	7;	1,03;	25,51;	22,99;	22,36;	19,83;	18,62;	16,58;	14,8;	13,24;	11,98;	11,05;	10,03;	9,07;	7,39;	6,96;	5,67;	5,16;	4,92;	3,33;	2,68;	1,56;	0;	0;	0;	0;	0;	0;	0;	0;	0;	0;	0;	0;	0;	0;	0;	0;	0;	0;	0;	0;	0;	0;	0;	0;	0;	0;	0;	0;	0;	0;	0;	0;	0;	0;	0;	0;	0;	0;	0;	0;	0;	0;	0;	0;	0;	0;	0;	0;	0;	0;	0;	0;	0;	0;	0;	0;	0;	0;	0;	0;	0;	0;	0;	0;	0;	0;	0;	0;	0;	0;	0;	0;	0;	0;	0;	0;	0;	0;	0;	0;	0
3;	-4;	7;	0,99;	68,25;	67,35;	62,56;	59,21;	55,53;	52,15;	50,13;	47,32;	44,51;	42,92;	41,36;	40,04;	38,7;	37,11;	36,71;	34,98;	34,34;	33,65;	31,21;	31,1;	30,84;	30,64;	29,69;	28,88;	28,74;	28,45;	27,68;	27,34;	27,1;	26,98;	26,17;	26,16;	25,57;	24,82;	24,53;	23,73;	23,2;	22,57;	22,04;	21,51;	20,88;	20,62;	20,53;	19,83;	18,02;	17,19;	15,88;	15,23;	14,45;	13,89;	13,18;	12,84;	12,68;	12,54;	12,03;	11,5;	11,04;	10,56;	10,33;	9,96;	9,8;	9,57;	9,49;	8,94;	8,71;	7,91;	7,35;	7,06;	6,21;	5,69;	5,29;	4,76;	4,71;	4,66;	4,56;	4,12;	4,09;	3,97;	3,64;	3,36;	3,18;	2,72;	2,51;	2,08;	1,14;	0,98;	0,49;	0;	0;	0;	0;	0;	0;	0;	0;	0;	0;	0;	0;	0;	0
4;	-2;	7;	0,99;	60,03;	55,47;	49,64;	46,8;	45,14;	42,39;	41,42;	40,56;	40,55;	39,48;	39,17;	37,71;	36,18;	33,1;	30,31;	29,57;	28,19;	26,42;	25,43;	25,16;	24,55;	24,54;	23,97;	21,85;	21,09;	18,67;	16,39;	14,9;	14,59;	13,67;	12,8;	12,65;	12,05;	11,45;	9,99;	9,5;	8,53;	7,91;	7,18;	6,01;	5,69;	4,97;	4,86;	4,85;	4,52;	4,34;	4,24;	4,18;	3,83;	3,59;	3,55;	2,72;	2,57;	1,43;	1,41;	1,18;	0,72;	0,54;	0;	0;	0;	0;	0;	0;	0;	0;	0;	0;	0;	0;	0;	0;	0;	0;	0;	0;	0;	0;	0;	0;	0;	0;	0;	0;	0;	0;	0;	0;	0;	0;	0;	0;	0;	0;	0;	0;	0;	0;	0;	0;	0
5;	-2;	7;	1,05;	63,81;	56,05;	46,22;	45,32;	41,5;	36,91;	32,94;	30,0;	29,63;	25,76;	23,23;	19,46;	17,04;	16,86;	16,28;	14,44;	13,22;	12,86;	11,6;	10,32;	10,12;	9,86;	8,26;	6,66;	4,24;	3,2;	0,53;	0,25;	0;	0;	0;	0;	0;	0;	0;	0;	0;	0;	0;	0;	0;	0;	0;	0;	0;	0;	0;	0;	0;	0;	0;	0;	0;	0;	0;	0;	0;	0;	0;	0;	0;	0;	0;	0;	0;	0;	0;	0;	0;	0;	0;	0;	0;	0;	0;	0;	0;	0;	0;	0;	0;	0;	0;	0;	0;	0;	0;	0;	0;	0;	0;	0;	0;	0;	0;	0;	0;	0;	0;	0;	0
6;	-22;	7;	0,96;	0;	0;	0;	0;	0;	0;	0;	0;	0;	0;	0;	0;	0;	0;	0;	0;	0;	0;	0;	0;	0;	0;	0;	0;	0;	0;	0;	0;	0;	0;	0;	0;	0;	0;	0;	0;	0;	0;	0;	0;	0;	0;	0;	0;	0;	0;	0;	0;	0;	0;	0;	0;	0;	0;	0;	0;	0;	0;	0;	0;	0;	0;	0;	0;	0;	0;	0;	0;	0;	0;	0;	0;	0;	0;	0;	0;	0;	0;	0;	0;	0;	0;	0;	0;	0;	0;	0;	0;	0;	0;	0;	0;	0;	0;	0;	0;	0;	0;	0;	0;	0
7;	-1;	7;	1,11;	75,63;	73,0;	69,85;	64,75;	55,51;	50,75;	50,24;	44,32;	42,69;	34,5;	32,62;	31,96;	29,56;	27,85;	23,66;	23,42;	21,35;	20,17;	19,89;	18,76;	18,24;	14,59;	13,27;	12,11;	10,0;	9,02;	8,35;	8,06;	6,81;	6,58;	5,96;	5,07;	3,59;	1,94;	0,91;	0;	0;	0;	0;	0;	0;	0;	0;	0;	0;	0;	0;	0;	0;	0;	0;	0;	0;	0;	0;	0;	0;	0;	0;	0;	0;	0;	0;	0;	0;	0;	0;	0;	0;	0;	0;	0;	0;	0;	0;	0;	0;	0;	0;	0;	0;	0;	0;	0;	0;	0;	0;	0;	0;	0;	0;	0;	0;	0;	0;	0;	0;	0;	0;	0;	0
8;	-4;	7;	1,03;	57,25;	55,03;	50,08;	49,94;	46,5;	45,24;	42,46;	37,77;	32,68;	31,16;	30,85;	30,73;	29,45;	27,35;	25,74;	25,36;	25,18;	24,24;	24,18;	23,6;	23,26;	22,24;	21,15;	20,6;	19,53;	18,25;	18,19;	17,23;	16,69;	14,84;	13,87;	12,62;	10,96;	9,34;	8,4;	7,97;	7,93;	7,84;	7,31;	7,31;	6,86;	6,75;	6,42;	5,84;	4,96;	4,45;	3,87;	2,99;	2,89;	1,92;	1,59;	0,91;	0,6;	0,1;	0;	0;	0;	0;	0;	0;	0;	0;	0;	0;	0;	0;	0;	0;	0;	0;	0;	0;	0;	0;	0;	0;	0;	0;	0;	0;	0;	0;	0;	0;	0;	0;	0;	0;	0;	0;	0;	0;	0;	0;	0;	0;	0;	0;	0;	0;	0
9;	0;	7;	0,99;	100,0;	72,82;	70,24;	68,12;	64,48;	58,77;	57,41;	57,34;	50,18;	48,55;	48,24;	47,3;	46,82;	45,57;	41,87;	41,63;	40,25;	40,18;	37,37;	37,2;	36,48;	36,48;	36,39;	35,59;	35,34;	34,79;	33,93;	33,18;	32,48;	32,46;	31,1;	31,0;	29,78;	29,51;	28,58;	28,3;	27,16;	27,11;	26,1;	25,6;	25,38;	24,84;	24,58;	24,37;	23,92;	23,69;	22,88;	22,03;	21,1;	21,08;	20,82;	20,41;	20,4;	19,94;	19,14;	18,43;	18,27;	17,89;	17,81;	17,2;	17,05;	16,36;	16,03;	15,62;	15,61;	15,31;	14,81;	14,75;	14,2;	14,05;	13,0;	12,37;	12,36;	12,15;	11,84;	10,76;	10,52;	10,18;	10,14;	9,9;	9,12;	8,96;	8,94;	8,91;	8,6;	8,41;	8,36;	8,1;	8,07;	8,07;	7,55;	7,09;	6,71;	5,97;	5,65;	5,65;	5,33;	5,28;	5,28;	5,13;	4,89
10;	-7;	7;	1,01;	26,61;	26,57;	19,65;	10,51;	8,01;	7,5;	6,96;	4,87;	4,47;	3,08;	1,75;	0;	0;	0;	0;	0;	0;	0;	0;	0;	0;	0;	0;	0;	0;	0;	0;	0;	0;	0;	0;	0;	0;	0;	0;	0;	0;	0;	0;	0;	0;	0;	0;	0;	0;	0;	0;	0;	0;	0;	0;	0;	0;	0;	0;	0;	0;	0;	0;	0;	0;	0;	0;	0;	0;	0;	0;	0;	0;	0;	0;	0;	0;	0;	0;	0;	0;	0;	0;	0;	0;	0;	0;	0;	0;	0;	0;	0;	0;	0;	0;	0;	0;	0;	0;	0;	0;	0;	0;	0;	0
11;	-4;	7;	0,96;	50,27;	44,18;	41,62;	37,56;	34,9;	32,79;	27,77;	26,21;	25,89;	22,63;	21,85;	21,19;	21,1;	21,08;	19,34;	18,89;	18,66;	15,71;	13,84;	11,4;	9,73;	9,34;	9,29;	7,54;	7,46;	5,44;	5,2;	5,02;	3,79;	3,09;	2,87;	2,46;	1,54;	1,41;	0,07;	0,01;	0;	0;	0;	0;	0;	0;	0;	0;	0;	0;	0;	0;	0;	0;	0;	0;	0;	0;	0;	0;	0;	0;	0;	0;	0;	0;	0;	0;	0;	0;	0;	0;	0;	0;	0;	0;	0;	0;	0;	0;	0;	0;	0;	0;	0;	0;	0;	0;	0;	0;	0;	0;	0;	0;	0;	0;	0;	0;	0;	0;	0;	0;	0;	0;	0
12;	-2;	7;	0,94;	73,84;	72,39;	66,29;	60,32;	54,05;	53,31;	51,25;	50,99;	49,86;	44,51;	43,49;	42,5;	41,98;	41,4;	40,71;	38,46;	36,61;	36,23;	35,93;	35,43;	34,42;	34,19;	32,73;	32,28;	29,67;	29,24;	28,88;	28,8;	28,18;	27,73;	27,71;	26,47;	25,73;	25,38;	25,21;	24,16;	23,7;	23,06;	22,58;	22,23;	22,16;	22,12;	21,85;	21,33;	20,98;	20,87;	20,43;	20,14;	19,76;	19,47;	17,76;	17,48;	16,84;	16,61;	16,51;	15,89;	15,83;	15,47;	15,22;	14,98;	14,76;	14,71;	14,67;	14,06;	13,83;	13,35;	12,6;	12,57;	12,5;	11,99;	11,8;	11,71;	11,42;	11,34;	10,95;	10,62;	10,13;	10,1;	9,92;	9,91;	9,47;	9,26;	8,65;	8,55;	8,45;	8,17;	7,89;	7,83;	7,82;	7,57;	7,5;	7,19;	6,93;	6,71;	6,61;	6,3;	5,88;	5,38;	5,12;	5,09;	4,9
13;	1;	7;	1,07;	nan;	100,0;	64,45;	64,35;	64,26;	62,27;	55,02;	50,56;	47,55;	42,87;	38,37;	37,83;	35,81;	35,55;	34,19;	33,52;	31,46;	30,7;	28,36;	26,42;	25,44;	23,96;	23,22;	22,93;	22,53;	19,26;	18,18;	16,12;	15,34;	12,26;	9,04;	8,35;	8,19;	7,86;	7,55;	7,28;	6,38;	6,07;	4,75;	3,9;	2,92;	2,25;	1,98;	0,69;	0,0;	0,0;	0,0;	0,0;	0,0;	0,0;	0,0;	0,0;	0,0;	0,0;	0,0;	0,0;	0,0;	0,0;	0,0;	0,0;	0,0;	0,0;	0,0;	0,0;	0,0;	0,0;	0,0;	0,0;	0,0;	0,0;	0,0;	0,0;	0,0;	0,0;	0,0;	0,0;	0,0;	0,0;	0,0;	0,0;	0,0;	0,0;	0,0;	0,0;	0,0;	0,0;	0,0;	0,0;	0,0;	0,0;	0,0;	0,0;	0,0;	0,0;	0,0;	0,0;	0,0;	0,0;	0,0;	0,0;	0,0
14;	23;	7;	0,97;	nan;	nan;	nan;	nan;	nan;	nan;	nan;	nan;	nan;	nan;	nan;	nan;	nan;	nan;	nan;	nan;	nan;	nan;	nan;	nan;	nan;	nan;	nan;	100,0;	69,84;	62,1;	54,9;	48,88;	43,45;	42,44;	40,88;	35,6;	31,61;	27,28;	24,44;	23,0;	22,14;	21,21;	17,58;	16,18;	15,74;	14,44;	14,23;	11,93;	10,52;	9,12;	8,58;	8,23;	7,18;	5,44;	4,94;	4,36;	3,84;	3,54;	2,58;	2,25;	0,38;	0,16;	0,0;	0,0;	0,0;	0,0;	0,0;	0,0;	0,0;	0,0;	0,0;	0,0;	0,0;	0,0;	0,0;	0,0;	0,0;	0,0;	0,0;	0,0;	0,0;	0,0;	0,0;	0,0;	0,0;	0,0;	0,0;	0,0;	0,0;	0,0;	0,0;	0,0;	0,0;	0,0;	0,0;	0,0;	0,0;	0,0;	0,0;	0,0;	0,0;	0,0;	0,0;	0,0;	0,0
15;	-17;	7;	0,97;	7,06;	6,68;	5,67;	5,09;	3,66;	1,63;	1,08;	0;	0;	0;	0;	0;	0;	0;	0;	0;	0;	0;	0;	0;	0;	0;	0;	0;	0;	0;	0;	0;	0;	0;	0;	0;	0;	0;	0;	0;	0;	0;	0;	0;	0;	0;	0;	0;	0;	0;	0;	0;	0;	0;	0;	0;	0;	0;	0;	0;	0;	0;	0;	0;	0;	0;	0;	0;	0;	0;	0;	0;	0;	0;	0;	0;	0;	0;	0;	0;	0;	0;	0;	0;	0;	0;	0;	0;	0;	0;	0;	0;	0;	0;	0;	0;	0;	0;	0;	0;	0;	0;	0;	0;	0
16;	29;	7;	0,93;	nan;	nan;	nan;	nan;	nan;	nan;	nan;	nan;	nan;	nan;	nan;	nan;	nan;	nan;	nan;	nan;	nan;	nan;	nan;	nan;	nan;	nan;	nan;	nan;	nan;	nan;	nan;	nan;	nan;	100,0;	94,03;	92,7;	84,48;	76,0;	70,95;	70,47;	63,45;	59,47;	59,02;	58,76;	57,98;	53,67;	52,32;	52,01;	51,42;	50,43;	50,18;	49,41;	48,91;	48,03;	46,89;	46,25;	44,2;	43,2;	41,83;	39,68;	39,43;	39,02;	37,74;	37,53;	36,51;	35,99;	35,25;	34,15;	33,78;	33,17;	32,58;	32,38;	32,17;	31,14;	30,15;	30,11;	29,75;	29,29;	27,82;	26,77;	26,65;	26,37;	26,35;	26,08;	25,68;	25,0;	23,72;	23,24;	22,98;	22,57;	22,45;	22,37;	22,13;	21,98;	21,92;	21,64;	20,98;	20,69;	20,56;	19,93;	19,79;	19,66;	19,41;	19,36;	19,12
17;	15;	7;	0,92;	nan;	nan;	nan;	nan;	nan;	nan;	nan;	nan;	nan;	nan;	nan;	nan;	nan;	nan;	nan;	100,0;	88,16;	58,89;	58,4;	55,19;	48,84;	47,66;	41,15;	39,86;	39,09;	35,75;	34,12;	31,6;	31,1;	30,55;	29,58;	28,95;	26,66;	25,35;	22,28;	19,92;	19,68;	19,13;	19,11;	18,75;	18,44;	17,6;	16,58;	15,42;	15,21;	14,59;	13,29;	12,87;	12,34;	11,77;	11,44;	11,11;	10,93;	10,15;	9,97;	9,53;	9,41;	9,27;	8,19;	7,72;	7,3;	7,06;	7,02;	6,84;	6,68;	6,34;	5,73;	5,7;	5,66;	5,63;	5,53;	5,32;	5,21;	5,09;	4,76;	4,6;	3,79;	2,96;	2,46;	1,87;	1,55;	0,91;	0,82;	0,29;	0,13;	0,07;	0,0;	0,0;	0,0;	0,0;	0,0;	0,0;	0,0;	0,0;	0,0;	0,0;	0,0;	0,0;	0,0;	0,0;	0,0
18;	-9;	7;	1,0;	59,67;	58,43;	55,25;	54,89;	53,65;	53,02;	51,64;	50,3;	49,33;	48,71;	48,22;	47,31;	47,29;	45,47;	45,22;	44,98;	44,55;	44,31;	43,14;	42,65;	42,55;	42,09;	41,05;	40,12;	40,07;	39,04;	38,79;	38,77;	37,96;	37,85;	37,64;	37,37;	37,13;	35,97;	35,66;	35,63;	35,12;	35,11;	34,55;	34,41;	34,33;	33,51;	33,48;	33,29;	33,09;	32,15;	31,93;	31,41;	30,98;	30,95;	29,98;	29,96;	29,2;	29,03;	28,65;	28,6;	28,55;	28,37;	27,71;	27,59;	27,4;	26,93;	26,81;	26,13;	25,96;	25,24;	25,07;	24,94;	24,77;	24,42;	24,21;	24,18;	24,06;	23,79;	23,76;	23,6;	23,44;	23,36;	23,33;	23,26;	23,23;	22,86;	22,71;	22,43;	22,17;	21,77;	21,59;	21,4;	21,4;	21,01;	20,83;	20,66;	20,11;	19,96;	19,52;	19,34;	19,31;	19,17;	18,91;	18,86;	18,84
19;	-7;	7;	1,02;	14,65;	9,59;	8,02;	6,96;	3,82;	2,87;	1,61;	0;	0;	0;	0;	0;	0;	0;	0;	0;	0;	0;	0;	0;	0;	0;	0;	0;	0;	0;	0;	0;	0;	0;	0;	0;	0;	0;	0;	0;	0;	0;	0;	0;	0;	0;	0;	0;	0;	0;	0;	0;	0;	0;	0;	0;	0;	0;	0;	0;	0;	0;	0;	0;	0;	0;	0;	0;	0;	0;	0;	0;	0;	0;	0;	0;	0;	0;	0;	0;	0;	0;	0;	0;	0;	0;	0;	0;	0;	0;	0;	0;	0;	0;	0;	0;	0;	0;	0;	0;	0;	0;	0;	0;	0
20;	-2;	7;	1,0;	29,75;	5,58;	3,79;	3,59;	2,76;	1,27;	0,98;	0;	0;	0;	0;	0;	0;	0;	0;	0;	0;	0;	0;	0;	0;	0;	0;	0;	0;	0;	0;	0;	0;	0;	0;	0;	0;	0;	0;	0;	0;	0;	0;	0;	0;	0;	0;	0;	0;	0;	0;	0;	0;	0;	0;	0;	0;	0;	0;	0;	0;	0;	0;	0;	0;	0;	0;	0;	0;	0;	0;	0;	0;	0;	0;	0;	0;	0;	0;	0;	0;	0;	0;	0;	0;	0;	0;	0;	0;	0;	0;	0;	0;	0;	0;	0;	0;	0;	0;	0;	0;	0;	0;	0;	0
21;	9;	7;	1,02;	nan;	nan;	nan;	nan;	nan;	nan;	nan;	nan;	nan;	100,0;	92,06;	85,52;	72,16;	72,1;	70,04;	64,79;	64,1;	57,98;	55,46;	51,95;	51,5;	49,93;	49,86;	49,55;	48,52;	45,3;	44,91;	43,55;	43,28;	42,01;	41,13;	40,16;	40,05;	39,21;	38,42;	38,22;	36,69;	36,27;	35,98;	35,12;	33,61;	31,92;	31,75;	31,09;	30,44;	29,89;	28,99;	28,54;	28,31;	27,24;	26,34;	26,28;	25,73;	25,33;	25,03;	24,76;	24,36;	23,73;	22,97;	22,79;	22,58;	22,37;	21,84;	21,52;	20,61;	20,24;	20,15;	19,73;	18,91;	18,41;	17,85;	17,67;	17,14;	17,14;	16,3;	16,06;	16,02;	15,81;	15,67;	15,39;	15,07;	14,65;	14,36;	14,27;	14,2;	13,7;	13,03;	12,64;	12,27;	11,96;	11,75;	11,7;	11,62;	11,47;	11,09;	10,87;	10,7;	10,51;	10,23;	10,18;	9,99
22;	-14;	7;	1,03;	36,14;	34,24;	33,61;	32,17;	31,06;	30,25;	28,86;	28,12;	27,72;	27,43;	26,51;	26,25;	25,41;	25,17;	24,79;	22,87;	22,28;	21,99;	21,68;	20,51;	19,87;	19,13;	18,21;	17,12;	16,35;	15,51;	14,65;	14,21;	14,05;	13,66;	12,73;	12,61;	11,96;	11,78;	11,41;	10,99;	9,85;	9,17;	8,76;	8,69;	8,47;	8,47;	7,49;	7,37;	6,85;	6,69;	5,84;	4,86;	4,81;	3,99;	3,87;	3,35;	3,04;	2,45;	2,33;	2,09;	1,88;	1,83;	1,14;	0,85;	0,46;	0,12;	0;	0;	0;	0;	0;	0;	0;	0;	0;	0;	0;	0;	0;	0;	0;	0;	0;	0;	0;	0;	0;	0;	0;	0;	0;	0;	0;	0;	0;	0;	0;	0;	0;	0;	0;	0;	0;	0;	0
23;	5;	7;	0,97;	nan;	nan;	nan;	nan;	nan;	100,0;	52,8;	45,14;	44,47;	29,87;	28,85;	25,66;	24,8;	24,27;	23,1;	22,41;	20,39;	16,42;	15,27;	14,99;	12,78;	10,39;	9,87;	9,33;	7,51;	7,46;	6,53;	6,29;	5,42;	4,82;	3,61;	3,23;	1,83;	1,66;	1,64;	0,79;	0,78;	0,25;	0,0;	0,0;	0,0;	0,0;	0,0;	0,0;	0,0;	0,0;	0,0;	0,0;	0,0;	0,0;	0,0;	0,0;	0,0;	0,0;	0,0;	0,0;	0,0;	0,0;	0,0;	0,0;	0,0;	0,0;	0,0;	0,0;	0,0;	0,0;	0,0;	0,0;	0,0;	0,0;	0,0;	0,0;	0,0;	0,0;	0,0;	0,0;	0,0;	0,0;	0,0;	0,0;	0,0;	0,0;	0,0;	0,0;	0,0;	0,0;	0,0;	0,0;	0,0;	0,0;	0,0;	0,0;	0,0;	0,0;	0,0;	0,0;	0,0;	0,0;	0,0;	0,0;	0,0
24;	-13;	7;	0,96;	2,35;	0;	0;	0;	0;	0;	0;	0;	0;	0;	0;	0;	0;	0;	0;	0;	0;	0;	0;	0;	0;	0;	0;	0;	0;	0;	0;	0;	0;	0;	0;	0;	0;	0;	0;	0;	0;	0;	0;	0;	0;	0;	0;	0;	0;	0;	0;	0;	0;	0;	0;	0;	0;	0;	0;	0;	0;	0;	0;	0;	0;	0;	0;	0;	0;	0;	0;	0;	0;	0;	0;	0;	0;	0;	0;	0;	0;	0;	0;	0;	0;	0;	0;	0;	0;	0;	0;	0;	0;	0;	0;	0;	0;	0;	0;	0;	0;	0;	0;	0;	0
25;	19;	7;	1,08;	nan;	nan;	nan;	nan;	nan;	nan;	nan;	nan;	nan;	nan;	nan;	nan;	nan;	nan;	nan;	nan;	nan;	nan;	nan;	100,0;	76,71;	65,29;	61,13;	60,24;	57,47;	56,52;	55,56;	49,09;	48,9;	44,86;	43,66;	41,06;	39,92;	36,56;	36,02;	33,82;	32,27;	31,06;	29,35;	26,86;	25,66;	25,14;	23,53;	22,73;	21,71;	20,93;	20,59;	19,07;	18,16;	17,65;	16,66;	16,04;	15,5;	15,49;	14,36;	13,54;	13,44;	12,81;	11,99;	11,7;	10,42;	10,02;	8,97;	8,87;	8,05;	7,69;	7,4;	6,61;	6,17;	5,53;	5,16;	4,77;	4,33;	4,19;	4,04;	3,29;	3,12;	2,89;	2,58;	2,45;	2,26;	1,92;	1,9;	1,56;	1,23;	0,74;	0,48;	0,15;	0,0;	0,0;	0,0;	0,0;	0,0;	0,0;	0,0;	0,0;	0,0;	0,0;	0,0;	0,0;	0,0
26;	7;	7;	1,03;	nan;	nan;	nan;	nan;	nan;	nan;	nan;	100,0;	58,1;	56,49;	41,21;	40,27;	31,63;	21,26;	10,22;	8,48;	7,96;	5,92;	5,55;	3,78;	2,19;	1,9;	0,0;	0,0;	0,0;	0,0;	0,0;	0,0;	0,0;	0,0;	0,0;	0,0;	0,0;	0,0;	0,0;	0,0;	0,0;	0,0;	0,0;	0,0;	0,0;	0,0;	0,0;	0,0;	0,0;	0,0;	0,0;	0,0;	0,0;	0,0;	0,0;	0,0;	0,0;	0,0;	0,0;	0,0;	0,0;	0,0;	0,0;	0,0;	0,0;	0,0;	0,0;	0,0;	0,0;	0,0;	0,0;	0,0;	0,0;	0,0;	0,0;	0,0;	0,0;	0,0;	0,0;	0,0;	0,0;	0,0;	0,0;	0,0;	0,0;	0,0;	0,0;	0,0;	0,0;	0,0;	0,0;	0,0;	0,0;	0,0;	0,0;	0,0;	0,0;	0,0;	0,0;	0,0;	0,0;	0,0;	0,0;	0,0;	0,0
27;	19;	7;	1,12;	nan;	nan;	nan;	nan;	nan;	nan;	nan;	nan;	nan;	nan;	nan;	nan;	nan;	nan;	nan;	nan;	nan;	nan;	nan;	100,0;	28,67;	20,08;	12,79;	5,32;	0,0;	0,0;	0,0;	0,0;	0,0;	0,0;	0,0;	0,0;	0,0;	0,0;	0,0;	0,0;	0,0;	0,0;	0,0;	0,0;	0,0;	0,0;	0,0;	0,0;	0,0;	0,0;	0,0;	0,0;	0,0;	0,0;	0,0;	0,0;	0,0;	0,0;	0,0;	0,0;	0,0;	0,0;	0,0;	0,0;	0,0;	0,0;	0,0;	0,0;	0,0;	0,0;	0,0;	0,0;	0,0;	0,0;	0,0;	0,0;	0,0;	0,0;	0,0;	0,0;	0,0;	0,0;	0,0;	0,0;	0,0;	0,0;	0,0;	0,0;	0,0;	0,0;	0,0;	0,0;	0,0;	0,0;	0,0;	0,0;	0,0;	0,0;	0,0;	0,0;	0,0;	0,0;	0,0;	0,0;	0,0
28;	-2;	7;	0,99;	52,24;	47,34;	43,9;	42,1;	40,11;	35,45;	33,94;	29,27;	27,96;	27,6;	26,83;	22,63;	19,78;	18,41;	16,91;	16,16;	15,48;	15,07;	13,65;	12,37;	10,34;	9,74;	9,02;	7,82;	7,31;	5,3;	5,02;	1,86;	1,15;	1,05;	1,02;	0,57;	0,03;	0;	0;	0;	0;	0;	0;	0;	0;	0;	0;	0;	0;	0;	0;	0;	0;	0;	0;	0;	0;	0;	0;	0;	0;	0;	0;	0;	0;	0;	0;	0;	0;	0;	0;	0;	0;	0;	0;	0;	0;	0;	0;	0;	0;	0;	0;	0;	0;	0;	0;	0;	0;	0;	0;	0;	0;	0;	0;	0;	0;	0;	0;	0;	0;	0;	0;	0;	0
29;	22;	7;	1,05;	nan;	nan;	nan;	nan;	nan;	nan;	nan;	nan;	nan;	nan;	nan;	nan;	nan;	nan;	nan;	nan;	nan;	nan;	nan;	nan;	nan;	nan;	100,0;	95,39;	94,77;	89,69;	88,42;	87,53;	86,52;	82,14;	80,74;	80,35;	79,85;	79,69;	79,08;	76,64;	74,6;	72,47;	69,46;	67,73;	64,43;	62,85;	62,37;	62,11;	60,4;	57,96;	57,38;	56,61;	56,58;	56,43;	56,06;	55,21;	54,99;	54,84;	54,73;	54,62;	53,79;	52,6;	52,3;	51,39;	51,31;	50,22;	50,09;	50,05;	49,97;	49,81;	48,42;	48,36;	47,72;	47,05;	45,46;	45,22;	45,15;	44,61;	44,29;	44,23;	43,96;	43,96;	43,29;	43,26;	43,26;	42,42;	41,96;	40,78;	40,19;	40,09;	39,58;	38,7;	38,35;	37,78;	37,33;	37,28;	36,88;	36,85;	36,72;	36,19;	35,9;	35,21;	34,9;	34,41;	34,18
30;	0;	7;	0,93;	100,0;	56,7;	45,23;	44,26;	34,54;	27,42;	18,83;	15,7;	13,26;	9,99;	4,24;	0;	0;	0;	0;	0;	0;	0;	0;	0;	0;	0;	0;	0;	0;	0;	0;	0;	0;	0;	0;	0;	0;	0;	0;	0;	0;	0;	0;	0;	0;	0;	0;	0;	0;	0;	0;	0;	0;	0;	0;	0;	0;	0;	0;	0;	0;	0;	0;	0;	0;	0;	0;	0;	0;	0;	0;	0;	0;	0;	0;	0;	0;	0;	0;	0;	0;	0;	0;	0;	0;	0;	0;	0;	0;	0;	0;	0;	0;	0;	0;	0;	0;	0;	0;	0;	0;	0;	0;	0;	0
31;	29;	7;	1,04;	nan;	nan;	nan;	nan;	nan;	nan;	nan;	nan;	nan;	nan;	nan;	nan;	nan;	nan;	nan;	nan;	nan;	nan;	nan;	nan;	nan;	nan;	nan;	nan;	nan;	nan;	nan;	nan;	nan;	100,0;	73,99;	65,36;	59,81;	56,97;	56,36;	55,28;	53,79;	48,46;	42,63;	38,22;	37,4;	35,59;	34,96;	31,38;	30,35;	27,76;	27,12;	27,0;	25,15;	24,87;	23,89;	22,93;	22,48;	20,19;	20,16;	19,75;	19,47;	18,53;	17,5;	17,05;	16,1;	15,27;	14,87;	14,41;	13,99;	12,99;	12,81;	11,8;	11,33;	10,77;	10,55;	9,25;	7,38;	6,78;	6,19;	5,92;	4,92;	4,18;	3,07;	2,81;	2,46;	2,2;	1,42;	1,04;	1,02;	0,81;	0,37;	0,0;	0,0;	0,0;	0,0;	0,0;	0,0;	0,0;	0,0;	0,0;	0,0;	0,0;	0,0;	0,0;	0,0
32;	-7;	7;	0,97;	54,12;	51,6;	46,45;	44,29;	42,95;	40,6;	36,41;	35,48;	31,76;	30,78;	29,4;	28,62;	28,58;	27,85;	27,36;	25,48;	24,99;	24,44;	23,78;	21,56;	20,93;	20,39;	19,64;	19,09;	18,7;	18,39;	17,81;	16,82;	16,45;	15,32;	13,41;	13,12;	12,97;	12,93;	12,0;	11,51;	11,5;	10,67;	10,5;	10,16;	9,69;	9,54;	9,11;	8,5;	8,19;	7,6;	7,57;	7,41;	7,14;	6,55;	6,32;	5,95;	5,2;	5,18;	4,87;	4,51;	4,39;	4,29;	4,02;	3,57;	2,91;	2,24;	1,7;	0,88;	0,86;	0,32;	0;	0;	0;	0;	0;	0;	0;	0;	0;	0;	0;	0;	0;	0;	0;	0;	0;	0;	0;	0;	0;	0;	0;	0;	0;	0;	0;	0;	0;	0;	0;	0;	0;	0;	0
33;	8;	7;	1,04;	nan;	nan;	nan;	nan;	nan;	nan;	nan;	nan;	100,0;	97,17;	89,74;	83,52;	76,23;	74,0;	72,01;	65,66;	65,33;	62,94;	61,14;	58,0;	55,61;	49,21;	46,59;	45,43;	42,72;	40,78;	40,68;	40,45;	39,9;	36,99;	36,0;	35,36;	33,27;	31,77;	31,11;	30,86;	30,15;	27,9;	27,42;	26,42;	26,42;	25,99;	24,88;	24,13;	22,74;	22,47;	21,9;	20,55;	19,76;	19,24;	17,6;	16,42;	15,58;	15,02;	13,99;	12,86;	11,95;	11,6;	11,09;	10,9;	9,91;	9,01;	8,86;	8,82;	8,62;	8,2;	7,95;	7,43;	7,31;	6,8;	6,35;	6,3;	6,21;	6,0;	5,85;	5,11;	5,04;	4,97;	4,82;	3,79;	3,53;	3,26;	3,09;	3,08;	2,37;	2,01;	1,76;	1,55;	1,55;	1,0;	0,61;	0,37;	0,26;	0,26;	0,01;	0,0;	0,0;	0,0;	0,0;	0,0;	0,0
34;	-9;	7;	1,05;	21,63;	18,33;	17,87;	13,98;	12,21;	10,56;	10,27;	10,21;	9,09;	8,9;	8,79;	6,53;	5,62;	5,43;	4,1;	3,2;	2,28;	1,5;	1,39;	1,33;	0,45;	0;	0;	0;	0;	0;	0;	0;	0;	0;	0;	0;	0;	0;	0;	0;	0;	0;	0;	0;	0;	0;	0;	0;	0;	0;	0;	0;	0;	0;	0;	0;	0;	0;	0;	0;	0;	0;	0;	0;	0;	0;	0;	0;	0;	0;	0;	0;	0;	0;	0;	0;	0;	0;	0;	0;	0;	0;	0;	0;	0;	0;	0;	0;	0;	0;	0;	0;	0;	0;	0;	0;	0;	0;	0;	0;	0;	0;	0;	0;	0
35;	-1;	7;	1,09;	67,05;	62,73;	51,91;	47,42;	39,4;	34,38;	32,58;	27,03;	22,47;	17,84;	11,29;	8,97;	5,72;	3,85;	3,21;	1,83;	1,24;	0;	0;	0;	0;	0;	0;	0;	0;	0;	0;	0;	0;	0;	0;	0;	0;	0;	0;	0;	0;	0;	0;	0;	0;	0;	0;	0;	0;	0;	0;	0;	0;	0;	0;	0;	0;	0;	0;	0;	0;	0;	0;	0;	0;	0;	0;	0;	0;	0;	0;	0;	0;	0;	0;	0;	0;	0;	0;	0;	0;	0;	0;	0;	0;	0;	0;	0;	0;	0;	0;	0;	0;	0;	0;	0;	0;	0;	0;	0;	0;	0;	0;	0;	0
36;	-4;	7;	0,94;	44,01;	43,57;	40,17;	40,05;	36,94;	36,11;	34,34;	32,47;	32,02;	31,88;	31,8;	30,12;	28,57;	26,75;	26,0;	24,0;	21,1;	18,36;	16,11;	15,49;	14,71;	13,61;	13,42;	12,41;	11,11;	10,22;	9,31;	8,39;	7,55;	7,27;	6,48;	5,01;	4,65;	3,45;	3,23;	1,85;	1,81;	1,3;	0,46;	0;	0;	0;	0;	0;	0;	0;	0;	0;	0;	0;	0;	0;	0;	0;	0;	0;	0;	0;	0;	0;	0;	0;	0;	0;	0;	0;	0;	0;	0;	0;	0;	0;	0;	0;	0;	0;	0;	0;	0;	0;	0;	0;	0;	0;	0;	0;	0;	0;	0;	0;	0;	0;	0;	0;	0;	0;	0;	0;	0;	0;	0
37;	16;	7;	1,03;	nan;	nan;	nan;	nan;	nan;	nan;	nan;	nan;	nan;	nan;	nan;	nan;	nan;	nan;	nan;	nan;	100,0;	93,72;	80,86;	70,27;	65,14;	59,66;	55,31;	55,14;	53,79;	49,75;	48,81;	44,58;	40,88;	40,0;	36,76;	35,73;	35,48;	34,48;	33,19;	32,45;	30,7;	30,31;	29,22;	29,21;	28,63;	26,34;	25,51;	25,41;	24,53;	24,36;	23,33;	22,21;	22,19;	21,21;	20,76;	19,82;	19,58;	19,31;	17,95;	17,16;	16,58;	14,98;	14,69;	14,12;	12,84;	11,75;	11,15;	11,11;	10,99;	10,66;	10,07;	9,63;	8,6;	8,54;	8,39;	7,9;	7,48;	7,38;	7,36;	6,35;	5,54;	4,88;	3,94;	3,57;	3,52;	3,2;	2,8;	2,75;	2,24;	1,92;	1,85;	1,7;	1,14;	0,82;	0,59;	0,37;	0,0;	0,0;	0,0;	0,0;	0,0;	0,0;	0,0;	0,0;	0,0
38;	-19;	7;	1,03;	12,7;	10,85;	9,6;	7,65;	5,71;	4,22;	4,14;	3,36;	1,39;	0;	0;	0;	0;	0;	0;	0;	0;	0;	0;	0;	0;	0;	0;	0;	0;	0;	0;	0;	0;	0;	0;	0;	0;	0;	0;	0;	0;	0;	0;	0;	0;	0;	0;	0;	0;	0;	0;	0;	0;	0;	0;	0;	0;	0;	0;	0;	0;	0;	0;	0;	0;	0;	0;	0;	0;	0;	0;	0;	0;	0;	0;	0;	0;	0;	0;	0;	0;	0;	0;	0;	0;	0;	0;	0;	0;	0;	0;	0;	0;	0;	0;	0;	0;	0;	0;	0;	0;	0;	0;	0;	0
39;	-11;	7;	1,01;	34,41;	28,36;	26,54;	26,53;	26,15;	22,2;	19,98;	18,24;	17,41;	17,06;	15,73;	15,15;	15,02;	14,73;	14,68;	14,02;	12,65;	12,63;	12,01;	11,0;	9,87;	9,81;	9,68;	8,09;	8,05;	7,85;	6,42;	6,24;	5,78;	5,1;	4,78;	4,71;	4,23;	4,17;	3,55;	3,09;	2,91;	2,24;	2,17;	1,72;	0,79;	0,62;	0,05;	0,0;	0;	0;	0;	0;	0;	0;	0;	0;	0;	0;	0;	0;	0;	0;	0;	0;	0;	0;	0;	0;	0;	0;	0;	0;	0;	0;	0;	0;	0;	0;	0;	0;	0;	0;	0;	0;	0;	0;	0;	0;	0;	0;	0;	0;	0;	0;	0;	0;	0;	0;	0;	0;	0;	0;	0;	0;	0
40;	0;	7;	0,95;	100,0;	82,26;	81,84;	79,64;	77,96;	73,78;	71,12;	70,03;	68,76;	65,65;	61,84;	57,41;	56,78;	53,03;	52,03;	51,25;	49,04;	46,98;	43,95;	43,65;	42,14;	41,84;	39,63;	38,55;	36,97;	36,13;	35,6;	34,5;	34,09;	32,3;	31,78;	31,15;	30,67;	30,54;	30,36;	30,25;	29,96;	29,77;	29,56;	29,16;	28,19;	28,03;	27,27;	26,59;	25,93;	25,7;	25,47;	24,71;	24,35;	24,21;	24,12;	23,48;	23,16;	22,38;	21,94;	21,24;	20,87;	20,83;	20,59;	20,44;	20,39;	20,3;	19,76;	19,33;	19,06;	19,06;	18,58;	18,44;	18,2;	18,15;	18,14;	17,51;	17,45;	16,86;	16,58;	16,37;	15,71;	15,52;	15,52;	15,0;	14,78;	14,1;	13,8;	13,65;	13,61;	13,09;	12,75;	12,66;	12,56;	12,5;	12,14;	11,82;	11,44;	10,94;	10,33;	10,02;	9,73;	9,29;	9,18;	8,63;	8,57
41;	-2;	7;	0,97;	59,9;	54,75;	49,01;	43,58;	41,62;	36,15;	35,13;	31,14;	28,62;	25,64;	25,44;	24,95;	22,75;	21,45;	20,41;	19,85;	16,31;	15,95;	15,68;	15,46;	15,3;	14,97;	14,19;	13,39;	12,59;	11,57;	10,64;	9,65;	9,38;	9,25;	9,2;	8,62;	8,13;	7,38;	7,3;	6,81;	6,33;	6,12;	5,21;	4,98;	4,57;	4,57;	3,9;	3,74;	3,37;	2,24;	1,91;	1,87;	1,56;	0,97;	0,82;	0,59;	0;	0;	0;	0;	0;	0;	0;	0;	0;	0;	0;	0;	0;	0;	0;	0;	0;	0;	0;	0;	0;	0;	0;	0;	0;	0;	0;	0;	0;	0;	0;	0;	0;	0;	0;	0;	0;	0;	0;	0;	0;	0;	0;	0;	0;	0;	0;	0;	0
42;	12;	7;	0,99;	nan;	nan;	nan;	nan;	nan;	nan;	nan;	nan;	nan;	nan;	nan;	nan;	100,0;	83,78;	68,34;	63,04;	58,59;	53,98;	51,46;	51,24;	46,55;	39,9;	38,17;	36,17;	32,94;	26,78;	25,78;	22,6;	22,42;	21,54;	20,14;	16,38;	14,21;	13,42;	12,88;	12,39;	11,03;	10,44;	9,95;	9,89;	8,95;	8,88;	7,52;	7,27;	6,52;	5,83;	4,93;	4,5;	4,09;	3,94;	3,3;	2,85;	2,78;	2,21;	1,94;	1,66;	1,51;	1,13;	0,73;	0,52;	0,33;	0,0;	0,0;	0,0;	0,0;	0,0;	0,0;	0,0;	0,0;	0,0;	0,0;	0,0;	0,0;	0,0;	0,0;	0,0;	0,0;	0,0;	0,0;	0,0;	0,0;	0,0;	0,0;	0,0;	0,0;	0,0;	0,0;	0,0;	0,0;	0,0;	0,0;	0,0;	0,0;	0,0;	0,0;	0,0;	0,0;	0,0;	0,0;	0,0;	0,0
43;	-1;	7;	1,02;	97,42;	96,83;	95,24;	92,97;	85,31;	75,61;	75,45;	73,07;	70,7;	66,5;	61,12;	57,49;	55,57;	54,59;	51,84;	50,27;	48,44;	47,33;	46,93;	44,92;	44,43;	43,67;	43,31;	43,17;	42,96;	41,66;	41,27;	39,36;	39,06;	38,75;	36,6;	35,97;	35,87;	33,44;	32,27;	31,56;	30,66;	30,4;	29,25;	28,94;	28,57;	28,33;	27,09;	26,69;	26,63;	25,97;	25,68;	25,04;	24,98;	24,52;	24,19;	23,88;	23,47;	22,46;	21,77;	21,54;	20,84;	20,58;	19,92;	19,81;	19,8;	19,24;	19,23;	19,15;	18,43;	18,25;	17,45;	17,36;	17,21;	17,01;	16,86;	16,27;	15,81;	15,4;	15,34;	15,23;	14,92;	14,91;	14,86;	14,55;	14,5;	14,43;	14,15;	14,05;	13,71;	13,58;	13,22;	12,77;	12,48;	12,22;	11,97;	11,8;	11,29;	11,24;	10,98;	10,77;	10,57;	10,45;	10,31;	10,26;	9,89
44;	-12;	7;	1,03;	18,6;	16,72;	15,75;	15,09;	15,08;	14,91;	14,54;	11,69;	11,38;	11,04;	9,69;	9,45;	7,89;	7,27;	7,18;	6,81;	6,68;	5,95;	5,62;	5,18;	4,74;	2,93;	1,82;	0,58;	0,22;	0;	0;	0;	0;	0;	0;	0;	0;	0;	0;	0;	0;	0;	0;	0;	0;	0;	0;	0;	0;	0;	0;	0;	0;	0;	0;	0;	0;	0;	0;	0;	0;	0;	0;	0;	0;	0;	0;	0;	0;	0;	0;	0;	0;	0;	0;	0;	0;	0;	0;	0;	0;	0;	0;	0;	0;	0;	0;	0;	0;	0;	0;	0;	0;	0;	0;	0;	0;	0;	0;	0;	0;	0;	0;	0;	0
45;	-7;	7;	1,01;	48,37;	47,35;	41,31;	41,16;	35,57;	32,62;	31,48;	30,94;	28,26;	27,99;	27,56;	27,39;	27,23;	25,81;	23,19;	21,31;	20,78;	20,61;	19,34;	19,22;	18,97;	18,73;	18,06;	17,26;	17,07;	16,9;	15,44;	13,71;	12,92;	12,32;	12,07;	12,0;	11,95;	11,86;	11,32;	10,93;	10,28;	9,89;	9,79;	9,68;	8,45;	8,22;	8,11;	7,95;	6,9;	6,87;	6,7;	6,26;	6,05;	5,99;	5,99;	5,41;	5,13;	4,88;	4,7;	4,1;	3,48;	3,19;	3,08;	2,93;	2,61;	2,23;	2,13;	2,02;	1,91;	1,47;	0,93;	0,76;	0,66;	0,38;	0,1;	0;	0;	0;	0;	0;	0;	0;	0;	0;	0;	0;	0;	0;	0;	0;	0;	0;	0;	0;	0;	0;	0;	0;	0;	0;	0;	0;	0;	0;	0
46;	13;	7;	0,98;	nan;	nan;	nan;	nan;	nan;	nan;	nan;	nan;	nan;	nan;	nan;	nan;	nan;	100,0;	91,97;	80,58;	68,27;	63,01;	62,97;	61,1;	58,63;	52,46;	48,17;	45,15;	42,14;	40,83;	38,16;	35,24;	31,75;	29,1;	28,14;	27,12;	26,25;	25,52;	23,83;	21,57;	20,32;	19,48;	19,38;	17,61;	15,66;	15,18;	14,71;	14,3;	13,09;	12,79;	12,02;	11,71;	11,35;	10,11;	9,79;	9,41;	8,11;	7,9;	6,94;	6,37;	6,02;	5,62;	5,01;	4,85;	4,61;	4,1;	4,05;	3,97;	3,91;	3,63;	3,16;	2,83;	2,7;	2,19;	1,82;	1,68;	1,64;	1,34;	0,72;	0,05;	0,0;	0,0;	0,0;	0,0;	0,0;	0,0;	0,0;	0,0;	0,0;	0,0;	0,0;	0,0;	0,0;	0,0;	0,0;	0,0;	0,0;	0,0;	0,0;	0,0;	0,0;	0,0;	0,0;	0,0;	0,0
47;	-17;	7;	1,0;	5,92;	5,88;	4,1;	3,6;	1,62;	1,31;	1,31;	0;	0;	0;	0;	0;	0;	0;	0;	0;	0;	0;	0;	0;	0;	0;	0;	0;	0;	0;	0;	0;	0;	0;	0;	0;	0;	0;	0;	0;	0;	0;	0;	0;	0;	0;	0;	0;	0;	0;	0;	0;	0;	0;	0;	0;	0;	0;	0;	0;	0;	0;	0;	0;	0;	0;	0;	0;	0;	0;	0;	0;	0;	0;	0;	0;	0;	0;	0;	0;	0;	0;	0;	0;	0;	0;	0;	0;	0;	0;	0;	0;	0;	0;	0;	0;	0;	0;	0;	0;	0;	0;	0;	0;	0
48;	-7;	7;	1,04;	0;	0;	0;	0;	0;	0;	0;	0;	0;	0;	0;	0;	0;	0;	0;	0;	0;	0;	0;	0;	0;	0;	0;	0;	0;	0;	0;	0;	0;	0;	0;	0;	0;	0;	0;	0;	0;	0;	0;	0;	0;	0;	0;	0;	0;	0;	0;	0;	0;	0;	0;	0;	0;	0;	0;	0;	0;	0;	0;	0;	0;	0;	0;	0;	0;	0;	0;	0;	0;	0;	0;	0;	0;	0;	0;	0;	0;	0;	0;	0;	0;	0;	0;	0;	0;	0;	0;	0;	0;	0;	0;	0;	0;	0;	0;	0;	0;	0;	0;	0;	0
49;	13;	7;	0,99;	nan;	nan;	nan;	nan;	nan;	nan;	nan;	nan;	nan;	nan;	nan;	nan;	nan;	100,0;	59,95;	55,67;	52,67;	43,59;	41,54;	38,36;	34,55;	33,82;	27,2;	25,99;	23,07;	21,57;	19,73;	15,73;	15,18;	14,84;	13,23;	13,1;	11,0;	9,56;	9,52;	8,43;	7,8;	7,04;	5,29;	4,52;	4,36;	3,59;	3,51;	2,89;	2,24;	1,85;	1,78;	1,55;	0,32;	0,0;	0,0;	0,0;	0,0;	0,0;	0,0;	0,0;	0,0;	0,0;	0,0;	0,0;	0,0;	0,0;	0,0;	0,0;	0,0;	0,0;	0,0;	0,0;	0,0;	0,0;	0,0;	0,0;	0,0;	0,0;	0,0;	0,0;	0,0;	0,0;	0,0;	0,0;	0,0;	0,0;	0,0;	0,0;	0,0;	0,0;	0,0;	0,0;	0,0;	0,0;	0,0;	0,0;	0,0;	0,0;	0,0;	0,0;	0,0;	0,0;	0,0;	0,0;	0,0
