0;	-5;	7;	0,99;	53,07;	52,6;	51,77;	51,6;	48,84;	43,23;	39,1;	35,71;	34,44;	32,22;	32,07;	29,3;	28,63;	28,03;	25,38;	24,15;	23,75;	23,5;	22,51;	22,34;	21,35;	20,49;	19,32;	18,38;	17,2;	16,69;	14,37;	12,3;	11,58;	10,91;	10,2;	9,16;	7,69;	6,0;	5,66;	5,08;	4,49;	3,65;	2,86;	2,79;	1,62;	1,48;	1,42;	0,75;	0;	0;	0;	0;	0;	0;	0;	0;	0;	0;	0;	0;	0;	0;	0;	0;	0;	0;	0;	0;	0;	0;	0;	0;	0;	0;	0;	0;	0;	0;	0;	0;	0;	0;	0;	0;	0;	0;	0;	0;	0;	0;	0;	0;	0;	0;	0;	0;	0;	0;	0;	0;	0;	0;	0;	0;	0
1;	23;	7;	0,91;	nan;	nan;	nan;	nan;	nan;	nan;	nan;	nan;	nan;	nan;	nan;	nan;	nan;	nan;	nan;	nan;	nan;	nan;	nan;	nan;	nan;	nan;	nan;	100,0;	93,88;	92,95;	87,22;	86,97;	81,7;	80,61;	79,14;	78,72;	75,46;	74,22;	73,04;	72,19;	70,92;	70,19;	69,66;	69,51;	67,96;	67,95;	65,59;	64,49;	64,24;	63,61;	62,26;	60,46;	60,03;	58,76;	58,69;	57,46;	56,99;	56,18;	55,62;	55,16;	55,02;	54,15;	53,11;	52,14;	50,93;	50,76;	50,56;	49,96;	49,9;	48,7;	47,73;	46,39;	46,27;	45,52;	44,84;	44,74;	44,17;	44,02;	43,71;	43,56;	43,0;	42,9;	42,69;	42,21;	42,02;	41,45;	41,22;	40,88;	40,74;	40,12;	39,96;	39,79;	39,16;	38,87;	38,6;	38,26;	37,71;	37,37;	36,87;	36,82;	36,31;	36,12;	35,68;	35,64;	35,34
2;	0;	7;	1,11;	100,0;	69,66;	67,07;	55,1;	45,61;	41,39;	34,12;	31,23;	25,14;	22,86;	20,79;	18,39;	16,98;	15,86;	14,0;	10,34;	10,24;	8,6;	7,45;	6,65;	5,46;	4,3;	1,64;	0;	0;	0;	0;	0;	0;	0;	0;	0;	0;	0;	0;	0;	0;	0;	0;	0;	0;	0;	0;	0;	0;	0;	0;	0;	0;	0;	0;	0;	0;	0;	0;	0;	0;	0;	0;	0;	0;	0;	0;	0;	0;	0;	0;	0;	0;	0;	0;	0;	0;	0;	0;	0;	0;	0;	0;	0;	0;	0;	0;	0;	0;	0;	0;	0;	0;	0;	0;	0;	0;	0;	0;	0;	0;	0;	0;	0;	0
3;	5;	7;	0,89;	nan;	nan;	nan;	nan;	nan;	100,0;	69,37;	42,87;	33,27;	31,46;	30,09;	27,74;	23,95;	19,81;	16,0;	15,27;	12,93;	11,32;	10,48;	9,73;	8,48;	7,6;	7,25;	6,32;	4,72;	4,65;	3,27;	2,33;	1,66;	1,17;	0,86;	0,66;	0,0;	0,0;	0,0;	0,0;	0,0;	0,0;	0,0;	0,0;	0,0;	0,0;	0,0;	0,0;	0,0;	0,0;	0,0;	0,0;	0,0;	0,0;	0,0;	0,0;	0,0;	0,0;	0,0;	0,0;	0,0;	0,0;	0,0;	0,0;	0,0;	0,0;	0,0;	0,0;	0,0;	0,0;	0,0;	0,0;	0,0;	0,0;	0,0;	0,0;	0,0;	0,0;	0,0;	0,0;	0,0;	0,0;	0,0;	0,0;	0,0;	0,0;	0,0;	0,0;	0,0;	0,0;	0,0;	0,0;	0,0;	0,0;	0,0;	0,0;	0,0;	0,0;	0,0;	0,0;	0,0;	0,0;	0,0;	0,0;	0,0
4;	0;	7;	0,88;	100,0;	71,39;	53,99;	51,55;	49,88;	42,3;	40,43;	39,51;	36,38;	33,58;	33,06;	27,6;	27,51;	26,63;	24,55;	23,32;	21,82;	20,93;	20,71;	19,96;	18,98;	17,77;	17,45;	16,44;	16,4;	15,89;	15,18;	14,1;	13,98;	12,15;	11,54;	9,55;	9,06;	7,85;	7,44;	7,02;	6,96;	6,5;	5,96;	5,9;	4,69;	4,06;	3,47;	2,85;	2,77;	2,05;	1,76;	1,0;	0,93;	0,59;	0,44;	0,43;	0,31;	0,06;	0;	0;	0;	0;	0;	0;	0;	0;	0;	0;	0;	0;	0;	0;	0;	0;	0;	0;	0;	0;	0;	0;	0;	0;	0;	0;	0;	0;	0;	0;	0;	0;	0;	0;	0;	0;	0;	0;	0;	0;	0;	0;	0;	0;	0;	0;	0
5;	-25;	7;	0,98;	8,31;	7,24;	5,14;	3,81;	3,17;	2,03;	1,48;	0,63;	0;	0;	0;	0;	0;	0;	0;	0;	0;	0;	0;	0;	0;	0;	0;	0;	0;	0;	0;	0;	0;	0;	0;	0;	0;	0;	0;	0;	0;	0;	0;	0;	0;	0;	0;	0;	0;	0;	0;	0;	0;	0;	0;	0;	0;	0;	0;	0;	0;	0;	0;	0;	0;	0;	0;	0;	0;	0;	0;	0;	0;	0;	0;	0;	0;	0;	0;	0;	0;	0;	0;	0;	0;	0;	0;	0;	0;	0;	0;	0;	0;	0;	0;	0;	0;	0;	0;	0;	0;	0;	0;	0;	0
6;	-8;	7;	0,89;	46,0;	44,07;	41,8;	40,39;	39,4;	36,48;	35,98;	35,05;	33,48;	33,08;	31,41;	30,78;	29,78;	28,19;	26,91;	24,04;	22,69;	21,8;	20,29;	20,03;	19,26;	18,7;	17,32;	16,93;	16,09;	15,25;	13,87;	13,29;	12,63;	11,81;	11,31;	10,89;	10,36;	10,25;	10,24;	9,82;	9,82;	9,51;	9,31;	8,47;	8,14;	7,68;	7,22;	7,2;	6,97;	6,56;	6,56;	6,3;	5,88;	5,76;	5,76;	5,41;	4,96;	4,88;	4,18;	3,52;	3,29;	2,0;	1,57;	1,56;	1,4;	1,21;	0,88;	0,33;	0,12;	0;	0;	0;	0;	0;	0;	0;	0;	0;	0;	0;	0;	0;	0;	0;	0;	0;	0;	0;	0;	0;	0;	0;	0;	0;	0;	0;	0;	0;	0;	0;	0;	0;	0;	0;	0
7;	-11;	7;	0,93;	40,1;	37,57;	34,84;	34,58;	33,97;	31,24;	31,19;	30,11;	29,89;	28,42;	27,56;	26,68;	25,38;	24,02;	23,42;	22,09;	20,82;	20,11;	19,89;	19,76;	19,76;	18,69;	17,85;	17,29;	16,26;	16,03;	15,2;	13,02;	12,13;	12,01;	11,15;	10,33;	9,86;	9,03;	8,81;	8,78;	8,36;	7,03;	5,94;	5,66;	5,12;	4,7;	4,67;	4,55;	3,35;	3,2;	3,02;	2,86;	2,74;	2,68;	2,64;	2,32;	1,79;	0,86;	0;	0;	0;	0;	0;	0;	0;	0;	0;	0;	0;	0;	0;	0;	0;	0;	0;	0;	0;	0;	0;	0;	0;	0;	0;	0;	0;	0;	0;	0;	0;	0;	0;	0;	0;	0;	0;	0;	0;	0;	0;	0;	0;	0;	0;	0;	0
8;	8;	7;	1,02;	nan;	nan;	nan;	nan;	nan;	nan;	nan;	nan;	100,0;	89,64;	75,35;	59,23;	58,3;	56,16;	55,04;	51,52;	45,47;	43,07;	42,18;	41,62;	41,21;	40,21;	38,78;	37,62;	35,48;	35,09;	34,29;	34,24;	33,21;	31,55;	29,94;	28,15;	27,6;	26,9;	26,25;	24,64;	24,45;	24,06;	23,47;	23,22;	22,27;	21,76;	20,77;	20,04;	19,5;	19,45;	18,68;	18,27;	16,9;	16,5;	16,07;	15,42;	14,59;	13,36;	12,27;	12,0;	10,63;	10,08;	9,86;	9,8;	9,57;	8,61;	8,42;	7,73;	7,5;	7,36;	7,03;	6,7;	6,02;	5,35;	5,01;	4,8;	4,73;	4,25;	3,82;	3,36;	2,86;	2,1;	2,08;	1,88;	1,81;	1,57;	1,25;	1,22;	0,97;	0,68;	0,0;	0,0;	0,0;	0,0;	0,0;	0,0;	0,0;	0,0;	0,0;	0,0;	0,0;	0,0;	0,0;	0,0;	0,0
9;	-6;	7;	1,21;	37,83;	37,11;	33,44;	29,05;	27,24;	25,42;	19,38;	18,44;	17,74;	15,75;	14,93;	13,31;	13,25;	12,64;	11,82;	11,53;	10,63;	10,35;	7,53;	6,34;	5,0;	4,25;	3,09;	1,94;	0,37;	0;	0;	0;	0;	0;	0;	0;	0;	0;	0;	0;	0;	0;	0;	0;	0;	0;	0;	0;	0;	0;	0;	0;	0;	0;	0;	0;	0;	0;	0;	0;	0;	0;	0;	0;	0;	0;	0;	0;	0;	0;	0;	0;	0;	0;	0;	0;	0;	0;	0;	0;	0;	0;	0;	0;	0;	0;	0;	0;	0;	0;	0;	0;	0;	0;	0;	0;	0;	0;	0;	0;	0;	0;	0;	0;	0
10;	-10;	7;	0,98;	69,78;	67,56;	64,6;	64,3;	57,32;	55,63;	54,92;	53,77;	53,67;	51,89;	50,74;	49,75;	49,63;	49,21;	48,37;	48,14;	48,01;	46,97;	46,65;	46,28;	46,16;	45,75;	43,91;	43,66;	43,44;	43,16;	42,61;	41,71;	41,58;	40,47;	40,1;	39,7;	39,27;	39,04;	39,0;	38,66;	38,59;	38,03;	37,67;	37,64;	37,54;	37,29;	36,78;	36,51;	36,38;	36,25;	35,38;	35,03;	34,62;	34,45;	34,44;	34,27;	33,83;	33,12;	32,74;	32,48;	32,17;	31,32;	30,89;	30,49;	30,44;	30,37;	29,56;	29,5;	29,1;	29,07;	28,44;	28,16;	27,91;	27,79;	27,3;	26,74;	26,23;	26,06;	26,03;	25,71;	25,66;	25,62;	25,33;	25,05;	24,88;	24,86;	24,37;	24,01;	23,89;	23,68;	23,43;	23,34;	23,32;	23,23;	22,85;	22,61;	22,19;	21,9;	21,62;	21,37;	21,17;	20,83;	20,76;	20,72;	20,56
11;	-10;	7;	0,99;	71,14;	66,86;	65,29;	65,03;	63,66;	60,8;	58,1;	55,73;	55,08;	54,94;	53,05;	52,75;	52,55;	50,25;	49,73;	49,12;	47,72;	47,36;	46,23;	45,4;	44,21;	42,87;	42,09;	41,59;	40,91;	39,81;	39,12;	38,66;	38,37;	38,13;	37,32;	37,03;	35,91;	35,27;	34,19;	33,44;	32,75;	32,58;	31,73;	30,65;	30,1;	29,93;	29,32;	29,08;	28,08;	28,05;	28,04;	27,97;	27,56;	27,11;	26,41;	25,98;	25,75;	24,62;	24,12;	24,02;	23,98;	23,17;	23,01;	22,58;	22,48;	22,05;	22,01;	21,39;	21,29;	21,25;	20,92;	20,44;	20,24;	19,95;	19,78;	19,59;	19,39;	19,15;	19,09;	18,88;	18,81;	18,74;	18,43;	18,15;	18,15;	17,89;	17,48;	17,07;	16,73;	16,55;	16,53;	16,15;	16,09;	15,89;	15,71;	15,53;	15,33;	15,12;	15,09;	14,95;	14,71;	14,63;	14,39;	13,85;	13,68
12;	23;	7;	0,85;	nan;	nan;	nan;	nan;	nan;	nan;	nan;	nan;	nan;	nan;	nan;	nan;	nan;	nan;	nan;	nan;	nan;	nan;	nan;	nan;	nan;	nan;	nan;	100,0;	85,83;	74,13;	62,42;	58,96;	55,33;	52,17;	51,51;	50,1;	48,85;	47,39;	46,1;	43,88;	43,62;	40,8;	40,75;	38,51;	36,45;	35,73;	34,68;	33,38;	32,91;	32,75;	30,96;	30,7;	29,7;	29,46;	28,93;	28,78;	27,66;	25,91;	25,04;	24,39;	24,11;	23,18;	22,64;	22,39;	22,16;	22,04;	21,82;	21,41;	20,86;	20,61;	20,03;	19,97;	19,78;	19,38;	18,84;	18,81;	18,54;	17,95;	17,91;	17,76;	17,66;	17,4;	17,3;	17,01;	16,52;	15,96;	15,28;	14,93;	14,9;	14,59;	14,59;	14,53;	14,36;	13,32;	13,23;	13,03;	12,8;	12,16;	11,99;	11,47;	11,14;	11,07;	10,73;	10,49;	10,32
13;	15;	7;	0,88;	nan;	nan;	nan;	nan;	nan;	nan;	nan;	nan;	nan;	nan;	nan;	nan;	nan;	nan;	nan;	100,0;	95,87;	84,61;	79,7;	79,12;	78,83;	77,06;	75,16;	73,31;	69,96;	68,3;	64,32;	64,25;	62,99;	62,35;	60,43;	59,15;	58,09;	58,0;	55,71;	54,59;	54,22;	51,53;	51,09;	51,04;	50,07;	49,5;	49,46;	48,79;	48,51;	47,95;	46,88;	46,53;	46,51;	45,8;	45,76;	45,69;	45,3;	45,11;	45,0;	44,92;	44,39;	43,84;	43,64;	43,5;	43,16;	42,47;	42,29;	42,2;	42,07;	41,03;	40,95;	40,92;	40,33;	39,94;	39,6;	39,23;	38,84;	38,61;	38,56;	37,91;	37,53;	37,14;	36,9;	36,76;	36,71;	36,49;	36,38;	35,91;	35,66;	35,59;	35,3;	35,22;	34,86;	34,72;	34,53;	34,44;	34,22;	34,11;	33,75;	33,61;	33,54;	33,37;	33,19;	32,72;	32,46
14;	7;	7;	0,88;	nan;	nan;	nan;	nan;	nan;	nan;	nan;	100,0;	87,69;	80,66;	75,07;	74,88;	74,81;	74,24;	72,34;	70,71;	68,15;	65,42;	64,7;	64,02;	63,23;	61,71;	60,64;	60,47;	59,71;	56,27;	55,82;	54,17;	51,49;	50,8;	50,46;	50,15;	48,76;	47,07;	45,8;	45,24;	45,04;	44,96;	44,53;	43,94;	41,66;	40,52;	40,18;	38,8;	38,61;	37,58;	36,86;	36,79;	36,0;	35,93;	35,38;	34,99;	34,91;	34,87;	34,12;	33,72;	33,51;	33,01;	32,73;	32,36;	32,08;	31,78;	31,58;	30,91;	30,45;	29,46;	29,14;	28,13;	28,09;	27,89;	27,44;	27,36;	26,9;	26,67;	26,4;	25,99;	25,86;	25,66;	25,46;	25,24;	25,01;	24,62;	24,37;	24,29;	23,91;	23,59;	22,98;	22,78;	22,59;	22,52;	22,2;	22,08;	21,7;	21,49;	21,41;	21,2;	20,92;	20,7;	20,33;	20,32;	19,91
15;	-2;	7;	1,01;	75,25;	74,08;	64,74;	58,32;	54,09;	52,43;	46,65;	42,83;	40,98;	38,48;	37,12;	36,14;	35,24;	35,09;	33,19;	32,75;	31,05;	30,33;	29,59;	29,2;	29,01;	26,0;	25,61;	23,78;	23,73;	23,65;	23,54;	22,15;	21,03;	19,55;	18,53;	18,17;	17,77;	17,4;	17,02;	14,94;	14,59;	13,29;	13,24;	12,74;	12,38;	12,36;	12,21;	11,28;	11,01;	11,01;	11,0;	10,63;	10,44;	10,16;	9,79;	9,27;	9,04;	8,66;	8,41;	8,27;	8,22;	7,97;	7,94;	7,43;	7,21;	6,62;	5,64;	5,44;	4,86;	4,1;	3,64;	3,54;	3,07;	2,72;	2,61;	2,17;	2,12;	1,6;	1,3;	0,99;	0,73;	0,5;	0,5;	0,12;	0,09;	0;	0;	0;	0;	0;	0;	0;	0;	0;	0;	0;	0;	0;	0;	0;	0;	0;	0;	0;	0
16;	0;	7;	1,01;	100,0;	70,74;	61,84;	57,56;	55,81;	54,36;	49,04;	46,93;	44,37;	36,6;	33,35;	31,01;	29,98;	29,56;	28,73;	27,55;	26,42;	25,48;	25,04;	22,54;	22,52;	21,91;	21,01;	19,47;	18,5;	18,26;	17,63;	17,42;	16,37;	15,76;	14,65;	13,88;	13,57;	12,98;	11,2;	10,44;	10,18;	9,45;	9,34;	8,01;	6,96;	6,7;	6,28;	5,65;	5,24;	5,02;	4,49;	4,16;	4,15;	3,75;	3,34;	3,33;	2,95;	2,79;	2,1;	1,59;	0,48;	0,41;	0,23;	0;	0;	0;	0;	0;	0;	0;	0;	0;	0;	0;	0;	0;	0;	0;	0;	0;	0;	0;	0;	0;	0;	0;	0;	0;	0;	0;	0;	0;	0;	0;	0;	0;	0;	0;	0;	0;	0;	0;	0;	0;	0
17;	14;	7;	1,1;	nan;	nan;	nan;	nan;	nan;	nan;	nan;	nan;	nan;	nan;	nan;	nan;	nan;	nan;	100,0;	67,35;	61,62;	53,73;	52,54;	48,28;	39,58;	35,24;	31,56;	27,84;	24,2;	23,44;	22,31;	22,07;	18,6;	18,12;	16,64;	15,91;	14,31;	13,26;	12,45;	12,15;	11,03;	8,9;	8,34;	6,71;	5,34;	3,86;	3,83;	2,86;	2,42;	2,08;	1,31;	0,0;	0,0;	0,0;	0,0;	0,0;	0,0;	0,0;	0,0;	0,0;	0,0;	0,0;	0,0;	0,0;	0,0;	0,0;	0,0;	0,0;	0,0;	0,0;	0,0;	0,0;	0,0;	0,0;	0,0;	0,0;	0,0;	0,0;	0,0;	0,0;	0,0;	0,0;	0,0;	0,0;	0,0;	0,0;	0,0;	0,0;	0,0;	0,0;	0,0;	0,0;	0,0;	0,0;	0,0;	0,0;	0,0;	0,0;	0,0;	0,0;	0,0;	0,0;	0,0;	0,0;	0,0
18;	14;	7;	1,11;	nan;	nan;	nan;	nan;	nan;	nan;	nan;	nan;	nan;	nan;	nan;	nan;	nan;	nan;	100,0;	58,68;	56,31;	49,84;	45,51;	39,42;	34,1;	26,28;	26,16;	23,8;	19,12;	13,04;	9,26;	8,28;	7,66;	5,18;	4,35;	4,13;	2,88;	2,8;	2,66;	1,04;	0,89;	0,28;	0,0;	0,0;	0,0;	0,0;	0,0;	0,0;	0,0;	0,0;	0,0;	0,0;	0,0;	0,0;	0,0;	0,0;	0,0;	0,0;	0,0;	0,0;	0,0;	0,0;	0,0;	0,0;	0,0;	0,0;	0,0;	0,0;	0,0;	0,0;	0,0;	0,0;	0,0;	0,0;	0,0;	0,0;	0,0;	0,0;	0,0;	0,0;	0,0;	0,0;	0,0;	0,0;	0,0;	0,0;	0,0;	0,0;	0,0;	0,0;	0,0;	0,0;	0,0;	0,0;	0,0;	0,0;	0,0;	0,0;	0,0;	0,0;	0,0;	0,0;	0,0;	0,0;	0,0
19;	-11;	7;	0,99;	51,46;	47,63;	46,04;	45,86;	45,79;	45,2;	43,18;	43,18;	42,42;	41,48;	39,74;	39,73;	39,15;	39,02;	38,03;	36,73;	36,41;	35,07;	33,04;	33,04;	32,74;	32,71;	32,32;	31,59;	30,68;	30,34;	29,85;	29,27;	29,12;	28,49;	28,08;	27,28;	27,02;	26,65;	26,17;	25,68;	25,57;	25,46;	24,66;	24,58;	24,52;	24,41;	23,52;	22,88;	21,83;	21,59;	21,11;	20,96;	20,77;	20,24;	19,94;	19,77;	19,68;	19,25;	18,81;	18,81;	18,43;	18,41;	17,99;	17,78;	17,69;	17,4;	17,13;	16,59;	16,44;	16,33;	16,27;	15,82;	15,26;	14,74;	14,26;	13,73;	13,46;	12,91;	12,73;	12,6;	12,23;	12,08;	11,72;	11,72;	11,58;	11,05;	11,02;	10,75;	10,3;	9,77;	9,21;	8,91;	8,66;	8,53;	8,34;	8,09;	7,97;	7,84;	7,71;	7,66;	7,61;	7,46;	7,31;	7,21;	7,03
20;	-4;	7;	1,1;	69,65;	68,36;	68,34;	55,35;	55,22;	50,82;	46,59;	44,2;	41,27;	39,2;	39,17;	36,08;	36,02;	35,21;	32,55;	31,45;	29,86;	29,37;	28,19;	26,8;	25,89;	25,42;	25,24;	24,48;	22,29;	22,12;	21,09;	20,91;	20,43;	20,15;	18,93;	18,53;	16,65;	15,05;	15,04;	14,43;	13,66;	13,24;	13,12;	12,35;	12,23;	12,14;	11,99;	10,74;	10,29;	9,96;	9,96;	9,86;	9,84;	9,06;	8,96;	8,45;	7,99;	7,95;	7,62;	6,91;	6,32;	6,12;	5,74;	5,4;	5,09;	4,68;	4,16;	3,79;	3,57;	3,46;	3,32;	1,97;	1,82;	1,27;	1,0;	0,52;	0,45;	0,11;	0;	0;	0;	0;	0;	0;	0;	0;	0;	0;	0;	0;	0;	0;	0;	0;	0;	0;	0;	0;	0;	0;	0;	0;	0;	0;	0
21;	9;	7;	0,96;	nan;	nan;	nan;	nan;	nan;	nan;	nan;	nan;	nan;	100,0;	73,96;	53,51;	51,95;	42,33;	42,26;	37,3;	34,1;	27,63;	23,37;	19,6;	19,5;	16,68;	16,58;	15,18;	14,62;	12,17;	10,39;	9,29;	7,16;	4,89;	2,86;	2,02;	0,74;	0,18;	0,0;	0,0;	0,0;	0,0;	0,0;	0,0;	0,0;	0,0;	0,0;	0,0;	0,0;	0,0;	0,0;	0,0;	0,0;	0,0;	0,0;	0,0;	0,0;	0,0;	0,0;	0,0;	0,0;	0,0;	0,0;	0,0;	0,0;	0,0;	0,0;	0,0;	0,0;	0,0;	0,0;	0,0;	0,0;	0,0;	0,0;	0,0;	0,0;	0,0;	0,0;	0,0;	0,0;	0,0;	0,0;	0,0;	0,0;	0,0;	0,0;	0,0;	0,0;	0,0;	0,0;	0,0;	0,0;	0,0;	0,0;	0,0;	0,0;	0,0;	0,0;	0,0;	0,0;	0,0;	0,0;	0,0;	0,0
22;	0;	7;	1,0;	100,0;	44,01;	27,69;	16,09;	13,86;	11,12;	9,3;	7,76;	5,04;	3,54;	0,14;	0;	0;	0;	0;	0;	0;	0;	0;	0;	0;	0;	0;	0;	0;	0;	0;	0;	0;	0;	0;	0;	0;	0;	0;	0;	0;	0;	0;	0;	0;	0;	0;	0;	0;	0;	0;	0;	0;	0;	0;	0;	0;	0;	0;	0;	0;	0;	0;	0;	0;	0;	0;	0;	0;	0;	0;	0;	0;	0;	0;	0;	0;	0;	0;	0;	0;	0;	0;	0;	0;	0;	0;	0;	0;	0;	0;	0;	0;	0;	0;	0;	0;	0;	0;	0;	0;	0;	0;	0;	0
23;	0;	7;	0,97;	100,0;	64,05;	53,54;	29,46;	26,94;	25,57;	25,3;	24,88;	19,67;	16,95;	16,63;	13,66;	10,43;	7,04;	6,54;	4,4;	4,19;	2,13;	2,04;	1,46;	0;	0;	0;	0;	0;	0;	0;	0;	0;	0;	0;	0;	0;	0;	0;	0;	0;	0;	0;	0;	0;	0;	0;	0;	0;	0;	0;	0;	0;	0;	0;	0;	0;	0;	0;	0;	0;	0;	0;	0;	0;	0;	0;	0;	0;	0;	0;	0;	0;	0;	0;	0;	0;	0;	0;	0;	0;	0;	0;	0;	0;	0;	0;	0;	0;	0;	0;	0;	0;	0;	0;	0;	0;	0;	0;	0;	0;	0;	0;	0;	0
24;	-2;	7;	1,11;	54,0;	38,05;	27,62;	26,78;	21,73;	20,35;	18,65;	12,75;	12,19;	9,01;	7,12;	6,29;	5,2;	2,85;	0,75;	0;	0;	0;	0;	0;	0;	0;	0;	0;	0;	0;	0;	0;	0;	0;	0;	0;	0;	0;	0;	0;	0;	0;	0;	0;	0;	0;	0;	0;	0;	0;	0;	0;	0;	0;	0;	0;	0;	0;	0;	0;	0;	0;	0;	0;	0;	0;	0;	0;	0;	0;	0;	0;	0;	0;	0;	0;	0;	0;	0;	0;	0;	0;	0;	0;	0;	0;	0;	0;	0;	0;	0;	0;	0;	0;	0;	0;	0;	0;	0;	0;	0;	0;	0;	0;	0
