0;	-1;	6;	0,9;	99,89;	99,85;	98,66;	98,47;	97,47;	97,47;	96,53;	95,42;	91,56;	91,41;	91,04;	88,85;	87,49;	86,76;	85,73;	83,85;	83,28;	82,56;	80,37;	78,78;	77,03;	75,67;	74,85;	74,0;	65,88;	63,88;	63,07;	60,7;	55,79;	53,49;	52,46;	51,34;	49,38;	47,22;	47,12;	46,88;	44,4;	44,13;	40,98;	37,31;	36,19;	33,1;	31,79;	27,65;	23,58;	19,5;	12,71;	11,04;	10,44;	6,04;	6,01;	1,77;	0;	0;	0;	0;	0;	0;	0;	0;	0;	0;	0;	0;	0;	0;	0;	0;	0;	0;	0;	0;	0;	0;	0;	0;	0;	0;	0;	0;	0;	0;	0;	0;	0;	0;	0;	0;	0;	0;	0;	0;	0;	0;	0;	0;	0;	0;	0;	0;	0
1;	-6;	6;	1,11;	91,85;	89,55;	88,45;	87,71;	87,58;	82,98;	81,99;	80,68;	80,5;	77,94;	74,22;	72,42;	70,01;	69,94;	69,48;	63,85;	61,62;	58,75;	56,37;	49,92;	49,21;	44,08;	40,9;	34,29;	31,74;	23,65;	21,24;	15,42;	14,06;	9,38;	8,88;	0,53;	0;	0;	0;	0;	0;	0;	0;	0;	0;	0;	0;	0;	0;	0;	0;	0;	0;	0;	0;	0;	0;	0;	0;	0;	0;	0;	0;	0;	0;	0;	0;	0;	0;	0;	0;	0;	0;	0;	0;	0;	0;	0;	0;	0;	0;	0;	0;	0;	0;	0;	0;	0;	0;	0;	0;	0;	0;	0;	0;	0;	0;	0;	0;	0;	0;	0;	0;	0;	0
2;	0;	6;	0,75;	100,0;	99,72;	99,48;	99,34;	98,39;	97,97;	97,36;	97,24;	96,39;	95,75;	95,62;	94,38;	91,93;	89,96;	89,44;	87,33;	85,5;	83,0;	80,74;	80,6;	78,51;	76,27;	75,81;	74,91;	74,78;	72,63;	71,91;	69,86;	68,12;	67,76;	65,3;	62,45;	61,02;	60,61;	59,7;	59,33;	57,03;	55,8;	50,89;	48,88;	48,66;	48,16;	46,17;	45,59;	43,43;	43,05;	35,54;	32,89;	28,89;	27,19;	24,94;	22,53;	20,82;	13,35;	13,28;	9,69;	2,98;	0;	0;	0;	0;	0;	0;	0;	0;	0;	0;	0;	0;	0;	0;	0;	0;	0;	0;	0;	0;	0;	0;	0;	0;	0;	0;	0;	0;	0;	0;	0;	0;	0;	0;	0;	0;	0;	0;	0;	0;	0;	0;	0;	0
3;	-30;	6;	0,84;	45,4;	42,15;	41,16;	39,9;	38,17;	34,99;	34,06;	31,89;	30,36;	28,86;	28,3;	26,97;	16,67;	15,6;	11,27;	9,43;	9,28;	6,62;	3,19;	2,31;	1,46;	0;	0;	0;	0;	0;	0;	0;	0;	0;	0;	0;	0;	0;	0;	0;	0;	0;	0;	0;	0;	0;	0;	0;	0;	0;	0;	0;	0;	0;	0;	0;	0;	0;	0;	0;	0;	0;	0;	0;	0;	0;	0;	0;	0;	0;	0;	0;	0;	0;	0;	0;	0;	0;	0;	0;	0;	0;	0;	0;	0;	0;	0;	0;	0;	0;	0;	0;	0;	0;	0;	0;	0;	0;	0;	0;	0;	0;	0;	0;	0
4;	7;	6;	1,04;	nan;	nan;	nan;	nan;	nan;	nan;	nan;	100,0;	99,72;	99,31;	99,08;	97,95;	97,56;	95,48;	93,34;	92,62;	90,91;	88,44;	83,36;	81,9;	77,96;	75,07;	72,33;	71,42;	69,71;	68,13;	64,82;	59,75;	57,87;	54,77;	51,5;	45,98;	43,59;	39,07;	31,29;	29,63;	28,44;	26,65;	17,26;	17,25;	13,16;	9,01;	2,33;	2,08;	0,0;	0,0;	0,0;	0,0;	0,0;	0,0;	0,0;	0,0;	0,0;	0,0;	0,0;	0,0;	0,0;	0,0;	0,0;	0,0;	0,0;	0,0;	0,0;	0,0;	0,0;	0,0;	0,0;	0,0;	0,0;	0,0;	0,0;	0,0;	0,0;	0,0;	0,0;	0,0;	0,0;	0,0;	0,0;	0,0;	0,0;	0,0;	0,0;	0,0;	0,0;	0,0;	0,0;	0,0;	0,0;	0,0;	0,0;	0,0;	0,0;	0,0;	0,0;	0,0;	0,0;	0,0;	0,0;	0,0;	0,0
5;	0;	6;	1,39;	100,0;	99,93;	99,43;	99,43;	99,21;	97,7;	95,7;	91,83;	88,56;	87,67;	85,74;	83,84;	78,88;	77,95;	73,16;	68,41;	67,85;	65,63;	63,88;	59,95;	58,25;	56,77;	55,21;	52,09;	48,38;	48,2;	38,16;	34,71;	28,21;	27,41;	19,45;	14,75;	6,09;	0;	0;	0;	0;	0;	0;	0;	0;	0;	0;	0;	0;	0;	0;	0;	0;	0;	0;	0;	0;	0;	0;	0;	0;	0;	0;	0;	0;	0;	0;	0;	0;	0;	0;	0;	0;	0;	0;	0;	0;	0;	0;	0;	0;	0;	0;	0;	0;	0;	0;	0;	0;	0;	0;	0;	0;	0;	0;	0;	0;	0;	0;	0;	0;	0;	0;	0;	0
6;	0;	6;	0,72;	100,0;	99,89;	99,89;	99,24;	98,73;	97,97;	97,71;	97,47;	95,63;	95,62;	95,44;	94,1;	92,61;	91,78;	88,96;	88,88;	88,68;	86,45;	86,31;	83,91;	80,99;	78,23;	74,65;	73,29;	72,69;	71,09;	69,1;	66,76;	66,18;	63,88;	63,77;	63,17;	63,13;	60,6;	58,71;	58,5;	57,29;	53,99;	53,96;	48,08;	45,91;	41,73;	41,45;	40,7;	39,43;	33,55;	32,01;	31,26;	30,43;	27,34;	23,55;	22,26;	22,04;	20,96;	17,26;	15,81;	12,06;	12,05;	5,48;	0,67;	0;	0;	0;	0;	0;	0;	0;	0;	0;	0;	0;	0;	0;	0;	0;	0;	0;	0;	0;	0;	0;	0;	0;	0;	0;	0;	0;	0;	0;	0;	0;	0;	0;	0;	0;	0;	0;	0;	0;	0;	0
7;	-4;	6;	0,8;	99,03;	97,18;	96,5;	96,28;	93,73;	92,51;	91,9;	91,81;	90,19;	88,45;	87,24;	86,5;	84,85;	83,79;	82,53;	81,35;	78,65;	77,88;	76,99;	75,69;	74,67;	73,32;	72,92;	68,28;	67,78;	65,23;	63,15;	60,79;	57,12;	53,16;	46,43;	45,84;	45,08;	41,22;	38,99;	35,58;	31,45;	26,86;	25,45;	15,95;	12,87;	10,8;	8,74;	5,17;	1,47;	1,28;	1,19;	0;	0;	0;	0;	0;	0;	0;	0;	0;	0;	0;	0;	0;	0;	0;	0;	0;	0;	0;	0;	0;	0;	0;	0;	0;	0;	0;	0;	0;	0;	0;	0;	0;	0;	0;	0;	0;	0;	0;	0;	0;	0;	0;	0;	0;	0;	0;	0;	0;	0;	0;	0;	0;	0
8;	-6;	6;	1,23;	95,52;	91,48;	85,46;	83,9;	81,47;	78,1;	77,67;	76,34;	75,06;	71,75;	70,7;	66,85;	66,75;	65,19;	60,19;	56,37;	54,74;	47,29;	45,05;	43,23;	38,43;	31,87;	21,58;	20,9;	19,97;	14,41;	10,73;	7,69;	1,65;	0;	0;	0;	0;	0;	0;	0;	0;	0;	0;	0;	0;	0;	0;	0;	0;	0;	0;	0;	0;	0;	0;	0;	0;	0;	0;	0;	0;	0;	0;	0;	0;	0;	0;	0;	0;	0;	0;	0;	0;	0;	0;	0;	0;	0;	0;	0;	0;	0;	0;	0;	0;	0;	0;	0;	0;	0;	0;	0;	0;	0;	0;	0;	0;	0;	0;	0;	0;	0;	0;	0;	0
9;	-1;	6;	0,8;	99,95;	99,87;	99,81;	99,64;	98,65;	97,63;	97,14;	97,0;	94,87;	92,91;	92,75;	92,56;	91,18;	90,25;	90,03;	89,94;	89,65;	86,38;	82,46;	79,24;	77,84;	77,3;	77,06;	75,38;	74,11;	71,68;	67,2;	66,91;	65,78;	65,31;	64,14;	60,35;	57,5;	54,73;	48,98;	44,0;	42,45;	41,75;	40,01;	37,49;	34,24;	33,8;	30,35;	27,57;	25,63;	20,38;	16,64;	10,66;	6,9;	3,1;	1,74;	0;	0;	0;	0;	0;	0;	0;	0;	0;	0;	0;	0;	0;	0;	0;	0;	0;	0;	0;	0;	0;	0;	0;	0;	0;	0;	0;	0;	0;	0;	0;	0;	0;	0;	0;	0;	0;	0;	0;	0;	0;	0;	0;	0;	0;	0;	0;	0;	0;	0
10;	-1;	6;	1,13;	99,04;	98,13;	98,06;	96,95;	96,26;	96,19;	92,78;	91,06;	90,86;	89,51;	87,89;	86,04;	84,83;	82,29;	78,54;	76,74;	75,96;	73,04;	72,22;	69,23;	68,52;	66,0;	62,24;	58,7;	57,74;	52,74;	52,43;	50,6;	49,49;	48,4;	45,37;	40,62;	37,11;	33,14;	29,64;	24,22;	20,15;	13,49;	12,6;	10,73;	7,43;	4,18;	0;	0;	0;	0;	0;	0;	0;	0;	0;	0;	0;	0;	0;	0;	0;	0;	0;	0;	0;	0;	0;	0;	0;	0;	0;	0;	0;	0;	0;	0;	0;	0;	0;	0;	0;	0;	0;	0;	0;	0;	0;	0;	0;	0;	0;	0;	0;	0;	0;	0;	0;	0;	0;	0;	0;	0;	0;	0;	0
11;	1;	6;	0,9;	nan;	100,0;	99,76;	99,67;	99,59;	99,5;	99,29;	97,24;	97,15;	96,46;	96,23;	95,22;	93,21;	90,58;	89,46;	89,16;	87,77;	85,52;	83,83;	80,78;	80,63;	80,04;	79,12;	78,35;	71,66;	66,95;	60,3;	55,09;	51,9;	50,23;	48,83;	48,5;	48,0;	46,5;	45,63;	44,09;	37,53;	32,91;	29,51;	23,29;	17,6;	14,25;	11,1;	10,77;	6,8;	4,72;	1,61;	0,0;	0,0;	0,0;	0,0;	0,0;	0,0;	0,0;	0,0;	0,0;	0,0;	0,0;	0,0;	0,0;	0,0;	0,0;	0,0;	0,0;	0,0;	0,0;	0,0;	0,0;	0,0;	0,0;	0,0;	0,0;	0,0;	0,0;	0,0;	0,0;	0,0;	0,0;	0,0;	0,0;	0,0;	0,0;	0,0;	0,0;	0,0;	0,0;	0,0;	0,0;	0,0;	0,0;	0,0;	0,0;	0,0;	0,0;	0,0;	0,0;	0,0;	0,0;	0,0;	0,0;	0,0
12;	11;	6;	1,19;	nan;	nan;	nan;	nan;	nan;	nan;	nan;	nan;	nan;	nan;	nan;	100,0;	99,69;	99,5;	98,7;	98,52;	97,15;	95,26;	94,88;	93,86;	93,6;	93,34;	90,99;	90,44;	87,3;	86,96;	82,79;	80,45;	79,45;	77,24;	74,96;	69,73;	64,91;	62,73;	56,03;	54,15;	48,03;	46,13;	45,07;	42,98;	35,78;	30,6;	27,23;	26,7;	22,18;	20,96;	18,91;	17,12;	15,14;	15,06;	10,28;	5,74;	0,0;	0,0;	0,0;	0,0;	0,0;	0,0;	0,0;	0,0;	0,0;	0,0;	0,0;	0,0;	0,0;	0,0;	0,0;	0,0;	0,0;	0,0;	0,0;	0,0;	0,0;	0,0;	0,0;	0,0;	0,0;	0,0;	0,0;	0,0;	0,0;	0,0;	0,0;	0,0;	0,0;	0,0;	0,0;	0,0;	0,0;	0,0;	0,0;	0,0;	0,0;	0,0;	0,0;	0,0;	0,0;	0,0;	0,0;	0,0;	0,0
13;	21;	6;	0,96;	nan;	nan;	nan;	nan;	nan;	nan;	nan;	nan;	nan;	nan;	nan;	nan;	nan;	nan;	nan;	nan;	nan;	nan;	nan;	nan;	nan;	100,0;	99,58;	99,34;	98,99;	98,43;	96,75;	95,61;	93,69;	92,59;	89,68;	87,78;	87,39;	84,6;	83,89;	79,59;	78,28;	76,87;	74,22;	73,15;	73,09;	71,69;	67,85;	62,54;	61,55;	61,28;	60,14;	54,75;	52,42;	51,27;	50,84;	50,23;	48,25;	41,74;	41,11;	37,6;	32,69;	32,17;	28,54;	25,71;	25,61;	22,71;	19,9;	17,85;	10,34;	6,62;	3,65;	0,0;	0,0;	0,0;	0,0;	0,0;	0,0;	0,0;	0,0;	0,0;	0,0;	0,0;	0,0;	0,0;	0,0;	0,0;	0,0;	0,0;	0,0;	0,0;	0,0;	0,0;	0,0;	0,0;	0,0;	0,0;	0,0;	0,0;	0,0;	0,0;	0,0;	0,0;	0,0;	0,0;	0,0
14;	-7;	6;	1,13;	93,39;	90,24;	88,18;	81,86;	80,9;	76,76;	76,58;	74,28;	72,57;	66,58;	66,29;	63,74;	61,91;	55,39;	55,1;	53,1;	50,7;	44,79;	41,17;	40,61;	39,84;	38,8;	36,26;	29,71;	21,98;	21,2;	19,45;	16,85;	15,16;	12,85;	10,7;	8,03;	5,56;	0;	0;	0;	0;	0;	0;	0;	0;	0;	0;	0;	0;	0;	0;	0;	0;	0;	0;	0;	0;	0;	0;	0;	0;	0;	0;	0;	0;	0;	0;	0;	0;	0;	0;	0;	0;	0;	0;	0;	0;	0;	0;	0;	0;	0;	0;	0;	0;	0;	0;	0;	0;	0;	0;	0;	0;	0;	0;	0;	0;	0;	0;	0;	0;	0;	0;	0;	0
15;	8;	6;	1,33;	nan;	nan;	nan;	nan;	nan;	nan;	nan;	nan;	100,0;	99,79;	99,08;	98,19;	96,58;	94,77;	93,15;	89,16;	84,06;	81,94;	81,66;	81,13;	80,29;	79,8;	77,59;	71,12;	67,63;	67,37;	62,06;	61,11;	51,39;	47,87;	41,69;	39,15;	35,03;	30,63;	27,36;	22,94;	19,55;	19,37;	13,62;	13,33;	12,19;	6,56;	0,0;	0,0;	0,0;	0,0;	0,0;	0,0;	0,0;	0,0;	0,0;	0,0;	0,0;	0,0;	0,0;	0,0;	0,0;	0,0;	0,0;	0,0;	0,0;	0,0;	0,0;	0,0;	0,0;	0,0;	0,0;	0,0;	0,0;	0,0;	0,0;	0,0;	0,0;	0,0;	0,0;	0,0;	0,0;	0,0;	0,0;	0,0;	0,0;	0,0;	0,0;	0,0;	0,0;	0,0;	0,0;	0,0;	0,0;	0,0;	0,0;	0,0;	0,0;	0,0;	0,0;	0,0;	0,0;	0,0;	0,0;	0,0;	0,0
16;	10;	6;	0,97;	nan;	nan;	nan;	nan;	nan;	nan;	nan;	nan;	nan;	nan;	100,0;	99,86;	98,86;	98,82;	98,24;	97,7;	96,65;	93,58;	93,17;	91,63;	90,88;	87,73;	86,4;	86,33;	83,48;	81,13;	79,22;	78,2;	76,76;	73,12;	71,58;	69,91;	68,69;	65,31;	62,65;	58,62;	58,16;	57,01;	54,19;	48,55;	46,86;	43,42;	40,63;	39,12;	34,94;	33,07;	27,73;	25,74;	20,85;	18,79;	17,11;	12,47;	3,92;	2,1;	0,0;	0,0;	0,0;	0,0;	0,0;	0,0;	0,0;	0,0;	0,0;	0,0;	0,0;	0,0;	0,0;	0,0;	0,0;	0,0;	0,0;	0,0;	0,0;	0,0;	0,0;	0,0;	0,0;	0,0;	0,0;	0,0;	0,0;	0,0;	0,0;	0,0;	0,0;	0,0;	0,0;	0,0;	0,0;	0,0;	0,0;	0,0;	0,0;	0,0;	0,0;	0,0;	0,0;	0,0;	0,0;	0,0;	0,0
17;	-10;	6;	0,87;	90,78;	88,73;	88,55;	86,72;	85,31;	84,24;	82,06;	80,36;	77,06;	75,52;	73,16;	72,02;	67,58;	64,96;	64,02;	63,94;	61,12;	56,89;	55,34;	51,81;	48,09;	45,33;	38,41;	37,77;	34,83;	34,76;	30,64;	26,29;	26,14;	17,88;	17,55;	15,44;	14,22;	8,64;	7,5;	3,65;	0,16;	0;	0;	0;	0;	0;	0;	0;	0;	0;	0;	0;	0;	0;	0;	0;	0;	0;	0;	0;	0;	0;	0;	0;	0;	0;	0;	0;	0;	0;	0;	0;	0;	0;	0;	0;	0;	0;	0;	0;	0;	0;	0;	0;	0;	0;	0;	0;	0;	0;	0;	0;	0;	0;	0;	0;	0;	0;	0;	0;	0;	0;	0;	0;	0
18;	-4;	6;	1,11;	97,7;	97,37;	95,36;	95,31;	93,6;	92,36;	89,08;	88,23;	85,07;	83,49;	82,27;	79,72;	76,31;	75,59;	72,3;	69,34;	65,78;	63,53;	62,05;	60,56;	58,58;	57,57;	56,42;	50,77;	43,04;	42,75;	35,14;	30,37;	25,45;	25,13;	23,63;	22,79;	20,38;	15,19;	11,32;	5,39;	4,77;	0;	0;	0;	0;	0;	0;	0;	0;	0;	0;	0;	0;	0;	0;	0;	0;	0;	0;	0;	0;	0;	0;	0;	0;	0;	0;	0;	0;	0;	0;	0;	0;	0;	0;	0;	0;	0;	0;	0;	0;	0;	0;	0;	0;	0;	0;	0;	0;	0;	0;	0;	0;	0;	0;	0;	0;	0;	0;	0;	0;	0;	0;	0;	0
19;	18;	6;	0,98;	nan;	nan;	nan;	nan;	nan;	nan;	nan;	nan;	nan;	nan;	nan;	nan;	nan;	nan;	nan;	nan;	nan;	nan;	100,0;	99,96;	99,91;	99,65;	99,2;	99,19;	98,49;	95,67;	94,12;	90,93;	88,28;	84,76;	82,69;	81,4;	78,06;	76,48;	75,33;	74,73;	70,86;	68,63;	63,54;	62,82;	61,13;	58,86;	55,48;	49,66;	46,93;	41,22;	39,39;	38,56;	37,14;	34,01;	29,14;	28,1;	25,22;	22,66;	17,52;	16,25;	13,35;	7,53;	4,62;	4,35;	4,05;	3,25;	0,0;	0,0;	0,0;	0,0;	0,0;	0,0;	0,0;	0,0;	0,0;	0,0;	0,0;	0,0;	0,0;	0,0;	0,0;	0,0;	0,0;	0,0;	0,0;	0,0;	0,0;	0,0;	0,0;	0,0;	0,0;	0,0;	0,0;	0,0;	0,0;	0,0;	0,0;	0,0;	0,0;	0,0;	0,0;	0,0;	0,0;	0,0;	0,0
20;	9;	6;	1,05;	nan;	nan;	nan;	nan;	nan;	nan;	nan;	nan;	nan;	100,0;	99,82;	99,82;	99,53;	99,47;	99,28;	97,97;	96,91;	93,72;	91,45;	88,46;	87,23;	85,36;	83,63;	80,28;	76,59;	71,8;	68,92;	65,28;	63,33;	58,28;	55,42;	51,23;	49,72;	47,97;	47,07;	45,95;	42,93;	37,69;	34,3;	32,39;	32,34;	29,98;	29,6;	24,78;	21,86;	21,44;	19,84;	19,27;	12,98;	4,64;	4,26;	3,07;	1,37;	0,0;	0,0;	0,0;	0,0;	0,0;	0,0;	0,0;	0,0;	0,0;	0,0;	0,0;	0,0;	0,0;	0,0;	0,0;	0,0;	0,0;	0,0;	0,0;	0,0;	0,0;	0,0;	0,0;	0,0;	0,0;	0,0;	0,0;	0,0;	0,0;	0,0;	0,0;	0,0;	0,0;	0,0;	0,0;	0,0;	0,0;	0,0;	0,0;	0,0;	0,0;	0,0;	0,0;	0,0;	0,0;	0,0;	0,0;	0,0
21;	7;	6;	1,04;	nan;	nan;	nan;	nan;	nan;	nan;	nan;	100,0;	99,74;	99,44;	99,22;	98,95;	95,59;	95,1;	93,76;	92,32;	91,28;	91,25;	88,86;	88,38;	87,23;	86,25;	86,23;	86,17;	82,36;	80,68;	80,39;	77,1;	75,18;	69,97;	66,67;	66,36;	62,18;	62,09;	61,61;	59,06;	56,79;	55,6;	54,07;	49,25;	48,18;	47,37;	40,4;	31,57;	28,9;	22,78;	15,44;	10,73;	8,03;	7,79;	1,92;	0,0;	0,0;	0,0;	0,0;	0,0;	0,0;	0,0;	0,0;	0,0;	0,0;	0,0;	0,0;	0,0;	0,0;	0,0;	0,0;	0,0;	0,0;	0,0;	0,0;	0,0;	0,0;	0,0;	0,0;	0,0;	0,0;	0,0;	0,0;	0,0;	0,0;	0,0;	0,0;	0,0;	0,0;	0,0;	0,0;	0,0;	0,0;	0,0;	0,0;	0,0;	0,0;	0,0;	0,0;	0,0;	0,0;	0,0;	0,0;	0,0;	0,0
22;	23;	6;	1,08;	nan;	nan;	nan;	nan;	nan;	nan;	nan;	nan;	nan;	nan;	nan;	nan;	nan;	nan;	nan;	nan;	nan;	nan;	nan;	nan;	nan;	nan;	nan;	100,0;	99,77;	99,66;	98,89;	97,74;	97,62;	97,37;	95,91;	95,49;	91,74;	91,39;	89,4;	87,68;	84,18;	80,15;	78,99;	76,89;	75,05;	70,94;	70,34;	69,56;	69,36;	66,41;	63,21;	59,22;	52,77;	47,66;	44,22;	44,06;	43,68;	41,35;	33,81;	28,38;	26,99;	24,32;	20,2;	16,16;	15,57;	13,66;	9,93;	8,84;	3,33;	2,71;	0,0;	0,0;	0,0;	0,0;	0,0;	0,0;	0,0;	0,0;	0,0;	0,0;	0,0;	0,0;	0,0;	0,0;	0,0;	0,0;	0,0;	0,0;	0,0;	0,0;	0,0;	0,0;	0,0;	0,0;	0,0;	0,0;	0,0;	0,0;	0,0;	0,0;	0,0;	0,0;	0,0;	0,0;	0,0
23;	-4;	6;	0,9;	98,56;	98,07;	95,74;	93,79;	92,2;	89,79;	89,65;	88,98;	87,98;	87,51;	83,72;	83,68;	82,18;	80,95;	79,44;	74,49;	70,55;	63,91;	61,9;	61,46;	57,13;	56,76;	54,31;	53,61;	53,51;	51,67;	50,96;	49,28;	46,83;	43,41;	37,75;	32,72;	30,41;	28,14;	25,28;	24,67;	23,73;	21,34;	16,58;	11,56;	10,49;	10,27;	4,22;	0,31;	0;	0;	0;	0;	0;	0;	0;	0;	0;	0;	0;	0;	0;	0;	0;	0;	0;	0;	0;	0;	0;	0;	0;	0;	0;	0;	0;	0;	0;	0;	0;	0;	0;	0;	0;	0;	0;	0;	0;	0;	0;	0;	0;	0;	0;	0;	0;	0;	0;	0;	0;	0;	0;	0;	0;	0;	0
24;	9;	6;	0,79;	nan;	nan;	nan;	nan;	nan;	nan;	nan;	nan;	nan;	100,0;	99,96;	99,58;	99,31;	99,3;	98,76;	97,96;	97,68;	96,46;	95,49;	94,76;	94,43;	93,11;	90,35;	90,03;	89,39;	88,69;	87,76;	83,04;	79,96;	79,21;	75,91;	71,91;	70,57;	69,71;	64,32;	59,83;	59,58;	58,24;	57,15;	54,7;	51,62;	47,38;	46,01;	44,96;	36,77;	36,24;	35,41;	32,44;	32,16;	27,11;	24,14;	23,61;	20,01;	18,22;	17,26;	16,34;	15,56;	10,62;	8,37;	6,11;	4,8;	0,0;	0,0;	0,0;	0,0;	0,0;	0,0;	0,0;	0,0;	0,0;	0,0;	0,0;	0,0;	0,0;	0,0;	0,0;	0,0;	0,0;	0,0;	0,0;	0,0;	0,0;	0,0;	0,0;	0,0;	0,0;	0,0;	0,0;	0,0;	0,0;	0,0;	0,0;	0,0;	0,0;	0,0;	0,0;	0,0;	0,0;	0,0;	0,0;	0,0
