0;	-20;	7;	1,05;	0;	0;	0;	0;	0;	0;	0;	0;	0;	0;	0;	0;	0;	0;	0;	0;	0;	0;	0;	0;	0;	0;	0;	0;	0;	0;	0;	0;	0;	0;	0;	0;	0;	0;	0;	0;	0;	0;	0;	0;	0;	0;	0;	0;	0;	0;	0;	0;	0;	0;	0;	0;	0;	0;	0;	0;	0;	0;	0;	0;	0;	0;	0;	0;	0;	0;	0;	0;	0;	0;	0;	0;	0;	0;	0;	0;	0;	0;	0;	0;	0;	0;	0;	0;	0;	0;	0;	0;	0;	0;	0;	0;	0;	0;	0;	0;	0;	0;	0;	0;	0
1;	8;	7;	0,84;	nan;	nan;	nan;	nan;	nan;	nan;	nan;	nan;	100,0;	74,22;	63,49;	56,92;	52,3;	45,58;	42,39;	39,45;	38,38;	35,53;	34,65;	30,9;	27,0;	25,86;	25,12;	22,83;	22,41;	21,31;	20,04;	17,23;	17,19;	16,94;	15,32;	14,54;	13,86;	13,21;	12,79;	12,38;	12,08;	11,56;	10,72;	10,62;	9,83;	8,57;	8,37;	8,27;	8,04;	8,0;	7,92;	7,82;	6,89;	6,45;	6,22;	6,07;	5,88;	5,48;	5,44;	4,96;	4,84;	4,8;	4,43;	4,4;	4,04;	3,77;	3,07;	3,03;	2,98;	2,59;	2,52;	2,31;	2,02;	1,96;	1,95;	1,45;	1,45;	1,35;	0,78;	0,67;	0,38;	0,04;	0,0;	0,0;	0,0;	0,0;	0,0;	0,0;	0,0;	0,0;	0,0;	0,0;	0,0;	0,0;	0,0;	0,0;	0,0;	0,0;	0,0;	0,0;	0,0;	0,0;	0,0;	0,0;	0,0
2;	-5;	7;	0,92;	39,33;	33,78;	32,17;	24,71;	24,3;	23,79;	20,76;	18,14;	16,73;	13,33;	12,18;	10,09;	8,85;	8,2;	7,63;	4,86;	3,11;	1,42;	0,58;	0;	0;	0;	0;	0;	0;	0;	0;	0;	0;	0;	0;	0;	0;	0;	0;	0;	0;	0;	0;	0;	0;	0;	0;	0;	0;	0;	0;	0;	0;	0;	0;	0;	0;	0;	0;	0;	0;	0;	0;	0;	0;	0;	0;	0;	0;	0;	0;	0;	0;	0;	0;	0;	0;	0;	0;	0;	0;	0;	0;	0;	0;	0;	0;	0;	0;	0;	0;	0;	0;	0;	0;	0;	0;	0;	0;	0;	0;	0;	0;	0;	0
3;	-5;	7;	0,84;	74,46;	72,75;	70,33;	68,97;	66,82;	62,72;	61,61;	60,86;	59,93;	58,86;	56,96;	56,45;	56,25;	53,89;	52,63;	51,99;	51,36;	51,33;	50,05;	49,38;	48,55;	47,66;	47,41;	46,51;	46,02;	45,48;	45,35;	44,88;	44,62;	44,12;	43,09;	42,31;	41,35;	39,75;	39,42;	38,58;	38,49;	38,16;	37,37;	37,1;	36,19;	35,79;	35,24;	34,86;	34,13;	33,61;	32,75;	32,45;	32,16;	31,57;	31,28;	30,49;	29,96;	29,7;	29,06;	28,9;	28,51;	28,32;	28,11;	27,93;	27,9;	27,37;	27,25;	27,01;	26,8;	26,31;	26,13;	25,88;	25,6;	25,14;	24,83;	24,63;	24,62;	24,43;	24,05;	23,8;	23,79;	23,74;	23,36;	22,86;	22,51;	22,13;	22,13;	21,84;	21,63;	21,36;	21,17;	21,08;	20,93;	20,84;	20,76;	20,68;	20,2;	20,02;	19,57;	19,49;	19,46;	19,07;	18,93;	18,68;	18,51
4;	0;	7;	1,04;	100,0;	70,97;	62,8;	61,85;	61,15;	58,91;	56,84;	51,09;	49,29;	45,95;	44,51;	42,56;	41,15;	37,78;	36,04;	33,97;	32,06;	31,35;	29,82;	27,04;	26,63;	26,58;	26,18;	24,98;	23,59;	23,4;	22,3;	22,05;	21,38;	19,73;	19,08;	16,78;	16,38;	15,81;	15,07;	13,99;	13,43;	12,7;	12,17;	12,15;	12,06;	11,32;	10,88;	10,46;	10,39;	10,03;	10,0;	9,44;	8,74;	8,31;	7,94;	7,85;	7,48;	7,45;	7,04;	5,45;	5,03;	4,61;	4,28;	3,84;	3,54;	3,53;	2,71;	2,19;	1,92;	1,24;	1,01;	0,62;	0,62;	0,57;	0,55;	0,42;	0,34;	0,09;	0;	0;	0;	0;	0;	0;	0;	0;	0;	0;	0;	0;	0;	0;	0;	0;	0;	0;	0;	0;	0;	0;	0;	0;	0;	0;	0
5;	0;	7;	1,16;	100,0;	77,6;	69,27;	53,15;	40,31;	31,19;	29,02;	20,47;	19,09;	18,98;	17,62;	13,33;	11,4;	7,27;	3,92;	1,58;	0,56;	0;	0;	0;	0;	0;	0;	0;	0;	0;	0;	0;	0;	0;	0;	0;	0;	0;	0;	0;	0;	0;	0;	0;	0;	0;	0;	0;	0;	0;	0;	0;	0;	0;	0;	0;	0;	0;	0;	0;	0;	0;	0;	0;	0;	0;	0;	0;	0;	0;	0;	0;	0;	0;	0;	0;	0;	0;	0;	0;	0;	0;	0;	0;	0;	0;	0;	0;	0;	0;	0;	0;	0;	0;	0;	0;	0;	0;	0;	0;	0;	0;	0;	0;	0
6;	11;	7;	1,03;	nan;	nan;	nan;	nan;	nan;	nan;	nan;	nan;	nan;	nan;	nan;	100,0;	86,62;	73,16;	65,81;	58,5;	54,75;	47,77;	47,57;	46,08;	45,8;	42,17;	39,38;	37,96;	37,49;	31,97;	31,61;	30,7;	30,18;	29,92;	29,64;	29,32;	29,26;	28,43;	27,97;	27,73;	26,77;	26,33;	25,1;	23,88;	21,52;	20,03;	18,0;	17,15;	17,1;	16,42;	15,48;	14,8;	13,88;	13,88;	13,44;	12,94;	12,03;	11,12;	10,96;	10,07;	9,62;	9,39;	8,32;	8,17;	7,57;	6,65;	6,46;	5,71;	5,56;	5,56;	5,18;	3,36;	3,22;	2,9;	2,68;	2,59;	2,46;	1,97;	1,61;	1,18;	0,74;	0,61;	0,0;	0,0;	0,0;	0,0;	0,0;	0,0;	0,0;	0,0;	0,0;	0,0;	0,0;	0,0;	0,0;	0,0;	0,0;	0,0;	0,0;	0,0;	0,0;	0,0;	0,0;	0,0;	0,0
7;	16;	7;	1,11;	nan;	nan;	nan;	nan;	nan;	nan;	nan;	nan;	nan;	nan;	nan;	nan;	nan;	nan;	nan;	nan;	100,0;	93,28;	80,24;	69,98;	68,84;	62,79;	60,54;	60,05;	58,31;	53,88;	49,07;	48,89;	48,4;	47,68;	45,62;	43,8;	40,97;	38,74;	37,02;	33,12;	31,88;	30,37;	29,33;	27,9;	27,54;	26,86;	26,28;	24,71;	24,42;	23,22;	22,56;	22,19;	21,68;	20,68;	19,65;	18,12;	17,07;	15,77;	13,92;	13,54;	12,84;	12,07;	11,64;	11,29;	11,09;	10,65;	10,16;	10,03;	9,61;	9,38;	9,02;	8,2;	7,33;	7,03;	6,78;	6,67;	5,92;	5,77;	5,63;	5,28;	5,03;	4,88;	4,38;	4,37;	3,98;	3,82;	3,67;	3,32;	3,1;	2,77;	2,76;	2,73;	2,13;	1,61;	1,58;	1,19;	1,06;	0,35;	0,01;	0,0;	0,0;	0,0;	0,0;	0,0;	0,0
8;	12;	7;	1,17;	nan;	nan;	nan;	nan;	nan;	nan;	nan;	nan;	nan;	nan;	nan;	nan;	100,0;	94,34;	81,02;	77,06;	76,47;	75,37;	73,26;	69,09;	64,83;	60,29;	55,94;	52,63;	52,6;	50,76;	50,47;	50,37;	49,43;	48,32;	44,09;	43,0;	43,0;	40,53;	39,05;	37,19;	36,58;	35,48;	34,9;	34,89;	33,68;	32,13;	30,2;	29,27;	28,41;	27,24;	26,29;	25,76;	25,71;	25,67;	24,83;	24,74;	23,67;	23,43;	23,25;	22,26;	22,22;	21,85;	20,39;	19,11;	18,92;	18,33;	17,66;	16,85;	16,65;	16,35;	16,13;	14,75;	13,7;	12,91;	11,71;	11,53;	10,5;	9,99;	9,55;	9,43;	9,06;	8,85;	8,81;	8,18;	7,5;	7,4;	7,14;	6,63;	6,24;	6,04;	5,22;	5,14;	4,38;	3,76;	3,37;	3,32;	2,96;	2,69;	2,68;	2,38;	1,57;	1,15;	0,98;	0,7;	0,61
9;	2;	7;	1,0;	nan;	nan;	100,0;	98,8;	73,49;	73,43;	69,22;	61,0;	58,23;	56,62;	51,42;	51,08;	49,13;	47,28;	44,88;	42,73;	40,74;	40,66;	40,58;	36,28;	36,06;	35,76;	33,91;	32,43;	32,09;	31,88;	31,72;	31,67;	30,63;	30,57;	30,47;	29,94;	29,17;	28,6;	28,25;	28,1;	27,61;	27,31;	26,91;	25,88;	25,36;	24,35;	23,79;	23,56;	22,74;	22,42;	21,61;	21,41;	21,21;	20,8;	20,1;	19,51;	19,34;	18,88;	18,44;	18,2;	17,97;	17,37;	17,24;	17,19;	16,44;	15,91;	15,57;	15,55;	14,69;	13,77;	13,39;	13,21;	13,12;	13,03;	12,64;	12,37;	12,3;	12,27;	11,49;	11,17;	10,71;	10,04;	10,0;	9,86;	9,42;	9,17;	8,22;	7,89;	7,78;	7,57;	7,46;	7,26;	6,87;	6,29;	5,95;	5,45;	4,73;	4,48;	4,3;	3,92;	3,45;	3,27;	3,02;	2,76;	2,58
10;	23;	7;	1,07;	nan;	nan;	nan;	nan;	nan;	nan;	nan;	nan;	nan;	nan;	nan;	nan;	nan;	nan;	nan;	nan;	nan;	nan;	nan;	nan;	nan;	nan;	nan;	100,0;	40,04;	37,39;	30,61;	18,88;	18,03;	15,17;	13,98;	9,19;	1,03;	0,0;	0,0;	0,0;	0,0;	0,0;	0,0;	0,0;	0,0;	0,0;	0,0;	0,0;	0,0;	0,0;	0,0;	0,0;	0,0;	0,0;	0,0;	0,0;	0,0;	0,0;	0,0;	0,0;	0,0;	0,0;	0,0;	0,0;	0,0;	0,0;	0,0;	0,0;	0,0;	0,0;	0,0;	0,0;	0,0;	0,0;	0,0;	0,0;	0,0;	0,0;	0,0;	0,0;	0,0;	0,0;	0,0;	0,0;	0,0;	0,0;	0,0;	0,0;	0,0;	0,0;	0,0;	0,0;	0,0;	0,0;	0,0;	0,0;	0,0;	0,0;	0,0;	0,0;	0,0;	0,0;	0,0;	0,0;	0,0
11;	1;	7;	1,0;	nan;	100,0;	83,25;	64,48;	63,89;	57,49;	56,49;	44,22;	36,32;	32,26;	28,34;	26,56;	26,31;	24,73;	23,29;	21,97;	20,09;	17,29;	16,09;	14,41;	14,4;	14,32;	12,72;	11,46;	9,41;	8,41;	6,84;	5,82;	5,43;	4,72;	3,25;	3,0;	2,85;	1,76;	1,04;	0,5;	0,3;	0,1;	0,0;	0,0;	0,0;	0,0;	0,0;	0,0;	0,0;	0,0;	0,0;	0,0;	0,0;	0,0;	0,0;	0,0;	0,0;	0,0;	0,0;	0,0;	0,0;	0,0;	0,0;	0,0;	0,0;	0,0;	0,0;	0,0;	0,0;	0,0;	0,0;	0,0;	0,0;	0,0;	0,0;	0,0;	0,0;	0,0;	0,0;	0,0;	0,0;	0,0;	0,0;	0,0;	0,0;	0,0;	0,0;	0,0;	0,0;	0,0;	0,0;	0,0;	0,0;	0,0;	0,0;	0,0;	0,0;	0,0;	0,0;	0,0;	0,0;	0,0;	0,0;	0,0;	0,0
12;	-9;	7;	0,88;	45,77;	41,79;	40,85;	39,18;	38,31;	36,86;	35,16;	33,87;	32,72;	31,49;	30,29;	29,33;	29,18;	28,49;	27,31;	27,01;	26,38;	25,98;	25,89;	24,4;	23,84;	23,09;	22,53;	22,5;	22,26;	21,88;	21,77;	20,93;	20,44;	19,35;	19,32;	18,9;	18,72;	18,22;	18,15;	17,85;	17,34;	17,06;	15,94;	15,75;	15,14;	14,61;	14,31;	14,23;	13,3;	13,13;	12,5;	11,69;	11,67;	10,45;	10,04;	9,95;	9,87;	9,64;	9,44;	9,05;	8,82;	8,01;	7,88;	7,37;	7,29;	6,5;	6,41;	6,3;	6,0;	5,54;	5,29;	4,52;	4,49;	4,12;	3,88;	3,68;	3,34;	3,27;	2,75;	2,27;	2,02;	1,59;	1,28;	1,22;	1,0;	0,8;	0,68;	0;	0;	0;	0;	0;	0;	0;	0;	0;	0;	0;	0;	0;	0;	0;	0;	0;	0
13;	2;	7;	1,05;	nan;	nan;	100,0;	71,38;	60,53;	59,63;	59,04;	53,2;	51,88;	48,54;	41,66;	41,15;	40,99;	36,89;	35,92;	34,15;	31,95;	31,32;	28,3;	28,28;	27,57;	26,86;	26,37;	25,9;	24,39;	24,3;	23,01;	21,65;	21,25;	20,75;	18,21;	18,03;	17,32;	17,19;	16,09;	15,96;	15,95;	15,85;	15,32;	14,46;	14,37;	14,28;	13,74;	12,71;	12,58;	11,74;	11,16;	10,35;	9,95;	9,77;	9,61;	9,28;	8,2;	7,54;	6,87;	6,37;	6,03;	5,68;	5,28;	5,13;	4,79;	4,65;	4,25;	4,09;	3,88;	3,65;	3,29;	2,98;	2,84;	2,46;	1,98;	1,85;	1,47;	1,25;	1,02;	0,82;	0,11;	0,0;	0,0;	0,0;	0,0;	0,0;	0,0;	0,0;	0,0;	0,0;	0,0;	0,0;	0,0;	0,0;	0,0;	0,0;	0,0;	0,0;	0,0;	0,0;	0,0;	0,0;	0,0;	0,0;	0,0
14;	7;	7;	1,06;	nan;	nan;	nan;	nan;	nan;	nan;	nan;	100,0;	95,13;	87,89;	84,89;	74,56;	72,68;	67,36;	61,48;	58,5;	56,54;	53,71;	50,15;	48,79;	48,58;	48,36;	46,14;	45,64;	45,63;	45,58;	45,41;	43,23;	42,18;	40,06;	39,3;	37,98;	37,17;	35,52;	35,48;	34,81;	33,26;	31,73;	31,7;	30,59;	29,76;	27,99;	26,66;	26,47;	25,36;	24,88;	23,22;	23,19;	23,08;	22,92;	22,29;	22,02;	21,6;	20,38;	19,69;	19,27;	18,5;	17,87;	17,84;	17,71;	17,43;	17,23;	16,84;	15,88;	15,7;	15,1;	14,89;	14,76;	14,67;	14,31;	14,15;	13,56;	13,18;	12,69;	12,57;	11,94;	11,61;	11,47;	11,31;	11,19;	11,01;	10,36;	9,52;	9,3;	8,76;	8,13;	7,85;	7,37;	7,3;	6,66;	6,36;	6,14;	5,9;	5,74;	5,42;	4,8;	4,56;	4,36;	4,14;	3,55;	3,44
15;	-14;	7;	1,09;	40,8;	39,28;	36,68;	35,64;	34,63;	34,08;	33,49;	33,13;	32,43;	30,96;	30,55;	30,06;	29,29;	28,97;	28,25;	27,91;	27,28;	26,88;	25,89;	25,61;	24,87;	23,49;	23,14;	23,13;	22,91;	22,14;	21,26;	20,4;	19,87;	19,75;	19,69;	19,38;	19,17;	19,11;	18,04;	16,8;	16,12;	15,45;	15,22;	14,86;	14,36;	13,7;	13,7;	13,27;	12,85;	12,78;	12,16;	11,21;	10,98;	10,74;	10,73;	10,58;	10,49;	10,38;	10,24;	9,78;	9,58;	9,52;	9,25;	8,97;	8,18;	8,09;	7,94;	7,53;	6,71;	6,21;	5,93;	5,58;	5,24;	5,08;	4,82;	4,36;	3,97;	3,63;	3,49;	3,16;	2,95;	2,8;	2,37;	2,14;	1,94;	1,11;	0,87;	0,28;	0,01;	0;	0;	0;	0;	0;	0;	0;	0;	0;	0;	0;	0;	0;	0;	0;	0
16;	0;	7;	0,93;	100,0;	78,82;	66,92;	55,88;	52,39;	48,51;	41,54;	37,52;	35,34;	29,8;	27,22;	26,49;	23,88;	23,79;	23,04;	21,76;	21,55;	21,18;	20,84;	18,03;	17,79;	17,46;	16,83;	15,69;	14,63;	13,88;	12,99;	12,15;	12,15;	11,39;	11,0;	9,31;	8,76;	8,52;	7,59;	6,53;	6,01;	5,71;	5,66;	5,48;	5,12;	4,84;	4,78;	4,55;	4,17;	4,14;	3,75;	2,96;	2,56;	2,05;	1,96;	1,39;	1,3;	1,1;	0,88;	0;	0;	0;	0;	0;	0;	0;	0;	0;	0;	0;	0;	0;	0;	0;	0;	0;	0;	0;	0;	0;	0;	0;	0;	0;	0;	0;	0;	0;	0;	0;	0;	0;	0;	0;	0;	0;	0;	0;	0;	0;	0;	0;	0;	0;	0
17;	-8;	7;	1,0;	43,32;	41,56;	39,58;	36,14;	31,21;	24,48;	24,37;	21,7;	21,13;	20,7;	19,54;	18,67;	18,08;	17,86;	16,41;	15,7;	15,01;	13,73;	13,24;	12,38;	11,96;	11,81;	10,57;	10,16;	9,84;	9,8;	8,97;	8,21;	6,56;	6,23;	5,01;	4,52;	4,39;	4,34;	3,98;	3,68;	2,26;	2,18;	1,85;	1,11;	0,04;	0;	0;	0;	0;	0;	0;	0;	0;	0;	0;	0;	0;	0;	0;	0;	0;	0;	0;	0;	0;	0;	0;	0;	0;	0;	0;	0;	0;	0;	0;	0;	0;	0;	0;	0;	0;	0;	0;	0;	0;	0;	0;	0;	0;	0;	0;	0;	0;	0;	0;	0;	0;	0;	0;	0;	0;	0;	0;	0;	0
18;	2;	7;	1,01;	nan;	nan;	100,0;	85,04;	83,6;	80,64;	78,85;	69,01;	62,23;	58,84;	52,37;	51,96;	51,51;	50,54;	49,93;	49,38;	49,31;	49,12;	47,28;	45,96;	45,37;	44,4;	43,93;	42,68;	41,51;	39,37;	39,11;	38,55;	38,03;	37,03;	36,81;	36,43;	36,24;	36,18;	35,99;	35,26;	34,67;	33,86;	32,67;	32,67;	32,31;	32,09;	31,47;	30,9;	30,4;	29,92;	29,54;	29,18;	28,86;	28,61;	28,29;	28,25;	27,73;	27,67;	27,55;	27,5;	26,84;	26,6;	26,58;	25,72;	25,45;	25,05;	24,6;	24,5;	23,81;	23,03;	22,85;	22,37;	22,18;	21,96;	21,29;	20,73;	20,5;	20,15;	19,75;	19,66;	19,3;	19,23;	18,76;	18,52;	17,75;	17,4;	17,05;	16,57;	16,03;	15,79;	15,06;	14,57;	14,32;	14,06;	13,91;	13,89;	13,77;	13,36;	13,12;	12,91;	12,73;	12,72;	12,58;	12,38;	12,21
19;	6;	7;	1,05;	nan;	nan;	nan;	nan;	nan;	nan;	100,0;	72,15;	68,05;	62,69;	58,63;	56,25;	53,28;	39,82;	39,56;	38,7;	36,33;	32,4;	26,73;	25,04;	24,73;	23,57;	22,59;	22,53;	19,76;	18,94;	17,22;	14,26;	13,12;	12,37;	12,03;	11,7;	10,86;	10,47;	9,59;	9,15;	9,1;	9,06;	7,75;	7,37;	6,58;	6,03;	5,34;	4,48;	4,11;	3,75;	2,36;	1,81;	0,95;	0,14;	0,0;	0,0;	0,0;	0,0;	0,0;	0,0;	0,0;	0,0;	0,0;	0,0;	0,0;	0,0;	0,0;	0,0;	0,0;	0,0;	0,0;	0,0;	0,0;	0,0;	0,0;	0,0;	0,0;	0,0;	0,0;	0,0;	0,0;	0,0;	0,0;	0,0;	0,0;	0,0;	0,0;	0,0;	0,0;	0,0;	0,0;	0,0;	0,0;	0,0;	0,0;	0,0;	0,0;	0,0;	0,0;	0,0;	0,0;	0,0;	0,0;	0,0;	0,0
20;	-5;	7;	1,02;	63,64;	63,15;	59,65;	58,66;	55,18;	54,51;	53,61;	50,67;	49,48;	47,65;	46,61;	45,85;	43,96;	43,36;	42,38;	41,96;	39,61;	38,07;	36,93;	36,05;	34,97;	34,96;	33,86;	33,49;	32,44;	31,92;	31,28;	30,44;	30,34;	30,14;	29,81;	29,03;	28,32;	27,52;	27,04;	25,7;	25,54;	23,55;	23,47;	23,03;	22,4;	21,66;	21,43;	21,03;	20,83;	20,73;	19,69;	19,33;	19,18;	18,78;	18,15;	18,01;	18,01;	17,84;	17,59;	17,43;	17,28;	16,41;	16,17;	16,11;	15,79;	15,33;	14,97;	14,76;	14,66;	14,44;	14,35;	14,07;	13,54;	13,42;	13,37;	13,06;	12,72;	12,58;	11,68;	11,1;	10,94;	10,34;	10,22;	10,0;	9,73;	9,73;	9,69;	9,5;	9,3;	8,96;	8,78;	8,66;	8,38;	8,14;	8,14;	7,97;	7,85;	7,42;	7,37;	7,24;	7,11;	6,97;	6,86;	6,79;	6,74
21;	0;	7;	0,87;	100,0;	77,77;	77,48;	72,11;	62,44;	59,04;	54,99;	53,34;	49,28;	46,31;	44,83;	43,64;	42,97;	41,12;	39,08;	38,86;	38,34;	36,75;	36,62;	35,59;	34,96;	34,86;	34,07;	33,82;	32,99;	32,42;	31,38;	31,32;	29,77;	28,56;	28,41;	26,98;	25,87;	24,37;	24,02;	23,87;	23,36;	23,17;	22,76;	22,51;	22,25;	21,93;	21,58;	21,46;	20,52;	20,32;	19,64;	19,16;	18,86;	18,61;	17,54;	17,3;	17,19;	16,9;	16,51;	16,48;	16,42;	16,3;	15,77;	15,09;	14,91;	14,71;	14,59;	14,39;	14,15;	13,79;	13,32;	13,13;	12,94;	12,88;	12,76;	12,71;	12,5;	12,39;	11,72;	11,59;	11,54;	11,18;	11,04;	10,86;	10,76;	10,26;	9,98;	9,54;	8,96;	8,73;	8,4;	8,13;	7,98;	7,68;	7,24;	7,13;	6,86;	6,73;	6,57;	6,53;	6,33;	6,28;	6,25;	6,1;	6,07
22;	7;	7;	1,03;	nan;	nan;	nan;	nan;	nan;	nan;	nan;	100,0;	90,33;	85,71;	76,97;	75,74;	75,1;	70,77;	70,65;	69,94;	69,46;	66,13;	62,09;	59,39;	57,11;	54,74;	54,43;	53,08;	50,71;	50,12;	49,48;	48,66;	46,41;	43,9;	43,74;	42,37;	41,77;	40,52;	40,49;	39,8;	39,17;	38,54;	37,8;	37,51;	37,02;	36,17;	35,01;	33,63;	33,47;	33,33;	32,86;	32,46;	31,38;	31,18;	30,74;	30,39;	29,65;	29,42;	28,73;	28,25;	27,52;	27,17;	26,87;	26,71;	26,2;	26,15;	25,42;	25,34;	24,62;	24,43;	24,32;	23,81;	23,81;	23,52;	23,17;	23,12;	22,7;	22,12;	21,93;	21,52;	21,08;	20,73;	20,63;	20,11;	19,66;	19,09;	18,88;	18,51;	18,02;	17,86;	17,57;	17,22;	17,2;	16,32;	16,3;	15,81;	15,6;	15,45;	14,81;	13,96;	13,51;	13,3;	12,81;	12,52;	12,33
23;	2;	7;	0,91;	nan;	nan;	100,0;	91,49;	87,67;	84,89;	78,2;	77,43;	72,49;	64,65;	60,94;	59,23;	58,34;	56,74;	56,27;	55,56;	54,3;	53,45;	53,28;	52,55;	52,4;	52,01;	51,92;	50,99;	48,54;	47,98;	46,24;	44,76;	41,68;	39,36;	38,61;	38,59;	37,57;	36,97;	34,84;	34,52;	34,26;	33,97;	32,98;	32,41;	31,31;	30,13;	29,11;	28,5;	27,47;	27,32;	26,67;	26,56;	26,24;	26,21;	25,92;	25,52;	25,25;	24,77;	24,23;	23,88;	23,57;	22,97;	22,94;	22,61;	22,3;	22,29;	22,06;	21,54;	20,88;	20,75;	20,13;	20,07;	19,77;	19,62;	19,61;	19,52;	19,39;	19,09;	19,0;	18,98;	18,62;	18,22;	17,98;	17,87;	17,69;	17,63;	17,56;	17,45;	17,39;	17,03;	16,79;	16,78;	16,52;	16,51;	16,41;	16,18;	15,92;	15,86;	15,8;	15,64;	15,61;	15,22;	15,15;	15,14;	15,04
24;	23;	7;	0,95;	nan;	nan;	nan;	nan;	nan;	nan;	nan;	nan;	nan;	nan;	nan;	nan;	nan;	nan;	nan;	nan;	nan;	nan;	nan;	nan;	nan;	nan;	nan;	100,0;	45,15;	37,07;	22,24;	20,31;	17,57;	16,43;	11,89;	10,64;	7,44;	5,85;	4,54;	3,98;	3,58;	2,86;	2,68;	1,43;	0,0;	0,0;	0,0;	0,0;	0,0;	0,0;	0,0;	0,0;	0,0;	0,0;	0,0;	0,0;	0,0;	0,0;	0,0;	0,0;	0,0;	0,0;	0,0;	0,0;	0,0;	0,0;	0,0;	0,0;	0,0;	0,0;	0,0;	0,0;	0,0;	0,0;	0,0;	0,0;	0,0;	0,0;	0,0;	0,0;	0,0;	0,0;	0,0;	0,0;	0,0;	0,0;	0,0;	0,0;	0,0;	0,0;	0,0;	0,0;	0,0;	0,0;	0,0;	0,0;	0,0;	0,0;	0,0;	0,0;	0,0;	0,0;	0,0;	0,0;	0,0
25;	-19;	7;	0,98;	27,06;	26,04;	25,38;	24,93;	22,28;	22,11;	21,61;	20,8;	20,41;	19,95;	19,58;	19,23;	18,38;	18,24;	18,01;	17,91;	17,66;	17,56;	17,52;	16,85;	16,31;	15,85;	15,35;	14,81;	14,22;	13,34;	12,96;	12,6;	12,14;	11,95;	11,69;	11,38;	11,0;	10,76;	10,38;	10,07;	9,49;	9,47;	8,77;	8,62;	7,84;	7,53;	7,26;	6,82;	6,36;	6,29;	5,96;	4,86;	4,31;	4,02;	3,75;	3,62;	3,39;	3,14;	2,96;	2,75;	2,62;	2,56;	2,42;	2,38;	1,93;	1,9;	1,85;	1,55;	1,29;	1,18;	1,06;	0,69;	0,32;	0;	0;	0;	0;	0;	0;	0;	0;	0;	0;	0;	0;	0;	0;	0;	0;	0;	0;	0;	0;	0;	0;	0;	0;	0;	0;	0;	0;	0;	0;	0;	0
26;	-4;	7;	0,91;	79,24;	75,3;	74,12;	73,87;	72,85;	71,91;	71,9;	70,51;	69,31;	67,26;	66,54;	65,23;	61,3;	59,81;	59,36;	57,86;	56,46;	56,09;	55,41;	55,15;	54,46;	54,05;	52,7;	52,64;	52,52;	52,44;	52,12;	51,44;	50,18;	49,87;	49,11;	48,33;	47,94;	47,23;	46,81;	45,96;	44,99;	44,93;	44,76;	44,6;	44,35;	44,1;	43,33;	42,73;	42,24;	41,95;	41,57;	41,09;	40,94;	40,06;	39,8;	39,46;	39,38;	39,36;	39,01;	38,7;	38,58;	38,24;	37,86;	37,68;	36,82;	36,2;	35,13;	34,99;	34,73;	34,19;	33,37;	33,02;	32,42;	32,31;	31,63;	31,52;	31,27;	31,18;	30,8;	30,46;	30,24;	29,49;	29,35;	29,08;	28,89;	28,77;	28,57;	28,2;	27,85;	27,27;	26,98;	26,76;	26,58;	26,42;	26,13;	26,02;	25,71;	25,59;	25,54;	25,45;	25,37;	25,37;	25,23;	25,08;	24,93
27;	17;	7;	1,08;	nan;	nan;	nan;	nan;	nan;	nan;	nan;	nan;	nan;	nan;	nan;	nan;	nan;	nan;	nan;	nan;	nan;	100,0;	95,05;	72,68;	66,3;	58,73;	57,53;	55,11;	53,27;	49,32;	49,17;	45,18;	43,46;	43,2;	42,74;	37,68;	34,34;	34,1;	30,98;	29,37;	29,37;	28,84;	28,04;	27,22;	26,5;	24,96;	24,46;	24,39;	22,05;	19,73;	19,72;	19,44;	19,23;	19,12;	18,64;	18,48;	17,25;	16,13;	15,69;	15,15;	14,48;	14,36;	14,33;	14,14;	13,61;	13,29;	12,99;	11,74;	10,44;	10,36;	10,29;	9,88;	9,71;	9,51;	9,29;	9,19;	8,13;	7,73;	7,06;	6,94;	6,76;	6,39;	6,21;	5,98;	5,9;	5,86;	5,12;	4,68;	4,13;	3,87;	3,73;	3,5;	2,67;	2,27;	1,79;	1,54;	1,29;	1,12;	0,79;	0,56;	0,28;	0,1;	0,0;	0,0;	0,0
28;	20;	7;	1,22;	nan;	nan;	nan;	nan;	nan;	nan;	nan;	nan;	nan;	nan;	nan;	nan;	nan;	nan;	nan;	nan;	nan;	nan;	nan;	nan;	100,0;	46,87;	29,13;	22,27;	17,63;	5,83;	0,0;	0,0;	0,0;	0,0;	0,0;	0,0;	0,0;	0,0;	0,0;	0,0;	0,0;	0,0;	0,0;	0,0;	0,0;	0,0;	0,0;	0,0;	0,0;	0,0;	0,0;	0,0;	0,0;	0,0;	0,0;	0,0;	0,0;	0,0;	0,0;	0,0;	0,0;	0,0;	0,0;	0,0;	0,0;	0,0;	0,0;	0,0;	0,0;	0,0;	0,0;	0,0;	0,0;	0,0;	0,0;	0,0;	0,0;	0,0;	0,0;	0,0;	0,0;	0,0;	0,0;	0,0;	0,0;	0,0;	0,0;	0,0;	0,0;	0,0;	0,0;	0,0;	0,0;	0,0;	0,0;	0,0;	0,0;	0,0;	0,0;	0,0;	0,0;	0,0;	0,0;	0,0;	0,0
29;	11;	7;	0,96;	nan;	nan;	nan;	nan;	nan;	nan;	nan;	nan;	nan;	nan;	nan;	100,0;	97,4;	93,79;	92,72;	90,02;	88,12;	84,97;	75,47;	72,55;	68,61;	66,34;	64,42;	63,08;	59,78;	58,54;	57,13;	56,05;	55,93;	55,69;	54,44;	53,07;	52,22;	51,9;	51,37;	50,6;	47,26;	46,4;	45,01;	43,76;	43,07;	42,62;	42,16;	41,04;	39,45;	38,67;	37,91;	37,9;	36,99;	36,28;	35,71;	35,51;	35,35;	35,24;	34,49;	34,49;	34,22;	33,14;	32,55;	32,3;	31,63;	31,31;	31,1;	30,86;	30,22;	29,41;	29,22;	28,74;	28,5;	28,1;	27,63;	27,03;	26,15;	26,11;	25,59;	24,97;	24,3;	23,96;	23,71;	23,5;	22,97;	22,87;	22,38;	22,26;	21,9;	21,88;	21,63;	21,44;	21,29;	21,25;	21,21;	21,2;	21,07;	20,72;	20,33;	20,31;	20,27;	20,11;	19,66;	19,45;	19,29
30;	1;	7;	0,99;	nan;	100,0;	54,03;	47,89;	46,05;	39,97;	36,52;	31,08;	30,91;	30,41;	29,68;	28,11;	26,32;	25,84;	25,81;	24,18;	23,78;	23,05;	21,24;	21,12;	20,34;	19,59;	17,97;	17,56;	16,71;	16,63;	14,88;	14,28;	12,65;	11,88;	10,2;	10,12;	9,41;	9,22;	9,17;	9,13;	8,49;	7,7;	6,25;	5,33;	4,88;	4,34;	4,27;	3,41;	3,24;	2,8;	2,44;	1,48;	0,17;	0,0;	0,0;	0,0;	0,0;	0,0;	0,0;	0,0;	0,0;	0,0;	0,0;	0,0;	0,0;	0,0;	0,0;	0,0;	0,0;	0,0;	0,0;	0,0;	0,0;	0,0;	0,0;	0,0;	0,0;	0,0;	0,0;	0,0;	0,0;	0,0;	0,0;	0,0;	0,0;	0,0;	0,0;	0,0;	0,0;	0,0;	0,0;	0,0;	0,0;	0,0;	0,0;	0,0;	0,0;	0,0;	0,0;	0,0;	0,0;	0,0;	0,0;	0,0;	0,0
31;	-3;	7;	1,15;	60,57;	54,94;	45,21;	39,88;	31,4;	26,01;	25,22;	24,39;	21,93;	21,17;	13,88;	11,86;	11,84;	10,65;	10,59;	9,05;	8,12;	6,81;	2,88;	2,63;	0,01;	0;	0;	0;	0;	0;	0;	0;	0;	0;	0;	0;	0;	0;	0;	0;	0;	0;	0;	0;	0;	0;	0;	0;	0;	0;	0;	0;	0;	0;	0;	0;	0;	0;	0;	0;	0;	0;	0;	0;	0;	0;	0;	0;	0;	0;	0;	0;	0;	0;	0;	0;	0;	0;	0;	0;	0;	0;	0;	0;	0;	0;	0;	0;	0;	0;	0;	0;	0;	0;	0;	0;	0;	0;	0;	0;	0;	0;	0;	0;	0
32;	20;	7;	0,85;	nan;	nan;	nan;	nan;	nan;	nan;	nan;	nan;	nan;	nan;	nan;	nan;	nan;	nan;	nan;	nan;	nan;	nan;	nan;	nan;	100,0;	96,28;	86,52;	77,65;	73,5;	69,3;	63,12;	60,61;	60,48;	57,14;	55,11;	49,75;	49,35;	48,32;	47,05;	45,47;	44,89;	44,73;	44,25;	42,74;	42,41;	42,06;	38,87;	37,92;	37,61;	36,9;	36,46;	35,96;	35,35;	34,85;	34,73;	34,67;	34,15;	33,87;	33,51;	33,15;	32,58;	31,28;	30,64;	29,91;	29,32;	28,32;	28,2;	27,82;	27,55;	26,83;	26,72;	26,37;	25,51;	25,37;	24,43;	24,38;	23,9;	23,86;	23,61;	23,02;	22,92;	22,88;	22,85;	22,66;	22,03;	21,94;	21,75;	21,37;	21,04;	20,83;	20,3;	19,97;	19,52;	19,32;	18,95;	18,42;	18,09;	17,74;	17,72;	17,62;	17,46;	16,72;	16,39;	16,36;	15,53
33;	-7;	7;	1,09;	64,1;	60,77;	56,2;	51,07;	50,77;	47,21;	43,9;	43,58;	42,91;	42,53;	40,09;	37,77;	36,84;	33,09;	32,77;	31,9;	31,54;	31,38;	30,61;	30,29;	30,14;	28,72;	28,35;	27,48;	27,15;	25,4;	25,33;	24,09;	23,63;	23,06;	22,01;	20,74;	20,0;	18,65;	17,82;	17,62;	17,44;	16,66;	16,55;	15,54;	15,27;	14,43;	13,25;	11,96;	11,88;	11,58;	10,9;	10,53;	9,87;	9,41;	8,47;	8,15;	7,44;	7,19;	6,71;	6,59;	6,42;	5,68;	5,54;	5,13;	4,72;	4,15;	3,41;	3,2;	3,11;	2,99;	2,94;	2,76;	2,33;	2,03;	2,02;	1,53;	1,46;	1,13;	1,0;	0,38;	0,23;	0;	0;	0;	0;	0;	0;	0;	0;	0;	0;	0;	0;	0;	0;	0;	0;	0;	0;	0;	0;	0;	0;	0;	0
34;	-3;	7;	1,01;	68,23;	62,58;	57,92;	55,26;	55,25;	50,72;	47,33;	45,95;	45,2;	42,64;	41,32;	39,49;	38,96;	36,28;	35,41;	34,13;	32,6;	31,79;	30,49;	28,22;	26,87;	26,7;	26,35;	24,95;	24,05;	23,91;	22,72;	22,23;	21,62;	21,58;	20,38;	20,26;	18,6;	18,28;	17,88;	17,04;	16,9;	16,47;	15,99;	15,52;	15,27;	14,62;	14,34;	13,3;	12,83;	12,3;	12,23;	12,09;	11,56;	10,79;	10,39;	9,64;	9,45;	9,28;	8,79;	8,53;	8,29;	7,39;	6,66;	6,04;	5,52;	5,21;	4,32;	4,13;	3,09;	2,85;	2,62;	2,53;	2,33;	2,05;	1,97;	1,72;	0,64;	0,29;	0,24;	0,07;	0;	0;	0;	0;	0;	0;	0;	0;	0;	0;	0;	0;	0;	0;	0;	0;	0;	0;	0;	0;	0;	0;	0;	0;	0
35;	6;	7;	1,02;	nan;	nan;	nan;	nan;	nan;	nan;	100,0;	90,44;	82,52;	67,54;	65,76;	62,82;	56,57;	52,34;	51,45;	46,81;	45,57;	42,11;	38,25;	37,04;	36,48;	35,74;	35,61;	35,29;	35,26;	34,2;	33,3;	33,16;	31,81;	30,92;	29,99;	28,05;	25,99;	24,95;	24,05;	23,72;	23,14;	23,02;	22,36;	21,03;	20,67;	20,45;	20,07;	19,69;	18,09;	17,05;	16,51;	16,14;	15,95;	15,42;	14,94;	13,42;	13,05;	12,71;	12,59;	11,92;	11,58;	10,54;	10,25;	9,99;	9,91;	9,77;	9,32;	9,13;	9,11;	8,63;	8,32;	7,59;	6,86;	6,59;	6,56;	6,38;	6,26;	5,77;	5,44;	4,82;	4,61;	4,57;	4,19;	3,77;	3,4;	3,3;	2,91;	2,41;	2,35;	1,88;	1,84;	1,46;	1,39;	1,39;	1,36;	1,16;	0,41;	0,22;	0,0;	0,0;	0,0;	0,0;	0,0;	0,0;	0,0
36;	-5;	7;	1,16;	49,92;	48,26;	43,75;	42,76;	40,06;	33,91;	32,49;	31,56;	28,93;	27,78;	27,72;	25,58;	24,24;	21,66;	19,52;	18,04;	17,86;	16,82;	15,04;	13,82;	11,38;	10,44;	8,84;	8,68;	8,59;	8,34;	7,81;	6,37;	6,37;	6,28;	5,67;	5,05;	4,59;	4,09;	3,9;	3,3;	3,23;	1,84;	1,82;	1,45;	1,18;	0,1;	0;	0;	0;	0;	0;	0;	0;	0;	0;	0;	0;	0;	0;	0;	0;	0;	0;	0;	0;	0;	0;	0;	0;	0;	0;	0;	0;	0;	0;	0;	0;	0;	0;	0;	0;	0;	0;	0;	0;	0;	0;	0;	0;	0;	0;	0;	0;	0;	0;	0;	0;	0;	0;	0;	0;	0;	0;	0;	0
37;	-6;	7;	1,18;	20,19;	18,24;	16,9;	8,47;	8,1;	2,3;	1,95;	0;	0;	0;	0;	0;	0;	0;	0;	0;	0;	0;	0;	0;	0;	0;	0;	0;	0;	0;	0;	0;	0;	0;	0;	0;	0;	0;	0;	0;	0;	0;	0;	0;	0;	0;	0;	0;	0;	0;	0;	0;	0;	0;	0;	0;	0;	0;	0;	0;	0;	0;	0;	0;	0;	0;	0;	0;	0;	0;	0;	0;	0;	0;	0;	0;	0;	0;	0;	0;	0;	0;	0;	0;	0;	0;	0;	0;	0;	0;	0;	0;	0;	0;	0;	0;	0;	0;	0;	0;	0;	0;	0;	0;	0
38;	-14;	7;	0,98;	35,58;	34,32;	32,63;	31,51;	29,8;	28,63;	27,57;	27,27;	26,87;	26,17;	25,68;	25,54;	24,27;	24,2;	23,34;	22,69;	22,62;	21,17;	20,66;	19,54;	18,79;	18,56;	17,68;	17,65;	16,6;	15,57;	14,64;	14,13;	13,52;	13,33;	13,17;	12,75;	12,66;	11,82;	11,31;	11,05;	10,58;	10,24;	10,07;	9,55;	9,13;	8,44;	8,33;	8,0;	7,7;	7,25;	6,25;	5,28;	5,22;	4,9;	4,31;	3,94;	3,86;	3,34;	3,05;	2,88;	2,71;	2,29;	1,7;	1,45;	1,15;	0,98;	0,37;	0;	0;	0;	0;	0;	0;	0;	0;	0;	0;	0;	0;	0;	0;	0;	0;	0;	0;	0;	0;	0;	0;	0;	0;	0;	0;	0;	0;	0;	0;	0;	0;	0;	0;	0;	0;	0;	0
39;	-2;	7;	0,88;	71,89;	67,76;	64,1;	62,38;	55,9;	54,3;	52,43;	50,68;	49,29;	46,64;	44,44;	42,06;	41,93;	41,92;	41,83;	39,69;	38,17;	35,89;	35,37;	34,48;	34,13;	34,06;	33,32;	33,29;	33,03;	31,74;	31,25;	31,02;	30,98;	29,22;	28,48;	28,29;	27,49;	26,98;	26,8;	26,43;	25,94;	25,5;	25,05;	24,16;	24,04;	23,86;	23,69;	23,36;	23,14;	23,01;	22,86;	21,79;	21,41;	21,19;	20,37;	19,96;	19,48;	19,1;	18,6;	17,98;	17,91;	17,16;	17,07;	16,84;	16,47;	16,46;	15,84;	15,67;	15,66;	15,53;	15,37;	14,9;	14,63;	14,13;	13,87;	13,64;	13,35;	12,57;	12,27;	12,27;	12,06;	11,84;	11,79;	11,65;	11,53;	11,52;	11,07;	10,78;	10,64;	10,52;	10,2;	10,08;	9,86;	9,59;	9,17;	8,79;	8,57;	8,26;	8,15;	8,15;	8,02;	7,94;	7,86;	7,52;	7,37
40;	-7;	7;	1,05;	65,09;	64,21;	63,67;	58,78;	58,38;	55,64;	54,38;	53,32;	49,95;	47,36;	42,66;	41,65;	40,08;	37,92;	36,72;	35,62;	34,93;	33,28;	30,75;	30,66;	29,7;	29,18;	28,57;	28,09;	27,93;	27,9;	27,62;	26,68;	25,93;	25,47;	25,46;	24,97;	24,19;	23,99;	23,82;	23,79;	23,55;	22,92;	22,29;	22,18;	21,85;	20,77;	19,31;	18,73;	18,46;	17,3;	17,07;	16,61;	16,47;	15,88;	15,23;	14,85;	14,56;	14,32;	14,19;	13,54;	13,37;	13,03;	12,94;	12,26;	12,22;	11,78;	11,35;	11,23;	10,43;	10,26;	9,66;	9,33;	9,11;	8,64;	8,24;	7,87;	7,7;	7,42;	7,22;	7,19;	7,18;	6,58;	6,49;	6,36;	5,96;	5,67;	5,19;	4,79;	4,77;	4,77;	4,44;	4,23;	4,19;	4,11;	3,98;	3,66;	3,37;	3,17;	3,07;	2,69;	2,53;	2,21;	2,2;	2,0;	1,95
41;	-5;	7;	1,03;	54,17;	52,04;	51,85;	51,8;	46,02;	45,47;	44,6;	42,03;	41,09;	40,72;	39,1;	37,13;	36,52;	35,08;	33,9;	32,37;	32,33;	31,81;	31,76;	30,37;	28,84;	27,9;	26,44;	25,73;	25,32;	25,09;	24,08;	23,16;	22,46;	22,31;	21,65;	20,22;	18,6;	18,58;	17,39;	15,82;	14,65;	14,1;	13,94;	13,66;	12,66;	12,16;	12,12;	11,81;	11,54;	11,21;	10,14;	10,12;	9,42;	9,41;	8,5;	8,36;	8,11;	7,05;	6,56;	6,32;	6,21;	5,86;	5,65;	4,85;	4,2;	4,13;	3,94;	3,76;	3,74;	3,41;	3,05;	2,85;	2,77;	1,73;	1,47;	1,12;	0,89;	0,88;	0,53;	0,48;	0,4;	0;	0;	0;	0;	0;	0;	0;	0;	0;	0;	0;	0;	0;	0;	0;	0;	0;	0;	0;	0;	0;	0;	0;	0
42;	-2;	7;	0,91;	86,54;	81,78;	81,24;	74,56;	74,15;	72,37;	71,28;	69,11;	68,13;	63,38;	62,43;	61,21;	58,64;	58,03;	56,95;	55,23;	54,86;	54,52;	53,3;	52,48;	51,97;	51,64;	50,58;	49,93;	49,5;	49,15;	48,78;	48,06;	47,82;	47,33;	46,55;	46,49;	46,12;	44,9;	44,81;	44,12;	43,91;	42,98;	42,12;	42,01;	41,57;	40,14;	39,55;	39,0;	38,65;	38,22;	37,98;	37,9;	37,77;	37,63;	37,44;	37,08;	36,87;	36,75;	36,51;	36,04;	35,62;	35,52;	35,17;	34,96;	33,7;	33,57;	33,46;	33,29;	32,74;	32,64;	32,6;	31,9;	31,78;	31,58;	31,3;	31,21;	30,39;	30,01;	29,67;	29,47;	29,32;	29,17;	29,15;	28,98;	28,94;	28,7;	28,47;	28,11;	27,57;	26,95;	26,79;	26,47;	26,13;	25,64;	25,6;	25,31;	25,11;	24,81;	24,75;	24,24;	23,99;	23,73;	23,58;	23,23;	23,01
43;	-1;	7;	1,11;	72,54;	66,8;	56,81;	49,09;	47,52;	46,92;	46,65;	40,56;	35,24;	33,22;	32,63;	31,9;	31,37;	29,31;	27,58;	25,94;	25,03;	22,85;	21,39;	21,22;	20,37;	20,31;	19,27;	18,53;	18,49;	18,07;	16,65;	15,94;	15,38;	13,37;	11,97;	11,89;	11,24;	9,78;	9,08;	8,72;	8,43;	7,62;	7,38;	6,82;	5,52;	4,52;	4,41;	4,27;	3,04;	2,5;	2,08;	1,67;	0,75;	0;	0;	0;	0;	0;	0;	0;	0;	0;	0;	0;	0;	0;	0;	0;	0;	0;	0;	0;	0;	0;	0;	0;	0;	0;	0;	0;	0;	0;	0;	0;	0;	0;	0;	0;	0;	0;	0;	0;	0;	0;	0;	0;	0;	0;	0;	0;	0;	0;	0;	0;	0
44;	-21;	7;	0,98;	20,82;	18,99;	16,86;	16,23;	15,16;	15,01;	13,56;	12,15;	11,56;	10,23;	10,12;	10,06;	9,72;	8,91;	8,44;	8,33;	8,24;	7,77;	7,67;	7,37;	7,03;	6,99;	6,36;	4,87;	4,52;	4,42;	3,56;	3,07;	2,77;	2,28;	1,48;	1,21;	0,74;	0,48;	0;	0;	0;	0;	0;	0;	0;	0;	0;	0;	0;	0;	0;	0;	0;	0;	0;	0;	0;	0;	0;	0;	0;	0;	0;	0;	0;	0;	0;	0;	0;	0;	0;	0;	0;	0;	0;	0;	0;	0;	0;	0;	0;	0;	0;	0;	0;	0;	0;	0;	0;	0;	0;	0;	0;	0;	0;	0;	0;	0;	0;	0;	0;	0;	0;	0;	0
45;	11;	7;	1,12;	nan;	nan;	nan;	nan;	nan;	nan;	nan;	nan;	nan;	nan;	nan;	100,0;	26,56;	18,46;	16,69;	6,13;	0,0;	0,0;	0,0;	0,0;	0,0;	0,0;	0,0;	0,0;	0,0;	0,0;	0,0;	0,0;	0,0;	0,0;	0,0;	0,0;	0,0;	0,0;	0,0;	0,0;	0,0;	0,0;	0,0;	0,0;	0,0;	0,0;	0,0;	0,0;	0,0;	0,0;	0,0;	0,0;	0,0;	0,0;	0,0;	0,0;	0,0;	0,0;	0,0;	0,0;	0,0;	0,0;	0,0;	0,0;	0,0;	0,0;	0,0;	0,0;	0,0;	0,0;	0,0;	0,0;	0,0;	0,0;	0,0;	0,0;	0,0;	0,0;	0,0;	0,0;	0,0;	0,0;	0,0;	0,0;	0,0;	0,0;	0,0;	0,0;	0,0;	0,0;	0,0;	0,0;	0,0;	0,0;	0,0;	0,0;	0,0;	0,0;	0,0;	0,0;	0,0;	0,0;	0,0;	0,0;	0,0
46;	17;	7;	1,04;	nan;	nan;	nan;	nan;	nan;	nan;	nan;	nan;	nan;	nan;	nan;	nan;	nan;	nan;	nan;	nan;	nan;	100,0;	41,67;	15,55;	9,75;	6,65;	1,62;	0,0;	0,0;	0,0;	0,0;	0,0;	0,0;	0,0;	0,0;	0,0;	0,0;	0,0;	0,0;	0,0;	0,0;	0,0;	0,0;	0,0;	0,0;	0,0;	0,0;	0,0;	0,0;	0,0;	0,0;	0,0;	0,0;	0,0;	0,0;	0,0;	0,0;	0,0;	0,0;	0,0;	0,0;	0,0;	0,0;	0,0;	0,0;	0,0;	0,0;	0,0;	0,0;	0,0;	0,0;	0,0;	0,0;	0,0;	0,0;	0,0;	0,0;	0,0;	0,0;	0,0;	0,0;	0,0;	0,0;	0,0;	0,0;	0,0;	0,0;	0,0;	0,0;	0,0;	0,0;	0,0;	0,0;	0,0;	0,0;	0,0;	0,0;	0,0;	0,0;	0,0;	0,0;	0,0;	0,0;	0,0;	0,0
47;	-11;	7;	1,03;	26,44;	23,97;	19,45;	18,15;	17,24;	12,7;	9,98;	9,6;	7,9;	6,44;	6,0;	4,05;	3,9;	2,84;	2,4;	2,07;	1,54;	0,26;	0;	0;	0;	0;	0;	0;	0;	0;	0;	0;	0;	0;	0;	0;	0;	0;	0;	0;	0;	0;	0;	0;	0;	0;	0;	0;	0;	0;	0;	0;	0;	0;	0;	0;	0;	0;	0;	0;	0;	0;	0;	0;	0;	0;	0;	0;	0;	0;	0;	0;	0;	0;	0;	0;	0;	0;	0;	0;	0;	0;	0;	0;	0;	0;	0;	0;	0;	0;	0;	0;	0;	0;	0;	0;	0;	0;	0;	0;	0;	0;	0;	0;	0
48;	-3;	7;	1,08;	48,67;	48,56;	47,85;	46,55;	44,49;	41,79;	41,62;	39,53;	36,37;	35,44;	29,7;	28,38;	26,97;	25,11;	21,6;	21,53;	19,16;	17,41;	14,85;	13,81;	13,53;	13,39;	11,53;	11,28;	11,12;	9,81;	9,5;	9,29;	8,43;	6,85;	6,83;	6,04;	5,26;	3,33;	1,62;	0,29;	0,13;	0;	0;	0;	0;	0;	0;	0;	0;	0;	0;	0;	0;	0;	0;	0;	0;	0;	0;	0;	0;	0;	0;	0;	0;	0;	0;	0;	0;	0;	0;	0;	0;	0;	0;	0;	0;	0;	0;	0;	0;	0;	0;	0;	0;	0;	0;	0;	0;	0;	0;	0;	0;	0;	0;	0;	0;	0;	0;	0;	0;	0;	0;	0;	0
49;	10;	7;	1,18;	nan;	nan;	nan;	nan;	nan;	nan;	nan;	nan;	nan;	nan;	100,0;	73,24;	26,56;	21,49;	16,03;	5,01;	4,87;	4,6;	0,83;	0,63;	0,0;	0,0;	0,0;	0,0;	0,0;	0,0;	0,0;	0,0;	0,0;	0,0;	0,0;	0,0;	0,0;	0,0;	0,0;	0,0;	0,0;	0,0;	0,0;	0,0;	0,0;	0,0;	0,0;	0,0;	0,0;	0,0;	0,0;	0,0;	0,0;	0,0;	0,0;	0,0;	0,0;	0,0;	0,0;	0,0;	0,0;	0,0;	0,0;	0,0;	0,0;	0,0;	0,0;	0,0;	0,0;	0,0;	0,0;	0,0;	0,0;	0,0;	0,0;	0,0;	0,0;	0,0;	0,0;	0,0;	0,0;	0,0;	0,0;	0,0;	0,0;	0,0;	0,0;	0,0;	0,0;	0,0;	0,0;	0,0;	0,0;	0,0;	0,0;	0,0;	0,0;	0,0;	0,0;	0,0;	0,0;	0,0;	0,0;	0,0;	0,0
